157 668 157 149
350 681 352
351 734 156 157 851
149 347 347 157
814 262 122 130
179 214
257 568 257
214 180 262 278 345
284 681 178
231 342 231
149 656 344 656 122
511 651 118 651 511
156 907 903 262
191 824 191 284
191 352 351 167 149
278 377 130
284 621 278
262 656 122 656
191 839
402 349 402 402
681 123 180
231 342 351
278 83 191 645 231
851 681 352
681 345 262
349 6 157 191 350
824 191 907
349 349
342 284 157
180 17 146 533 350
149 440 149
511 541 511 342
350 345 346 346 191
231 656 377 839 191
156 122 349
621 284 734 284
277 206 231 344
621 781 621 342 907
231 231 196 231 180
621 377 352 191
621 149 180 179 342
122 656 231 122 156
148 262 402 349 342
343 231 284
344 180 352 347 179
349 349 402
157 104 321 250 351
344 157 342
231 191 907 180
402 262 179 262
284 160 342 178
824 191 344
681 347 157
180 214 346
907 903 262 344
342 181 166 420 191
191 214 351 167 149
350 350 861 350 178
157 320 321 179
681 350 861 350 157
824 191 903
350 204 167 342
350 861 350
178 575 178 157
907 262 814 347
342 346 345
344 180 346 352
149 349 149 347 180
191 262 656 122
191 179 284
231 344 231 257
157 350 377 344
180 342 350 681
402 402 402 148
352 789 168 284
345 191 349 149 191
871 231 730 231 214
148 468 180
180 178 575 149
342 203 351
656 122 342
342 257 180 350 180
347 681 350 180
277 191 148 179
157 380 656 262
350 191 351
851 851 851 377 278
180 615 180 345
214 351 129 270 278
350 178 344 156
349 349 907 349
681 345 214 342
681 345 343
191 342
351 122 180 851 342
851 907 262
148 280 199 820 180
149 191 348 349 907
156 734 351 350
851 350 342
351 352
346 191 284
278 681 180 344
231 176 214
347 262 342 352 157
262 278 789 352
157 396 157 734 157
178 342 257
351 214 157 385 157
149 347 179 349
130 568 121 345
351 180
262 903 262 814 262
191 277 180 346
681 284 191 346
214 179 191
179 122 130
180 128 278
284 621 130
621 11 498 61 179
180 342 294 342
342 278 157
257 231 277 214 342
157 344 814
191 344 157
681 681 352 191
344 191 682
284 180 350 178 350
231 122 347
278 270 493 180 681
342 107 282 196 231
231 292 14 284
149 191 346 157
351 179 231 342
352 656
191 907 342
191 150 122
342 348 342 262
178 381 320 179
350 851 157 346 180
156 179 741 377 851
907 936 129 278
278 343 343 343
179 149 179
656 262 345 351
907 179 214
347 307 347
122 231 191 191
342 348 342
122 167 284
178 191 284
130 157 278
350 191 191
621 377 851
681 180 347 157
231 60 181 342
148 179 156 166 351
907 262 347 278
343 231 343
349 5 450 214
178 656 344 156
907 377 347 681
342 346 5 351
907 377 383 157
681 191 352 180
262 349 320 179 345
347 231 122
180 191 851 575
511 191 350
156 342 377 157
342 284 342 122
857 191 179
277 284 206 231
349 344 656 231
348 191 851 157
191 179 349
349 644 349 402
157 278 284
191 345 345
907 907 936 204 350
180 262 148
180 351 191
342 219 342
156 191 179 180 156
122 349 179 179
350 191 681
180 148 344
130 342 393 180 191
262 262 511
351 575 342
343 681 178 178
278 157 156
262 814 347 191
191 283 380 539 178
149 191 903
122 180 851
262 180 157
349 179 231
180 149 206 346
149 349 156 179
156 645 156 179
350 851 575
345 278 789 352
122 347 149
277 377 149
278 257
231 351 180
814 262 347 352
278 377 149
214 352 191
871 231 278 180
231 344 656 377 148
344 149 180 342 346
351 575 351
231 178 350 681 180
191 178 191 180
231 168 203 121 278
278 343 214 278 231
178 681 342 277 191
342 284 278
262 342 381 344 157
345 214 157 179
148 402 133 402
344 262 344 191 149
191 857 191 149
350 180 191
350 851 214 346 214
851 180 907
180 344 344 344
348 349 191
179 349 122
343 214 352
157 489 105 347
342 343 191 350
342 345 681 278
349 5 191
345 179 231
351 180 231
278 351 179 349 342
157 489 82 278 278
148 179 397 122
231 196 167 122
347 179 349
278 231 214
149 148 262
180 179 122 179
348 349 149 278
278 160 381 377 130
284 180 343
191 824 191 352
148 349 344 262 903
284 296 167 575
156 122 231 167 284
681 342 277 214
681 342 277 191 682
345 345 350 180
156 349 180
345 346 352
149 344 149 656 344
343 128 362 65 130
347 157 396 377 284
814 344 814
350 178
351 345 130 277
157 351 179 148
349 149 148 349 342
351 350 180
180 342 351
231 280 277 289
179 907 349 348 342
343 350 342
347 180 907
350 191 130
344 177 178 575
814 347 191 851
342 103 157 343
343 191
178 345 262 179 191
180 468 258 347
156 734 156 345
352 851
262 278 345
351 346 345
656 177 312 301 511
351 342 345 345
346 180 345
149 621 130 122
156 349 349 907 262
342 178 178 681
231 344 381 180
345 191 277
191 348 342 278
656 352 191
157 301 278 377 351
345 178 177 214
289 180 348 349
350 343 157
157 668 157 179 156
278 130 345
157 180 277
346 168 542 291 257
342 130 180 350
351 157 179
814 347
681 284 284 284
681 214 191
349 179 342 348
214 851
157 381 391 182 351
907 191 350
350 352 352
656 122 347 149 148
122 231 656 122
344 149 206 352
346 351 350 352 157
157 344 149 278 257
157 130
157 347 352 347
277 191
214 681 123 180
345 346 351
344 262 656
156 320 156
284 749 284 191
575 231 191 343 231
180 289 482 14 130
692 130 936 907 342
214 214 346
157 130 14 289
346 351 352
180 214 345
692 130 345
278 214 21 346
191 231 277 191
157 489 434 231
180 681 682
342 907 262 122
257 278 214
180 851 352
344 191 180
351 179 148 179
148 349 402 148 191
349 344 262
575 851 352 350
342 157 231
191 179
907 191 345
122 342 681
351 94 342
178 345 178
149 278 180
352 191 191
130 345 681 178 191
342 511 541 511 342
157 157 350
257 231 278 179
180 343 345 179 907
180 284 621
402 349 156 344
348 342 907 349
903 191 278 231
179 296 277
857 191 347
346 128 79 13 346
352 351 483 352 345
156 342 191 191 344
157 668 157 179
621 518 621
284 157 851
214 681 681 342
157 231 575 851
343 180 157
191 907 262 349
191 179 262
857 191 149 277
157 391 971 232 178
903 262 179 156
180 344
342 122 191
656 178 344 149
180 851 851 350
178 381 149
130 257 284 180 130
179 394 103 342
349 348 342 681
903 191 156
157 851 681 180 907
814 262 262
179 214 206 231 180
157 346 157
180 262 907 191
656 262 907 903
352 214 284
278 149 277 621 149
180 907 191 349
681 180 277
179 869 179
156 344 177 178 575
179 351 278
347 681 851
343 342 231
191 13 352 346
231 53 231
351 214 346
402 349 149 656
284 377 402 148
180 257 377 851
231 343 180 681
156 645 645 645 191
157 719 296 342
681 345 179
214 178 381 320 179
851 483 352 214
257 180 907
851 342 149 349 156
178 214 343 180
857 191 346 157
277 296 342 156
180 347 191
350 350 342
262 347 352
349 122 342
907 156 342
231 191 231 347
342 262 907
156 157 851 907 907
347 122 168 122 130
157 345 156 349 179
351 351 518 621
342 181 351
122 122 180
351 203 179
178 629 178 342
284 342 179 284 342
157 681 178
346 294 526 231
342 342 907 156
148 180 346
350 822 350
345 342 376 869 179
179 156 645 156
284 734 351
231 231 871
231 656 149
149 277 214
262 656 178 214 851
180 343 278
903 262 345 191
149 656 352 178 575
191 262 349 347
345 180 352 347
257 401 130 692 231
278 681 191 214 345
345 350 939 350
346 214 342
345 178 656
344 156 157 681 345
348 191 346
157 214 284
345 278
277 191 157 668
231 343 343 350 178
179 345 178 351 180
814 344 178
157 377 376 342 575
130 122 179 181 179
130 388 387 380 656
231 537 178
277 277 206 231
231 621 284 179 122
262 345 681 284 157
284 168 231
284 191 824
157 149 148
191 122 122
284 107 730 301 278
278 342 350 350
149 656 352 178 352
180 344 191
231 180 178
157 128 278
122 349 347
130 277
157 384 157
191 344 656 352 352
342 157 851 214 178
157 179 349 191
179 349 349 180 262
122 468 342
262 347
350 157 668 157 149
178 345 178 351
156 122 231
851 191 903 262 349
351 161 351 284
511 346 157 342
343 191 349 349
156 344 231 289 231
346 129 95 64 349
347 278 342
284 160 278 284
130 82 681
346 191 278
231 280 351 278
352 352 157 179
122 179 122
130 345 350
681 178 345 352 346
156 191 277
342 284 621 781
179 122 656 231
402 262 814
681 352 851 342
621 284 511
231 289 425 289
191 157 388 130 130
278 343 191
178 231 351
148 344 262 262 907
231 692 130
289 231 344 349
180 342 191
289 180 214
277 167 277
191 191 352 347
278 214 157 345
262 402 148 179
871 231 343 231
191 156 645 191
262 179 907
656 344 344 191
231 180 851
178 342 191 907
351 191 277
278 128 179
257 342 257 130 351
257 180 191 347
284 167 284
824 191 349 907 179
907 191 348 191
149 191 351
681 178 681 681
851 851 907 907
130 568 425 130
122 656 231
130 284 214 345
345 343 157
262 191 907 903
180 178 180
345 352 347 352 350
903 262 349 156
262 377 656 231 343
352 342 349
342 172 231 871 231
344 177 344
656 344 814
157 6 157
278 262 180 907 903
278 280 168 284
511 284 278 621 130
907 349 179 179
180 351 363 278
231 179 214
278 179 148 280 231
814 347 180
351 5 207 191
345 351 284
344 344 344 656
402 148 191 346
191 262 262 656 344
621 781 621
289 14 419 351
346 351 122
122 231 191 179
191 839 191 681
851 907 377 839
180 820 342
907 349 348 342
907 191 231 214 284
681 343 214 214
231 344 148
851 851 575
351 122 191 191
681 278 347
284 191 231
346 157
277 342 621 284
156 344 349 347
343 345
857 160 621
262 344 149
149 149 206 575
214 178 350 191 511
122 179 122 179 349
214 352 352 352
907 851 180 149
180 348 342
284 342 393 283 351
277 621 231 871
350 320 381 149
130 157 180 277
179 351 342 149
214 351
349 156 122 351
352 377 179 351
352 214 178
231 343 681
231 351 157
180 179 191
352 191 681
814 344 656 231
178 351 179
156 191 682 681 214
157 537 106 278 130
262 191 262
621 284 214 851
257 180 352
122 262 262
346 351 284
179 148 148
781 621 284 191
814 344 149 206 352
179 378 157
231 289 231 575
156 345 278
278 681 342
668 157 385 157
191 214 681
343 191 682 681
130 191 349
284 203 231
352 681 352 851 342
681 352 851
814 347 179 394 179
149 6 0 148
349 179
349 348 180 346
262 376 182 351
347 181 179 376 262
157 392 157
231 347 191 348
682 681 352
157 346 346 352
214 342 468 122
350 681 342
814 347 61 157 149
178 575 178 342
122 122 179
349 156 157 368 157
903 262 191
262 349 13 352
180 347
903 907 903
851 681 180 347
342 349 348 349
262 191 130 278
511 346 5 191
122 179 347
157 734 351
681 343
179 342 122 191 511
352 352 656
122 122 180 278 157
346 511 191
343 231 656
179 351 352 201 352
191 284 342
352 851 851 575
345 342 149 179
851 681 352 681 343
122 656 231 157 344
262 179 381 380 178
157 179 741 741 179
257 231 351 342
214 179
349 349 320 350
348 180 346
511 301 307 347 231
351 122 656 344
343 42 21 214 231
352 157 321 349 149
156 180 351
157 347 278 342
402 148 191
352 180 851 191
157 719 296 342 214
350 191 682 681
851 907
148 179 150 148 180
179 61 347 278 284
621 180 342 160 262
262 907 156
352 350 191 342
350 851 214 346
344 656 262 345
349 148 468 180
343 214 278 284
180 344 156
343 345 346 346
349 344 191 511
351 157 149 344
349 347 814 344 656
349 179 148
277 180 191 352 351
907 191 345 178
178 157 376 179
178 350 939 350 178
349 402 133 346 191
178 345 278 180
149 191 851
343 180 681
157 345 346 191
347 149 149
122 180 907
903 262 344 231
231 656 122 262
262 180 277 231
907 191 349
347 681 682 681
342 376 342
180 433 70 180
149 284 231
284 203 284 130
343 350 180 257
851 157 668 157
342 346 345 681
344 344 349
278 347 191 122
180 621 130 278
575 149 621
257 231 656 149 621
231 277 289 231
712 255 712
907 851 851 851
348 342 122
352 191 348 342 342
149 377 262
903 191 907
231 278 191 156
350 861 350 343
262 347 157
344 176 178
180 130 351
214 160 345
180 122 123 180 907
191 346 157
180 348 180
342 214 178
347 191 907 349 148
278 257 450 420 149
180 262 907 377 148
347 179 157 231
814 52 781 621 130
345 191 178 214
277 130 130 936 350
191 156 734 284
157 61 347 347
349 348 349 907 851
180 493 342 122
681 352 191 156
191 528 644 349
345 130 191 350
402 148 149
351 351 214 83 180
231 351 278 621
352 342 511
179 394 179 179
180 257 377 851 157
180 644 644 349 191
149 149 179
278 345 342 262
851 191 351
692 130 284 191 191
231 277 214
122 191
343 278 681 682 681
656 178 231 178 157
191 824 191 839
178 178 681 178 350
681 284 191
156 122 351
157 130 342 122
681 284 277 214 284
681 347 352
157 231 575 851 575
191 191 343
178 537 52 781
180 172 346
191 231 277
345 130 342
347 681 157
350 178 345 180 257
214 345 191
839 377 344 814 262
277 277 289 180
342 206 342
180 122 262
214 180 262 278
345 178 350
179 156 191 511 342
871 231 167 277
214 345 157 343 345
511 191 343
824 191 511 191
257 284 278 214 178
344 231 157
130 278
351 178 231 289
346 820 343 191 343
342 342 851 350
656 178 352
277 149 284 179
179 133 402
851 907 191
342 13 352 191 178
157 284 681 191
342 122 130 351
278 278 284
180 262 191
907 903 907 191 343
231 351 130
180 351 122
156 342 351
348 191 824 191 191
656 262 347
346 820 343
231 342 351 157 344
345 345 352
277 149
191 156 157 157
351 191 857 166 180
179 280 179 214
191 345 346
231 231 871 231
231 214 284
191 511 682 191
345 180 257 278 343
130 345 180
352 851 851
347 681 180 348 349
907 349 148 191
179 214 301 262 231
156 342 342
342 284
346 342 351
231 871 231 692 130
681 681 347 814 262
345 262 345
681 191 344
214 851 352 214
157 344 156 191
157 345 179
179 376 179
178 344 814 262
130 180 278
350 180 257
180 178 178 232 178
656 262 342 262 262
191 214 851
231 191 350 352
345 681 178 191
851 214 342
149 149 347 191 262
342 348 342 284
180 122 130
349 344 656
352 342 575 377 284
349 262 907
180 262 278 345
656 178 681
180 343 343
231 426 231 344 148
156 157 320 349
214 681 350 157 342
231 344 231 257 278
903 907 851 483 178
178 214 352 352
191 148 402 349 179
257 401 621
345 681 284 231
851 350 157 383 157
180 344 157 342
231 191 839
621 518 621 781
180 681 352
157 347 352
180 284 180
231 284 149
191 156 345 278 214
351 352 345 191
350 191 824
344 381 344 344 156
345 82 345 343
347 262 402 349
191 344 191
284 342 352
814 344 156 157
681 284 284
349 349 342
157 342 342
345 191 903 262 344
122 262 345 681
278 278 548 278
342 199 121 130 180
511 262 345 180
157 250 84 180
130 692 231 178
278 681 682 681 342
278 231 575
284 342 349 156
342 294 346
656 149 148
342 262 656 344 344
257 544 133 402 148
347 191 348 191
349 402 148 191 346
156 734 284 214
148 401 148 344
262 191 149
350 851 851 214
148 349 347
157 483 345
342 621 130 284
180 231 351 231 347
191 149 277 180 231
342 851 214
157 284 681
343 345 351 180
681 5 337 511
130 157 156
681 347 191 262 907
346 342 172 231 871
350 350 939 350
130 122
180 345 352 214
284 149 656
352 352 342 575
191 130 180 277
149 344 349 348
157 350 178 342 257
122 342 681 214
231 214 352 352
122 60 214
575 231 347 191 348
157 178 180 277
130 284 277
262 349 907 907
511 511 284 277
231 575 231 347
180 348 349
179 179 342
156 645 156 157
907 179 148
348 349 149
349 148
351 342 349
342 776 95 351
351 130 692 231
122 347 352
178 180 122
278 621 180 149
148 149 621
157 345 343
157 320 349
352 180 381 381 179
180 257 284 191 277
348 191 824 191 851
180 907 191 278
402 377 392 157
149 575 851
351 419 226 228 342
130 180 348
284 277 180
156 344 156 645 191
656 231 797 342
178 344 156
180 284 351
214 352 157 351
214 178 180
350 342 342 278
178 656 178 681 191
191 278 157 343
278 347 122
352 345 350 351
157 344
511 342 179 347 191
149 191 343 180
178 191 349
214 301 284
621 278 180 851
350 180 289
907 907 851 350
284 681 284
351 178 344
157 345 160 296 342
157 345 343 157
262 907 349 148 180
351 320 351
231 871 231 342 149
257 543 401 257
178 157 179
349 344 262 903 262
130 351 342
511 262 191 839 191
180 350 533 401 257
349 149 191 839
262 122 231
157 489 105 346
351 95 60 122
348 191 157 347 347
284 681 347 262
191 903 907 342
179 214 343 180
351 284
402 211 214 179
511 64 191
682 191 156
656 231 262 160 284
231 180 621 130
350 352 342
907 342 681 342
179 61 388 157 157
214 157 179 156
349 122 180 907 342
681 681 681
344 231 351
278 681 214
903 191 346 346 191
180 352 347 179
257 377 122 179 284
156 645 191 903 262
345 681 178
130 345 180 149 621
668 157 388 179
656 344 381 177 231
122 349 148 148
178 413 172 342
149 277 191
344 149 655 149
351 377 167 203 231
191 191 682 681
278 722 278 347
352 347 231
149 342 511 342
231 262 345 262 511
289 425 130 692
352 347 231 692
262 903 191 207 343
349 156 345
179 179 157
656 262 122
345 214 191
122 349 156 342
851 214
262 191 262 814
157 350 851 851
191 149 148 349
349 148 191
349 342 257
344 344 180
156 349 349 342
348 180 381 177 344
178 191 284 278
214 278 284
122 262 907 180
262 814 347 352
278 191 839
191 130 342 278
214 278 262
342 681 343
231 206 776 130 122
344 148 180
278 130 351
681 352 347 681
351 167 149
342 180 352
262 345 681 284
157 343 278
180 352 656
231 167 231
180 345 352 347
179 342 139 342 178
656 352 851
350 533 342
345 179 284 681 191
149 191 851 681 157
148 349 191 345 345
907 851 907 262
191 511
284 257 130 191
262 656 149 621
284 277 130
851 350 345 278
682 681 681
284 284 191
344 349 349 349
344 148 344 262 262
344 344 176 656 231
345 214 343 157
180 381 181 181 347
180 381 394 103 122
350 822 350 191
681 350 681
621 149 180
656 122 262 349
347 262 231
214 351 167 149
656 262 656 262
781 537 178
824 191 351
347 191 907
345 681 350 352
851 605 851 907
148 262 262
148 401 289 277
352 346 191
342 277 621 180 342
179 122 349 156 349
278 365 179
347 231 692 231 262
352 65 294 214
621 231 871 231 342
191 681 347 278
180 347 181 231
257 167 284
130 621 277 277
907 180 277
346 345 681 345 130
179 148 349 179
343 214 214
352 483 61 177 178
347 179 191
342 214 231
656 231 191 907
262 345 157
347 180 180 148 149
179 121 179
511 682 511 342
351 157 149
191 148 344 149
191 349 262
814 347 814 344 180
346 820 749 284
156 344 814 262
342 94 350 343
262 148 180 346 352
157 347 278 681
345 483 345 191 191
824 191
346 351 178 681
231 262 160 284
262 377 839
350 345 342
343 681 851 157
344 148 468 224 148
278 377 381 180
149 157
157 851 681 352
871 231 231
191 824 191 851 191
289 277 621
214 214 60 214 346
903 262 903
191 262 656
191 907 349
262 347 122 168 122
352 345 121 601 180
692 130 342 191 349
907 903 907 342 180
342 393 121 191
231 191 179
402 349 149 656 178
178 381 60 179
349 180 351
851 681 180
148 349 179 191
349 156 321 232 231
156 734 284 231
345 681 352
342 351 122
342 346 157
346 157 342
350 377 156 907
180 434 180 347
857 191 344
345 350 94 350
179 231 344 349
346 342 342 907
262 122 122 191 345
352 351 345
851 180 350
284 342 122 349
157 178 180
178 656 352 345
156 907 851 191
231 656 352 342
191 348 180 351
857 191 681 347
344 157 345 345
180 128 179 191
345 350 345 346
157 382 157 377 402
178 178 575 232 156
178 345 179
257 180 172 181 346
257 543 401 712
349 342 103 122
345 178 178 157 191
191 352 347 349 347
214 191 511
191 857 191 347
191 528 6 426 621
180 343 231 692 130
231 157 278
349 348 349 907
346 351 350 352
130 692 130 345 178
191 824 191 149
148 349 191 344 180
575 149 656 231
347 258 559 258 402
342 156 122
257 544 133 402
156 907 907 851 180
157 668 157 347
214 294 377 839
343 350 939 350
903 907 349 191
343 180 345 352 851
851 191 907
262 122
351 364 351 352
681 278
231 440 94 351
342 95 342
191 682 681 342
350 157 181 347
231 351 352
157 214 593 776 342
180 191 149
351 350 345 214
352 180 343 231 692
157 250 351
148 344 349 262 180
157 397 296 342 346
350 320 283 351
257 231 122 191
284 191 682
681 681 342
350 861 350 351 345
180 148 349 191
179 971 277 277
180 621 781 621
907 156 191
851 214 681 682
692 130 278
681 214 191 122
191 149 160 130
179 351 345 351 346
122 130 284 351
179 231 351
214 851 342 907
122 130 377 157
907 851 851 191
402 377 352
349 348 349 349 907
349 122 179
575 149 347
352 656 149 277
178 575 149 157
814 262 148
575 178 344
824 191 191
681 345 157 681
156 342 191 191
179 262 160 180
907 349 156 122
347 814 262
191 342 172 180 231
122 123 122 122
122 347 179 278
342 294 342 483 851
130 342 203 342
347 347 352
157 343 345 346 345
347 681 214
277 621 231
851 214 231 284
351 342 345 191 824
179 179 156 645 156
681 343 345 351
277 180 149
180 349 348 191 347
180 381 156
656 352 178 575 231
352 352 191
180 284 149
180 351 157
179 376 262
347 349 349 349
180 105 203 284
231 797 797 342 191
180 342 122
157 155 181 347
342 381 149 284 191
621 342 575
284 257 180
157 350 377 350
347 262 148 402
344 191 903
157 346 105 351
342 107 343 157
903 907 936 130 351
348 349 122
278 908 776 130
402 377 294 203 179
262 180 342
278 270 611 168 231
348 180 351 346
824 191 178
347 681 214 377 351
179 122 342 348 342
191 349 148 262
682 191 824 191 231
344 180 344 191
348 191 349
343 180 178 178
351 284 936 284
343 107 343 342 130
231 289 277 231 257
262 179 157 296 277
656 149 621 231
350 343 350 343
278 214 351 278
344 262 278
511 511 682 681
824 191 284 681
122 656 149 277
349 149 656 352 178
130 160 468 342 621
231 871 231 262 511
284 278 722 278
349 344 814
345 681 157 668
342 450 377 157
262 262 262 347
351 352 346
351 130 692
179 351 345
511 191 824
343 191 148
851 180 342
180 907 349
191 278 179
262 347 347
344 156 157 377 130
277 214
191 851 191
262 342 346 342
157 149 179
180 810 180
191 365 377 350 351
351 350 352 157
347 262 402
345 214 851
149 150 61 377 575
157 352 351 231
511 651 420 351
347 262 511
180 346 13 130
342 130
839 191 231 871
907 262 907
231 129 342
157 191 857
149 180 349
352 851 605 851
156 645 191 681
656 262 907 342
349 191 231 656
347 352 157 344
231 289 180 347
681 342 450 377 157
284 621
231 191 178
262 148 180 214
278 149 167 130
122 122 191 345 345
157 320 179
907 179 296 157
781 621 130 257
851 852 851 180
903 191 344
345 180 149
262 148 179 284 231
122 397 381 156
345 342 342
231 122 347 179
130 130 130
349 191 179
350 320 379 378 179
179 203 231
284 681 347 349
257 278 343 278
231 537 157
656 231 157 344
157 191 347
656 352 345 352
342 348 191 824 191
179 349 191 262
342 348 180 346
345 346 157 537 231
214 179 157
180 681 342
345 278 284
903 907 191 343
179 262 349
781 52 397 321 179
214 124 214 178
342 262 903 907 349
351 352 656 149
179 342 350
130 167 575 178 342
179 157 386 157
343 681 682 511
130 191 207 200 344
180 644 180
180 262 903
347 181 231
278 168 284
214 294 291 256 351
284 284 214
191 343 191
156 734 284 149
191 681 191 511
781 621 342
191 157 668 157
180 214
156 191 347 352
214 177 381 342
511 541 511 342 179
180 681 682 681
345 345 681
179 180 157
149 347 262 231
851 214 214 346 511
621 278 179
349 148 148
180 342 349
130 191 179
178 344 180
149 656 149 284
157 191 342 352
839 191
621 231 351 130 284
342 349 349 402
262 179 214 343 180
191 278 201 352 214
343 820 483 157
347 278 345 352
839 191 178 352
130 278 149
656 262 345 681 284
130 122 180
575 851 851
907 191 157
347 814
262 180 231
157 284 621
122 656 262 347 180
262 656 149 179
178 200 178
682 191 350
191 824 191 180
191 344 344 149
262 345 681
656 231
342 262 344 157
178 178 14 289 231
157 344 191 262
180 347 352 352 178
178 380 178
346 191 122
191 122 191 278
178 191 824 191
814 344 176 231
130 191 851 157
345 157 342
350 345 350 851
178 14 284 342 346
277 296 393 342
621 130 278 342
191 157 344 344
284 377 402
351 130 692 231 343
149 656 352
351 365 180
347 349 347 262 191
156 344 344 149
347 180 122 122
191 149 180
348 349 262 347
278 345 130
681 682 191 180 289
903 262 656 352
262 656 377 133 402
347 179 191 343
149 191 839
907 191 348
284 511 275 172 351
656 377 839 191
179 351 130
180 350 377 156 907
656 178 214
621 278 214
214 231 196 203 284
682 191 851
681 681 278
345 278 722 278 214
907 342 206 426 130
511 64 6 191
814 344 156 157 681
344 156 122
351 191 149 160 130
351 342
179 376 160 191
278 351 351
342 191 214
214 231 344 177 214
122 656 262
347 215 262
352 681 343
342 206 94 342 907
130 692
277 277 621 180 345
277 231 797 342
180 907 907 907
231 426 231
262 349 262 180
344 156
262 349 148
214 377 179
231 347 157 231
348 342 350 343 191
907 851 907 262 907
402 377 377 382 157
179 180 157 343
342 533 262
178 0 148
179 262 180 148
122 180 644 180
342 160 79 539 178
130 284 734 351
178 681 191
402 262 402 377 277
351 122 180
347 231 289
191 851
231 278 157 392 157
191 907 936 231
352 483 342 348
692 231 262 349
278 149 277
352 191 348 342
347 231 284
157 379 295 157
179 345 178 351
179 13 350
231 257 568 457 231
179 203 231 178
122 349 156
344 156 320 103 122
178 342 103 342
851 605 414 645 231
621 278 621
148 262 345 156 180
342 350 681
680 380 157 345 352
262 907 342 278
511 191 352
342 277 621 180
148 344 178
342 348 349
122 342 231 289 231
342 393 180
278 262 342 277 149
349 149 157 668 157
824 191 191 156 344
348 180 122
191 342 352
231 692 231 621
191 180 344 149
178 352 681 342
191 645 191 682 511
157 379 157
575 377 734 351
511 191 352 681
214 681 681 342 278
342 214 345
346 346 351
157 214 342
349 179 231 343 343
180 621
345 82 345
180 149 278 621
352 350 681 278
851 681 214 231
156 345 191
149 277 277
575 377 284
347 349 179
347 814 262 122
178 342 167 257
350 343 191 148
907 903 907 262 262
351 214 83 180
157 342
342 343 350 851
179 349 349 180
157 157 350 342
350 352 41 352
511 309 511
511 342 345 214 345
824 191 180
907 851 157 668
130 692 231
349 262 122 347 349
179 342 348
351 191 231
289 231 178
179 320 232 156
839 191 156 734 284
343 681 191
214 352 346
342 228 121 434 231
402 258 347 278
130 342 262 344
179 349 347 352
122 411 373 58 814
149 344 177 344
178 177 231
149 191 851 681
214 166 601 180
346 820 129 342
231 347 179
343 350 180
343 160 262 656
347 262 122 179
278 284 278
130 191 231 277
871 231 191 350 352
278 149
344 156 342 262 180
149 160 214
262 345 191 130
681 157 345 156
278 343 343
284 157 351 179 148
342 681
148 148 349 179
231 122 179 347
345 278 495 278
262 907 191 179 349
681 178 342
344 656 262 907
344 180 907
278 343 207 343 191
907 262 349 148
231 343 350 157
149 621 284
342 160 148 349 349
342 348 191 824
179 149 167 257
907 179 278
343 342 130
214 345 178
656 262 345
839 191 907
231 177 409 346
277 180 122 351
231 203 206 352 350
262 903 191 345
148 180 130 621
347 191 824
156 122 231 122
575 149 148 149 148
231 344 156 342
180 393 378 157
351 191
157 352 656 344
214 191 851 681
180 347 814 347
621 180 178 352 157
149 349 907 156
342 149 656 262 262
712 401 401 712
656 377 133 402
352 789 352 346
907 936 130
575 377 384 157
156 345 352
347 377 342 284 621
262 349 907
343 278 82 277
342 178 214
180 214 180 277
179 907 349 348
352 352 352 350
277 130 191
191 907 262 148
180 191 645 156
130 172 351
351 346 191 857
178 345 178 351 350
344 191 262 349 347
157 383 295 179 179
214 352 342 346
122 231 343
180 350 593 907
178 440 515 290 130
347 278 214
231 377 390 385 231
284 621 277 191
179 342 277
157 377 402
157 284 191 682 511
349 344
350 851 350
284 284 284 621 278
345 262 903 191 178
824 191 345
130 776 936 907
156 377 284 278
350 157 320 351
262 262 179 157
231 347 179 157
257 180 348
344 149 347 262
344 178 350
178 65 129 130 157
178 350 351
122 377 278
231 60 122 122 156
231 575 851
351 346
178 352 346 511 346
347 179 82 180
262 376 841 376 262
214 345 156
130 692 231 122 130
231 575 231 178
345 346 346
180 149 284 191
903 191
342 296 393 377 352
511 284 621 278
402 148 402
668 157 180
231 645 156
257 231 575 178
148 262 907 191 179
851 377 839 191 342
156 342 179 351 191
347 61 178 191
277 377 386 157
231 122 130 351
130 345 346
231 180 351
692 130 278 284
351 350 342
157 350 352 351
349 180 644 180
402 148 344
347 179 157
278 278 621
349 262 345 278
656 262 903
180 122 347
345 278 681 214
180 180 148
179 349 179
284 278 347 149 157
180 342 278
656 178 214 851
257 231 277 214
179 284 734 156
157 179 284 180
277 191 682 511
214 346 180
214 179 231
122 262 191
656 177 231 178
214 83 180 681 352
907 191 157 180
621 401 712
179 191 346 345
345 179 907 179
352 377 344
351 342 284
284 191 682 511 682
130 692 130 388 130
178 656 149 575 231
191 903 262 907
122 656 262 903
682 681 343 214 191
343 180 345 681
191 851 180 907
157 390 157 178
191 347 349
402 262 179 262 179
180 621 149 180
122 156 349 122
149 180 347 347
191 262 402 402
191 148 262 511
342 178 344
342 167 149
156 907 180
257 377 621
575 280 351
349 180 262 903
191 256 278 621 180
179 150 388 130 342
278 347 149
262 148 262
191 645 231
343 345 681 157
277 296 342
682 511 342 346
349 262 349 321 157
284 621 149 277
156 381 342
156 157 851
179 157
851 342 575
681 851
344 157 390 157
130 157 343 345 681
347 262
179 149 656
231 232 231 278
180 191 214
180 907 903
130 342 130 130
342 349 349 907
278 262 903 191
851 907 180 156 349
907 377 148 191
179 907 262
345 254 180
180 191 345 346
180 681 350 351 214
179 351 178 351
351 214 179
575 178 345
343 681 851 157 179
214 206 231 180 262
178 350 851
231 278 214
180 178 575
344 377 350 180
180 621 130
191 346 346
656 149 347 179
345 350 345
851 342 495 377 839
511 191 349
257 377 122 179
342 157 347 157 149
656 377 342
180 365 278
351 214 179 180
191 262 907 907
343 681 178 157
179 231 262
347 681 180 348
157 345 351
278 377 156
156 907 851 851 851
656 352 352
347 262 656
346 511 511
511 64 191 347
231 730 730 468 180
349 262
214 157 352
345 191 130 284
214 94 593 776 130
157 391 321 150 122
284 511
342 149 150 179
277 191 148 148
346 214 345 278
656 262 907 851 157
347 278 284 342
346 214 284
350 345 278
681 342 262 191
345 345 180
350 94 350 157
349 180 349
257 167 122 347
344 191 157 388 130
157 345 191 903 262
814 262 345
191 148 402 349
342 277 621
342 575
575 851 851 342
180 932 180
149 180 342 278
342 278 257 130
342 851 342
352 214 851
342 231 289 231 278
284 214 851
278 149 149
191 645 645 191 903
191 122 180 349
149 277 621 149
344 180 149
346 160 343
342 157 851 214
349 344 191 682 681
262 122 122 191
347 61 157 345 278
351 167 351 179
343 343 191
681 350 861 350 178
343 231 656 122 180
342 483 851 191 351
262 262 903
575 231 426 231
351 249 179
157 380 376 122
345 278 495 278 351
350 351 284
157 178 351 179
351 320 156 344
191 352 851
262 148 180 346
814 347 157
130 345
351 321 296 277
346 180 148 262 262
149 160 130 621
130 14 289
345 278 180
681 681 157 149
621 180 149 656
342 681 851 214
156 344 149 347
262 191 156
179 381 156 907
122 156 349
907 342 797 14 130
352 41 352 483 851
278 345 346
191 839 191 179
350 681 191
157 851 907 180
191 839 377 342 149
347 191 262
681 347 215 347
851 575 206 214
257 342 231
191 824 191 348
156 906 513 303 351
130 345 345 180
903 191 682
179 345 345 262
284 278 621 130
907 262 903 907
344 344 177 656
130 180 621
346 181 176 344
343 180 349 180
180 82 518 621
342 277 191 682 511
191 681 347 181 179
156 645 191 284
191 156 342
214 280 284
179 284 231
342 13 156
179 347 122 351
350 191
179 397 376 841 231
289 425 130
351 178 381 149
278 681 343
149 160 303 5 284
345 179 349 148
344 156 342 262
130 167 342
907 342 231 277
157 191 262 191 343
231 191 346
352 350 178
349 156 122
