226 221 85
872 218 224 218
0 313 215 222
222 21 81 225 17
221 313 218
177 231 797
0 581 872 17
314 223 218 218
905 309 223
459 616 459 316 74
221 73 309 905 311
215 103 0 223
225 222 18 17
225 459 390 308
85 310 317 313 17
226 223 173 223
414 414 414 916 414
310 365 224
605 797 797 605
218 311 222 18
905 177 297
0 148 468 224 74
309 223 313 223 221
248 297 309 314
317 309 225 218
317 218 74
1 317 85 309 297
248 0
0 218 297
221 116 221 73 218
18 182 380 177 629
223 314 312 228
73 221 215
297 248 297 905 297
309 309 316 905 215
222 223 225 18
905 177 218
310 313 268 73
218 94 218 226
308 218 219 314
17 189 225
74 341 309 341
120 74 314
852 18 215
309 85 86 85 310
308 462 21 459
309 317 312 177
218 341 560 1002
74 560 1 215
18 310 494 312
316 160 228 74
18 160 42 405 227
297 218 312
18 221 85
18 177 479
311 459 226 228
313 73 248 221
215 73 223 309
317 18 221 268 222
228 74 696
248 549 74
222 166 430 308
177 146 1 560 313
85 17 1 155 215
605 414 916 414 414
248 259 73 248 297
0 268 316
0 1 187 316
120 146 85
629 440 226
1 450 232 120
308 581 0 248
1 616 1 255 17
696 248 341 17
85 1 106 221 317
221 316 459
18 18 309 309 311
221 310 317
223 105 42 21 74
309 0 223 218
73 218 215 225
312 218 312
218 221 526 221
415 414 415 697 414
314 307 314 74
307 314 314 215
297 341 297 696
605 414 603 414 697
73 313 17 317 74
74 756 225 18
177 74 227
218 309
222 696 218 313
314 219 377 182 18
846 846
459 225 223 177
218 297 248
415 852 852 852 852
17 226 696
218 341 74 297
221 53 215 248
310 18 225
177 297 696
311 268 74 225
314 307
0 177 479
17 297 177
220 220 220 218
221 560 73 248
220 223 495 17
17 222 537 227
215 227 695 317
316 316 268 73
225 311 73
225 18 215
311 218
605 414 603 414 603
341 560 1 317
341 311 223 0
696 222 223 225 225
629 316 979 1
218 313 218 696 226
307 177 221
0 313 85
226 533 121 462 308
225 215 225
221 268 221 18
219 17 18 219
0 560 341 311
316 905 905 222
218 85 312
316 519 316
314 225 74 231 797
220 220 218 249 310
315 537 1
313 218 312
218 120 377 316 222
17 297 248 215
317 313 310 314
73 268 313 221
0 222 905 177 312
248 309
221 309 248 330 248
479 479 414 916
248 459 223
120 120 232 219
17 85 147 1
85 53 221 18
316 629 177 297
517 517 102 743 516
215 53 537 85
309 18 219 222
297 17 696
316 187 316
316 253 75 494 225
74 221 223
225 314 317
74 18 307 226
297 17 313
18 18 309
120 309 18
218 311 215
310 365 183 223
18 317 314 222 314
228 218 268 309 120
18 85 1
310 313 17
74 187 459
629 177 231 797 797
226 222 223 117 223
73 73 221
215 314 872
177 146 187 74 297
309 225 17 872
309 74 312
74 341 316 17
696 18 219 309
73 331 74
18 86 218
74 231 797 18
479 177 177 218
215 17 221
916 414 697 697
226 221 468
316 146 177 479
223 225 218
73 313 309 177 218
459 717 215 222
415 697 697 645
215 316 187 316
120 758 316 629
215 316 1
0 120 18 310 309
479 414 414 697
316 420 165 223
311 297 17
315 222 314
309 225 74
313 309 18
1 21 74
218 221 53 312
309 17 310
177 17 297 17
73 0 377 227 74
650 215 331 764
314 215 18
177 309 219
309 225 222 85
226 340 215
74 260 248
222 18 17
226 223
905 309 223 468 74
317 73 223 17
219 314 223
316 222 519 315 218
696 222 18
459 616 1 215
341 218 315
177 220 218 177
215 18 852
1 187 166 218
516 6 517 2 517
317 695 695 259 74
459 17 120
414 645 414 603 414
74 314 317 248
629 440 629 316 0
17 311 189 215 218
311 218 73
307 310 309 311
316 695 459
313 17 18
223 177 177
297 215 221
317 74 459
459 221 224
316 905 177
309 905 905
316 695 85 222 85
696 226 696
226 165 226 74
916 414 645 697
215 297 905
415 852 18 309
645 697 415 414
414 414 603 414 645
468 121 215
307 17 696
215 227 227
317 312 218
218 199 207 200 177
17 226 74
73 331 707 73 73
74 309 341
218 226 696
218 317 313 73
317 221 85
316 629
297 309 312 309
696 222 696
872 307 18 852
224 468 316
0 215 220
85 872 85 872
18 307 317
223 74 18 852
517 516
314 225 74
852 206 133 309
317 248 221 14 312
459 549 747 249 310
872 218 73
315 537 316 629
223 0 313 0
222 459 17 120
872 218 224
797 342 381 156 697
414 414 449 414
650 215 0
223 106 74
17 0 177
223 228 17
219 222 74 905 311
220 74 905
414 443 41 85 17
224 218 872
297 316 519 459
309 224 224 365 223
221 224 309
18 215 218 120 0
177 309 511 309
222 160 336 560 775
85 146 189 17
221 317 314
314 225 222 226
73 223 314 74
74 42 255 13 297
248 268 311
317 18 218 74
17 313 17 342 219
17 42 42 42 74
316 435 316 468
248 311 260 311
223 311 17
18 696 297 0
629 177 409 177 17
227 537 227
222 256 312 228
17 18 215 189 459
468 419 405 17
223 468 221 17
18 82 612 309 177
310 340 331 223
0 74 228
215 74 308
18 18 222 905 905
798 798 798 798 798
74 495 314
74 218 18
228 482 218 268 316
215 341 218 310 307
314 166 223
309 222 316
696 218 313
17 315 222 311
605 797 14 537 315
313 74 224
74 188 311 215
696 248 311
226 128 918 196 218
224 218 228
248 317 116 317
312 218 228 218
0 5 726 85 317
696 74 312
222 227 227 215 223
341 218 73
248 317 248 549 74
224 218 223
311 248 215
310 313 0
177 18 85 222
17 310
316 160 255 222
17 218 160 223
309 313 317 307
603 414 415 414 605
221 309 224
0 17 309 314
697 645 414 645
17 155 115 932 310
221 317 310
226 307 307 314
315 222 18
468 160 218 311 225
603 414 605 797 605
0 17 18
311 756 223
226 0 1
226 459 74
479 479 275 177
743 102 517 743
248 74 309
17 166 223
218 120 0
17 473 150 368 0
297 218 73 311 905
218 94 94 120
223 74 307
316 629 177 218
73 317 312
228 223 495 223
73 317 223
223 316 218 1
224 560 313 226
313 310 17
74 134 74
315 495 526 103 0
310 105 255 316
218 317 73
222 696 218 311
218 314 218 315 17
222 331 459
341 74 297 74 311
297 309 612 223 226
414 414 415
228 312 228
309 18 225
312 309 228
18 310 494 366 312
248 74 317 73
311 190 311 248 74
218 313 17
905 297 309 872
17 173 233 173 17
73 223 314
218 297 218 160 17
313 0 17 313
73 74 314
0 223 220
223 612 49 297 309
308 295 255 249 218
85 226 74 187 74
312 317 248
74 366 17
224 74 225
0 313 0 309
222 80 424 308 74
215 197 215
85 226 221
18 215 73 223 309
225 459
227 253 17
74 0 0 309
177 18 85
414 605 797 14 312
852 18
316 549 215 73 73
18 317 17 872 85
872 218 315
317 73 0
313 268 0 74
227 222 314 309
222 314 221 317 310
120 146 226 513 226
605 846 605 846
223 313 313
310 313 309 310
734 156 734
222 519 85
223 282 248 215
221 18 121 219 18
74 20 560 218
218 220 223 313
459 74 177
314 317 309
905 905 316 549 316
314 872 85 443 85
313 313 73 248
459 215 220
341 316 74
341 218 341 560 1002
218 317 17
17 228 312 228
222 268 221 17 872
17 223 223
73 73 221 316 316
220 17 314
225 331 225
223 309 297
225 221 0
311 309
177 309 0 0 221
17 177 215
675 675 675 675 675
314 507 314
218 310 218
120 0 218 17
314 21 537 459
74 67 74 314
1 52 146 85
225 223 0
17 222
311 189 17
308 880 282 690 222
227 268 313 218
311 223 177 309
297 73 248
74 220 17
415 414 645 645 697
223 317 695 227
307 307 314 872
313 17 219
459 249 440 231 74
1 0 146 120
307 696 226 317
177 94 13 390 308
479 275 200 177
414 449 414 479
313 218 696 226 314
1 317 312 317
309 905 74 459
1 641 946 641 1
219 121 316 297 341
459 222 696 17
297 905 222 221
313 215 215
314 405 17
221 560 73
1 224 74 215 297
459 759 459 223 313
225 1 459
17 1 128 220
17 173 223
743 517 743 517 516
312 221
85 314 310
764 331 222 223 17
225 309 268 223
17 221 310
312 53 280 734
223 225 459
85 309 872 218
120 17 17
228 160 17
222 341 222 221
307 317 218 317
218 317 307 310
414 414 414 697
0 560 775
1 17 1 317
17 215 297
18 222 310
74 248 696 226 222
74 313 310
459 756 268 222
0 221 218 312 317
1 316 146 85
225 282 226 227
775 560 0
218 221 316 0 316
85 74
215 64 177
221 282 221
18 85 758 316 629
734 128 220 177
218 249 589 215
218 310 17
1 147 366 226
226 227 222
225 218 317
215 314 160 314
220 220 220
312 309 221
311 312 218
415 414 916 414
218 82 314
310 340 420 340 459
85 726 17
17 146 189 215
120 17 82 543 222
764 30 434 220 17
852 852 415 697 414
414 605 797 797
221 222 86 18
219 222 268 74
218 314 85 309
872 74
414 414 916 414 449
1 317 73
314 310 313 309 310
85 312 255 222
215 905 311
1 537 221 0
224 74 64 309 309
226 419 143 328 459
18 852 852
223 64 330 73
226 309 248
85 519 315
314 221
313 73 316 0
17 316 6 316
224 221 248 341 309
221 85 317 18 218
312 494 268 0
177 905 74 310
221 223
743 516 743 517
248 317 313 226
315 17 696
215 0 120
17 313 85
449 414 449 414 605
0 226 370 414
308 405 519 316
222 607 420 311 17
224 365 223
479 414 697 415 852
309 317 223
218 201 232 177 221
226 17 297
223 468 223
852 18 797 797
309 222 225
248 297 218
309 224 224
120 79 166 459
218 73 311 905 297
310 222 74 5 0
226 459 328 460 225
1 218 215
215 341 311
297 341 218 316
696 17 872 85
18 309 297 696
226 366 317 226
414 916 414 645 645
222 690 222
120 758 316
414 449 414 370 85
215 560 775
215 74 696 222
479 414 370 414 603
222 1 317 312 85
313 218 315
414 449 414 414 645
17 696 297 905 316
309 341 218 215
449 414 605 414 449
220 223 18
17 311 215
18 155 189 5 0
316 147 106 226
177 232 312
18 215 73
313 17
225 226 225
297 218 314
224 221 215
74 121 215
468 316 979 316
222 17 459
17 18 307 314 219
225 283 107 310
215 366 521 62 310
74 268 309 0
227 495 218 314 17
916 414 697 415
459 17 314
904 321 697
224 224 224
120 218 316 218
459 453 167 18
309 17 218 872 74
316 146 187 146 18
218 225 215
317 310 17
341 218 311 312
310 313 17 307
120 758 85
308 376 387 381 479
297 0 248 74
313 218 18
220 220 377 468 223
225 283 0
223 756 73 74 308
223 480 106 329 459
1 726 85
215 756 73 248 73
228 309 310 82 215
221 85 313 223
312 74 0
222 225 312
223 177 18 85 85
797 18 120
414 916 414 449
218 224 224 74
74 221 310
17 225 215
459 42 474 42 215
85 160 218 315
309 64 0
0 218 219 314
310 18 85
312 222 226
226 405 102 517
0 223 0
0 74 224 17
223 222 218
218 248
248 696
225 215 311
221 248 459
696 307 872 307 18
605 414 415 414 414
218 307 317 218
341 218
218 308 17
415 697 697 414 415
225 223 226
696 248 309
248 549 64 0
120 101 120
215 221 73
312 317 313
0 74 312 74 74
228 17 120 120 309
605 846 605 851 605
743 517
218 560 341
74 228 312
415 697 414
74 905 311 74 248
516 743 517 743 517
74 468 224
307 301 18
459 248 317
904 321 697 156 645
309 297 309
313 218 85 443 414
18 85 218 223 221
225 1 218 310 317
177 94 214 128 218
18 317 695 459
1 310 222 215
215 313 218 0
311 301 228 309 0
218 317 226
314 405 166 411 516
73 313 73 313
317 218 317 313 226
218 120 17 696
215 560 1
1 218 224
74 225
221 85 313 560 0
311 373 311 297
248 422 19 549 215
872 307
225 226 443 414
313 73 268 459
218 696 17
852 415 697
317 85 309 297 309
177 218 0
177 479 479 177 0
905 309 316
74 419 5 726 314
459 223 311 248
308 183 309
764 331 223
218 268 0 218 73
603 414 697 645
798 798 798 798
73 215 459
449 414 449 414 414
73 313 74
311 218 225
17 317 695 734
223 560 74
17 313 317
309 313 223 311
905 309 18
1 560 1002
297 218 221 309
517 516 516
0 316 905 905 311
227 756 225
459 316 221
218 268 313
218 18 309 297
248 696 218 120
797 605 414 479
316 341 215
248 215 311
315 17 17
312 222 222
17 493 17
17 612 726 1 17
73 313 74 696 248
517 6 516 743
1 17 177
219 121 190 82 310
307 226 227 74
846 605 414 449
846 605 414 916
17 0 218 223
221 468 419 106 222
18 17 310 307 696
218 73 221
221 549 316 905
225 223 560 224 468
17 166 223 17
905 311 73 316
222 81 87 222
314 872 17
225 225 314 314 223
297 260 74 307 85
177 307 317 74
905 905 905 309 223
313 317 310
307 133 308 218
314 219 309 218
218 226 146 17
18 307
225 459 467 17
221 107 142 85
459 0 226 225
227 227 268 222 459
517 305 516
311 74 21 462 308
85 872 307
308 424 308
223 222 696 18 310
414 415 697 414
215 309 215
313 560 74 223
697 414 645 697 697
218 248 549 6 0
17 17 73 221
223 212 74 85
297 218 341 215
215 313 221
218 74 120
316 341 311 309 222
0 248 696
1 1 218 218 85
315 222 218 17 308
17 225 225 221
312 314 307
85 1 495 228
248 268 316 377 0
177 5 281 2 517
222 253 459 74
309 309 177 307
459 560 223 18
120 79 120
696 297 218
297 73 74 120
297 696 18
222 695 227 495 218
223 222 21 74 696
222 911 81 225
311 282 427 17
228 314 219
317 85 221 85
307 310 218 1
17 73 309
74 310 307 18
311 248 74 459
85 18 0 297 215
310 82 219 309
85 519 189 301 18
459 166 221 18
317 314 222 314 17
177 177 18
314 74 308
228 309 309 228
479 479 177 223
316 309 133 308
17 228 309 0
223 121 1
872 307 696
85 221 313
73 215 1 316 0
0 64 419 18
313 218 220 220
415 852 415 852 18
905 215 223
228 314 495 227
0 309
222 519 316 758 223
215 377 593 197 215
852 852 18 74 248
341 309 218 311
85 222 225 314 228
220 17 313 221 0
17 0 18
645 231 730 468
307 226
226 221 1
414 414 916 414 697
218 120
797 797 18
177 221 18 120
18 0 218
17 83 282 373 311
221 226 160 162 468
317 218 223
218 312 317
0 146 160 223
916 414 603 414 605
314 309 218
223 0 0 297 248
313 310 366 226
215 20 467 85
73 311 905
227 226 218
17 18 201 215
73 313 309 248 341
74 218 1
415 86 222 1
177 905 316
0 0 73 311
309 18 18
314 225 18
223 74 317
226 307 177 312 317
311 106 462 308
221 74 220
18 104 376 307 18
341 74 297 74
18 696 218 120 120
309 905 297 74
852 415 852 18 307
222 331 764
222 227 74
17 224 74 228
0 120 18
17 222 312 222
297 218 313 313
225 218 226
314 225 222
696 222 312 228 226
177 218 225
1 106 221 317
120 309 317 309
223 220 215 227 227
414 605 846 846 846
313 309 248 341
307 17 297
215 650 215 227
215 309 218
228 218 282 74
311 341 311
312 256 224
313 560 84 86 17
218 226 0 1
307 177 629
73 248 297
225 1 317 85 218
85 221 317 85
309 224
215 297 218
120 17 225 218 317
314 74 227
226 166 18
307 872 218 459
645 191 365 222
18 225 223 228
225 74 225
314 105 215
223 756 227 222 314
225 309 297 215 905
743 516 408 215
415 697 415 414 414
221 73 218 308
468 221 225
218 74 366 248
17 295 380 120
308 218 308
177 656 177 312
696 307 310
177 312 85 307
312 85 467 459
223 18 218
645 414 916 414 414
315 222 314 18
222 513 218
17 228 74 309
225 1 317
74 314 312 309
317 313 317 18
905 74 227
221 85 147 85
224 148 0
297 248 341 215
1 215 440 280 1
314 312 189 519 315
297 74 311
696 226 696 226 218
313 310 366 226 74
313 313 0
415 697 415 697
650 215 589 106 222
223 314 309
312 17 315
222 74 905 311 74
218 219 314 18
311 297 311
224 74 313 310
226 227 215 297 311
314 434 106 311
311 223 468 121 228
18 225 222 218 308
225 331 222
0 1 726 316 221
248 268 223 624 223
17 225 218
0 17 459
73 297 696
224 17 309
215 221 222 86 18
314 215 459
225 222 85 53 18
314 166 380 120
177 413 177
314 310 85
734 377 839 377 312
73 17 0 178 0
316 0 120 74
0 297 260 297
312 309 215
218 17 314
220 215 227 227
311 309 226 313 223
218 317 73 218 224
307 301 226
308 376 307 218 872
309 177 479
764 74 225
74 85 507 85
18 310 309 228
312 314 85
74 297 218 312
74 226 696 218 341
18 309 215 756 73
310 317 218 224
317 309 85
311 309 313 317 314
218 249 589 215 17
459 42 226
215 756 106 74
0 248 341 218 18
314 85 17
218 341 218 74
120 120
73 218 177
414 414 479 414 603
459 519 465 519 228
0 313 0 17
414 645 697 697
313 215 341
309 120 309 18 85
223 560 276 275 226
219 222 1 979 316
215 20 222
221 309 309 312
1 0 1 225 18
227 226 365 314
221 309 316
307 347 307
317 312 74
218 248 268 0
74 64 222
311 215 227
309 224 1
222 905 316
307 310
468 316 316
74 268 316 221 18
218 0 17 224
218 288 756 215
696 218 1 218
309 85 307 177 74
0 581 872 17 73
1 317 85 218 696
415 697 156 645 414
223 73 311
309 226 223
312 314
18 74 560 221 215
74 459 218 459 223
1 221 309 309 316
225 218 73 313 73
225 221 223
315 222 312
228 280 82 219
317 312 314
215 103 0
223 223 480 223 468
314 507 85
308 283 495 218
317 116 317 310
223 220 74 297
218 0 215
226 307 307
215 297 218 120 309
317 221 248
225 1 215 311
215 268 309
177 214 129 308
219 17 341 74
222 223 313 85
85 307 307 317
309 313 223
414 605 846 605 414
221 177 74 309
221 537 268 227
317 309 228
479 414 370 414
309 225 218 215
309 309
74 317 248 309 313
218 248 459 248
85 222 225
222 315 222 696
74 231 206 231 316
1 568 276 560 341
1 317 309 218 459
120 94 177
222 189 215
215 313
74 260 74
17 872 309 223 311
74 297 696
1 74 696
872 74 341
916 414 603 414 479
218 495 468 122 468
215 177 629 316
225 311 17
308 211 215
314 307 226
309 297
316 221
308 17 219 18
872 85 221
74 696 248
74 307 85 313 309
0 226 17 312 314
313 85 313 74
468 221 485 317 1
218 18 85 221
308 379 320 734
308 74 226
603 414 415 697
74 226 221 18
312 160 440 321 697
317 218 341 218
223 226 227 215 297
215 494 17
17 166 17
215 314 18
341 311 309
177 312 177 18
221 223 222
311 73 73
17 121 226 0 177
218 224 560 221
17 546 173 82 215
308 320 308
248 17
226 223 314
18 280 483 226
17 315 519 316
225 148 468
248 341 248
297 696 17 310
1 74 308 17
645 697 697 697
222 85 317 310
248 459 316 218
309 42 490 459
218 315 218
218 268 311
226 282 311
218 282 74 341 222
221 18 314
224 74 228
222 253 316
227 695 317
226 546 129 21 221
177 5 0 309 248
248 218 309 312
215 905 177 312 228
220 17 18 307
248 215 74
227 756 166 73
120 377 52 61 177
18 160 223
316 215 268 222
215 87 187 316
218 307 17
225 331 73 218
734 211 734
468 224 74 220
459 495 459
916 414 697 645 414
852 18 317 695 459
120 218 297 248
74 872
797 605 414 603
743 516 517 517
312 420 189 187 316
17 219 74
226 228 17 18 215
310 494 215
218 201 232 177
17 312 314 363 215
312 314 226
459 1 85
223 313 226
215 295 313 17
85 14 283 368 1
341 215 86 87 74
85 307 177
317 309
459 222 74
74 218 315
218 297 17 177
223 222 314
221 223 220
74 311 74 226
17 74 872 218 74
17 142 132 371 226
227 537 316
225 756 311
341 295 459
222 316 629 177 479
297 13 47 220
218 17 106 72 311
17 73 316
314 226 309
218 309 309
218 317 313 226
414 605 414 479
468 74 745 221 309
215 690 494 115 18
218 248 221 225
516 333 280 1
0 223 331 225 218
775 560 73 73 221
223 87 17
414 645 697 645
17 317 310 313 221
312 17 17
225 226 443 414 415
307 314 312
312 85 221
228 314 310 222
316 695 405 283 215
313 17 317
650 215 18
0 218 219 314 18
311 17 0 309 120
227 87 626 87 222
310 366 226
479 414 605 414 605
226 307 218 225 312
215 17 431 249 18
228 17 386 17
221 14 312
316 222 227
222 107 74
221 0 221
314 222 314
222 215 220 74
307 537 222 1
227 215 215
310 313 317 74 317
314 420 256 224
17 726 85
309 400 306 215
315 218 315 218 74
73 215 650 215
459 519 189 225
74 224 309 248 311
17 314 74
603 414 697 414
1 495 228
74 314 872
316 255 316
221 218 872 74
222 215 220
220 220 215
852 415 697 414
215 341 248
215 363 280 734
414 415 697 697
629 177 218
316 537 459 74
313 309 177
313 313 310
317 18 223
218 297 215
222 218 317 307 310
222 467 459 223 218
215 560 224
18 225 74 1 17
307 18 317 1
218 316 905
0 459 226
221 309 73 215 17
734 0 74
1 317 310
314 74 218 310
73 316 459
314 228 218 225
222 696 18 310 221
18 14 312
226 114 82 215
309 73
314 21 459
177 229 64 419 468
74 764 74 0
248 268 459
228 519 315 218
309 905 309
309 511 541 215
223 313 223 221
0 218 0
313 74 73
222 225 314 228
697 414 916 414 916
309 317 312 74 297
248 696 218 218
414 697 645 645
18 17 310
311 309 317 18
18 18 222
226 14 797
226 228 314 307 85
1 495 256 223 316
74 317 314
74 17 219
311 312 228
697 414 603 414 916
74 0 309 341
852 415 852 18 317
227 495 309 224
852 415
316 297 73 259 74
224 309 228
872 309 309
308 218 309 317
311 223 331 215 297
223 117 223
605 797 605 797
226 106 222
516 517
73 223 221
17 434 215
311 225 331 225
177 74 17
297 218 228
226 228 223
248 317 73
221 218 312
341 316 297
17 252 238 0
307 177 309 223
85 146 177 309 120
74 222 424 695 317
309 313 73 313
73 311 17 310 309
310 17 341
218 268 227
223 316 223 220
468 419 221
449 414 697 697 415
219 121 316 297
468 316 459
225 17 311
314 18 85 146 18
414 697 414 603 414
314 307 872
0 268 218 201 18
215 221 248
697 321 904
314 405 411 166 226
414 415 414 415 697
297 309 612 223
314 165 494 268 316
316 222
312 85 221 73
414 415 697
221 313 310 307
218 268 1
219 280 219 314
314 309 221
85 309 316
73 259 537 1 317
220 215 1
916 414 645 414 479
223 87 459
221 459 295 215
0 215 73
696 17 222
314 312 222
221 52 103 53 18
177 307 177
314 85 519 459 221
1 85 695 317 307
309 317 18 85
215 223 73
414 697 414 479
224 218 220
0 313 317
459 218 18 219
297 905 905 905
17 341 316 316
916 414 414 603 414
248 0 226
17 317 307 314
74 340 215
73 313 73 313 0
73 74 67 74 314
215 64 95 218 312
218 73 316
310 85 226 223
317 312 17 221
248 17 228 314
224 1 221
225 312 228
221 223 314 219 18
317 223 225
74 438 302 160 224
314 312 218
74 268 227 74
215 717 215 218
215 309 224 218
18 146 17
177 18 222
222 301 311
74 316 316 629
74 341 222
223 106 283 253 315
852 18 280 221 85
313 268 227
74 187 215
85 507 513 74 220
341 248 317 85
312 225 311
215 363 17
341 248 459
1 310 1
177 17 310
18 17 224
120 0 177 18
17 215
18 420 314 314
223 223 317
223 173 366 18 797
218 94 200 177
341 248 221 17
414 443 226
697 697
459 329 255 312
459 467 459
312 221 73
316 424 74 224
120 18 0
312 85 537 74 308
215 341 297 311
74 218 248
85 147 424 18
248 317 307 226 314
221 283 157 182 872
218 297 905 297 74
317 313 226
228 495 316 793 316
74 313 317
218 482 228
516 743 516 743 516
120 17 696 18
696 307 65 0
17 23 215 227
74 18 222 310
1 147 366 226 218
218 218 459 248
297 311
314 21 371 226
316 726 316 341 297
1 225 221 0
916 414 479 414 697
223 218 183 218
222 221 177
17 74 764
459 519 459
225 18 696
317 73 84 467 17
872 218 221
314 218 315 17
314 225 312
313 74 468
221 316 221
228 312 74 120
309 73 248
312 74 307
311 612 282 248
317 1 218
309 225 148 0
415 414 605
312 160 314 310
74 248 74
605 414 645
341 215 0
516 743 516 743 517
228 218 307 17
223 106 74 314
312 317 18
223 215 227
1 17 215 1
221 222 341 17
223 314 317 309
218 18 85
696 17 315
177 307 310 317 223
697 415 414 414 697
218 166 74 226 228
459 316 309 0
307 218 224 309
218 224 221 73
309 120 17
177 221 312 221
311 756 227
74 314 223
315 695 228 314
74 268 227 227
18 0 177
1 189 222
18 82 227
307 177 221 317 314
846 846 846 605 846
309 310 218 73
316 221 317 18
215 221
224 17
74 218 315 218 221
215 73 221 468 316
697 645 191 365 222
17 297 215
459 695 459 215
1002 560 1002
177 377 872 85
316 146 0
218 459 560 223 18
226 74 764
1 310 218 596 218
603 414 415 414 697
872 309 872
0 309 311
74 222 519 222
0 313 85 226
314 301 307 226
219 18 797
219 18 219
312 841 312 177
516 333 17 310 307
629 177 17
341 248 341
316 793 316 629 316
459 218 225 215
227 268 248
218 317 221
314 225 218 219 218
222 459 537 1
315 495 315 218
177 223 756 73
74 495 309
315 222 696 248 309
218 309 905
314 314 85 218
74 85 537 85
341 222 268 1
414 605 797 18
218 225 1 310
312 317 17 316
852 18 317 307 317
225 18 18
297 74 310
734 172 219
177 515 440 177
313 73 268 248
297 905 309 221
225 226
309 612 248 215
220 223 495 74 73
18 215 18 85
517 743 516 743
221 1 218 85
1 537 221 0 74
414 479 177 177
226 307 17 297 218
307 18 696 17
311 69 189 225
17 222 221
219 218 696
218 268 221
697 156 734
17 696 297 74
341 309 223 313
223 121 468
73 330 74 316
414 605 797 342 228
312 300 218 696
414 479 414 370 414
219 18 307 696
177 905 74 268 222
120 17 225 309
218 341 218 221
120 0 248 311
312 74 120
74 18 307 74 17
215 227 695 316
17 1 52 314 219
308 17 225
218 120 333 516
414 479 381 377 177
317 18 419 74 696
223 74
223 215 218 222 309
310 74 219 17
222 315 17 73 309
341 222 221
307 696 307 17 18
316 905 309 297 215
315 537 221
220 218 310 307
221 17 166 0
218 223 74
177 18 219 18
18 309 17
221 74 212 180 468
307 537 222
414 603 414 697 414
221 316 629
73 297 73
74 18 696
341 309 218
1 225 221
226 313 218 312
85 309 74
74 314 310 222
650 215 549 1
605 414 605
311 312 53 280 734
308 424 695 365 224
916 414 415 852 852
223 222 223
17 341 311 309
218 17 215 297 218
120 74 227
315 519 227 227
219 309 64 515 177
414 415 697 415
74 872 74
307 696 307 17
316 1 225
17 314 317 1
222 695 189 80 222
17 310 307 18
297 215 905 215
215 301 314 85
449 414 414 414 697
227 226 14 797
222 695 227 222 226
311 366 366 215
316 0 313 0 309
315 218 307 226
227 227 227
74 905 74 74
310 218 218
74 177 307 696
18 797 18 222 226
297 316
215 41 464 331 74
316 297 341
468 495 314
307 696
85 313 223
226 696 222 312
223 173 223
309 400 309
317 218 215
215 227 253 315 222
85 309 219
479 414 605 797
1 0 17 163 17
218 309 248 309
74 0 74
314 226 218
1 377 215 220
74 224 224
317 313 73 316 0
449 414 449 414 916
222 74 225
227 537 1
297 696 248 309
226 366 18
459 464 459
313 226 340 268 459
308 283 758 120 218
317 226 74 307
1 560 341 297
224 221 73 74
308 283 758 120
215 0 313
85 507 314 405 308
1 106 459
314 215 18 225 218
18 219 18 696
468 160 426 14 18
18 314 309
73 223 309 221
226 85 317 226 74
459 316 309 0 215
17 115 615 465 316
221 222 309
645 697 321 351 1
1 84 1
314 307 314 219
227 74
309 316 495 314
218 420 18 74 219
74 248 309
85 17 85
313 218 74 696
316 495 739 155 18
317 307 17
85 17 696
852 415 414 697 645
696 218 313 74
316 549 74 459
227 268 248 297 0
73 221 282 480 221
468 224 17
17 342 219
314 218 218
17 314 310 313
696 17 220 220 220
218 314 215
1 317 309 218
74 745 74
311 309 226 313
222 222 341 218
218 268 0 218
0 560 222
629 316 215
797 605 414 443 85
177 218
226 223 459
314 314 218
223 0 0
0 223 218
313 218 120 120 218
0 313 74 0 223
315 253 121 1
223 220 215 227
311 268 756 215
309 310 82 219
227 268 222 459
17 533 282 107 17
226 223 226
222 74 120
311 312
18 166 74
248 297 0 316
74 297 86 74
177 223 74 330 223
222 215 220 223 177
177 17 313 310
221 224
17 86 85 310
313 215 341 218
872 74 905 309 120
312 494 310
85 18 17
218 73
313 218 120
223 311 248 0
224 560 218 120 17
309 228
74 228 218 297
341 311 106 462 308
341 309 297 311 309
313 218 310 1
218 297 0
215 460 74
228 314 309
311 301 18
317 248 268 215
74 308 218
220 74 18
73 330 330 74
74 560 1
226 146 0 313
297 74 218 222
226 142 85 507 85
316 905 297 218
17 366 950 422 248
120 101 0
222 221 317
0 316 223 18 17
697 697 645 645
317 223 64 177
517 743 743 517
0 18 18
852 18 221 85
85 309 248 17
74 64 222 218
314 228 309 223
223 74 341
218 219 74
414 697 156 344 177
219 218 224
223 317 695 227 74
221 73 248 459
17 74 73 0
0 222 905 177
17 218 226
316 905 297
316 459 248 341 248
222 16 308
215 177 177 223 74
215 316
223 366 310 222
310 313 268 313 218
311 248 0
218 85 314 310
74 313 85 872
226 74 222
74 460 518 223
317 221 0
225 459 222 315 17
74 872 218 596 218
308 390 308
314 21 308
1 146 67 74 17
221 225 1 215
414 415 697 414 415
73 560 0 226
697 321 177
313 74 1
74 268 222
1 0
222 218 18
312 420 311
222 316 316 222
905 74 227 226
309 268 313 313 317
311 223 218
341 295 62 17
74 317 85
226 317 309 314
311 424 308
228 695 315
218 310 18 218 225
312 225 148 224
459 316 309
17 74 314
18 215 227
297 0 309 311
743 102 411 516
17 224 148 224 218
219 18 120
414 443 85
221 317 313 85
221 405 424 17
221 309 177
341 218 341
314 256 489 105 310
341 218 314 161 314
297 696 18 17
312 309 309
227 537 74
222 315 519 227 227
315 537 222 459
516 192 517
310 309 297
341 218 85
17 316 6 316 223
297 905 905 215
218 316 341 17
18 167 218
1 225 1 218
226 121 215
74 905
479 414 605 414
312 62 459
177 312 309 905 309
17 17 313
312 309 872
222 222 312
73 316 316
516 102 517 516
309 309 248
222 225 225
17 146 779 146 316
1 215 311
468 121 222
85 18 317
697 321 397 537 74
479 479 177 307
312 228 160 17
215 347 307
17 226 313
312 309 905
605 414 415 414
309 177 479 414
85 85 222 314 317
248 297 215
85 317 312
74 366 537 307
73 17 82 74
18 85 307 314
603 414 916 414 479
220 220 223
17 222 312
312 177 74
313 317 74
218 315 218 341
341 309 341 316 341
312 17 105 41 215
223 222 905 905
218 341 309 73
314 314 309
468 74 313
17 146 67 74
414 370 245 329 459
414 415 86 222 1
120 146 177
459 225 459
852 852 852
224 224 74
310 74 73
311 612 282 248 0
313 218 220
248 221 226
315 17 166 223
226 307 218
0 734 377 120 309
0 222
74 696 222 690 74
297 905 316 74 696
0 218 120
177 18
225 86 372 87 74
222 226 0 17
248 297 218 872
215 377 562 177 307
459 495 228
309 309 317 309 18
215 340 74
248 311 73 17 0
468 121 228
313 313 218 315
18 146 85
0 459 226 459
74 17 219 17
449 414 605
310 340 212 494 310
177 5 309 317 310
297 86 74
225 309 905
316 341 248
415 414 603 414 697
17 221 309 219
307 314 219 218
479 414 415 852 415
846 605 846 605 846
696 74
314 726 316
221 1 310 309
74 5 516
85 443 85 312
218 268 0
872 17
222 316 793 316
248 17 312
1 85 218 317 313
414 479 479
220 377 6 308
314 309 905 297
73 560 459 177
0 74 316
316 223 311 309 177
1 979 106 371 226
120 377 316 222
177 377 872
74 313 317 1 222
459 560 221 317
223 74 459
248 73 218
120 309 312
74 905 215
248 218 224
224 74 745 221 226
479 177 905
222 311
227 519 459
73 223 221 309 73
222 696 297 73 74
218 221 249 18
215 511 309 905 177
223 223 311 17
414 479 414 916
17 518 363 256 223
310 317 366 310
0 5 379 316 341
309 73 316
310 218 223
73 74 309
415 414 603 414 916
215 255 1 225
74 228 314
85 312 221 316 905
0 146 1
221 309 74
226 301 248
309 341 309
516 743 517
218 204 917 51 85
311 72 21 146 226
85 309 309 311 17
85 507 85 17
215 221 222
