151 96 114
485 417 795 417
417 443
361 976 444 443
725 116 114
263 423 892 423
113 983 113
443 847 981 443
171 165 142 263
48 263 423
229 169 114
318 485 318
981 976 423 370
76 417 455 47
333 211 363 169 261
263 527 113
318 170 114 981
47 361 981
919 847 925 976
263 423 76
417 263 361
925 976 417 48
113 981 318 76
48 485 76 333 367
547 40 75 76
417 176 318
442 245
417 847 976 444
245 455 547
981 919 847
370 116 473 531 263
925 114 318
48 263 485 263
114 609 114 171 333
318 547 47
547 40 318
444 847 40 119 333
423 442 417
423 981 847 847 919
983 114 976 976 485
171 361 976 423 245
485 443 485
48 76 114 261
847 423 847
119 980 119
367 470 753
370 135 438 114
333 609 30 151
333 263 547 547
114 847 847 333
171 443 443 423
847 919 113 847
333 76 114
981 245 318 442
245 455 442
114 527
485 76
367 337 336 251 47
442 976 527
119 816 753 753
47 26 32 151
367 48 113
333 288 296 142 263
423 370 171
547 444 76
976 76 423
47 444 981
261 40 135 443 417
113 48 442 444
171 981 847
925 48 423 925 245
547 444 976 171
263 925 976
981 847 48 76
48 547 981 76
417 171 40 919 976
47 444 263 547
443 437 443
442 84 48 444 113
113 318 976 527
48 252 114
171 409 171 847
47 444 47 976
171 5 34 40 847
442 84 113 438 261
443 443 116 455 245
263 121 142 84 48
48 39 455 333
151 361 976 333
361 47 925 925 47
113 114 263
981 417 171 981
151 29 339 113
76 423 417 29 229
261 48 48 151
263 114 443 976
333 263 171
318 115 361
75 76 263 444
76 417 48 47
333 417 423
245 76 245 686 245
113 976 981 981
76 119 76
75 470 119 261 171
47 107 113
443 261 121 426 113
113 925 976
370 96 318
976 263 527 48
370 725 245
114 919
527 981 318 370
48 113 33 443 547
113 444 527 113 171
417 116 464 444 333
925 847 444 76
245 370 333
485 455 423
47 971 444 547
333 114
245 423 361 47
423 847 547 47
171 976 76 318
444 245 370
444 455 417 423 443
47 981 847
245 367 261
245 367 245
263 115 443 547
485 423 113
76 263 442 417 443
485 76 119
48 171 547
261 75 560 48 113
333 89 919
417 245 367 245
113 47
527 263 417
361 48 423
423 547 47 547 547
263 919 981 318
976 114 485
263 168 263 245
318 282 318 263
263 361 361
318 283 577 333
919 981 263 47
485 263 442 113
367 757 980 261 753
370 116 40 47 114
261 443 547
114 116 28 212 333
48 263 443
847 40 443 417
417 48 442
976 318 263
370 455 455 455 423
333 128 116 263
423 417 115 172 847
151 470 75
47 547 547 165 725
981 442 444
444 76
48 443 981
753 978 753 753
919 443 171 976 76
423 76 444 263 417
318 318 423
151 370 443
245 42 333
114 113 361 444
333 333
981 76 245 547 171
417 113 245
919 976 527
417 29 263
171 245 367
442 26 165 40 318
485 976 361
114 919 847 38 443
976 263 925
417 423 925
976 443 443
76 981 76 114
753 816 953 40 113
263 290 643 48
367 39 151
981 417 981 245
367 748 106 494 75
114 318 455 361 263
895 114 423 423
229 143 160 263
919 847 981 919
48 981 263
753 116 245
370 26 251 417
75 75 470 119
527 318 338 32 417
976 925 48
417 245 417
318 361 443
48 261 367
527 424 429 424 114
48 36 333
318 333 119
361 29 40 318
318 426 306 13 171
47 361 981 443 981
114 361 438 361
333 370
370 113
333 47 114
443 38 47
113 971 114
333 442 370 48 423
48 443 29 229
171 301 444 318
76 443 263
245 725 113 983 333
981 527 263
443 925 318 423
114 82 131 455 48
442 48 527
847 47 333 527
47 40 370 39 229
370 245 114
75 75 76 444
981 245 423
370 417 263 527
263 919 847 417 171
983 113 442 263 897
151 427 261
443 76 443 485
171 455 76 75
76 981 76 47
171 423 847
361 318 981 318
442 423 976 485
171 361 113 442
847 981 333 981
151 417 114 114
114 527 113 443
114 892 896 114
318 76 263 29 443
47 13 27 48 444
263 438 263
423 47 220 113
245 76 245 423
417 547 423
444 847 263 527 113
443 113 47 409 443
443 455 423
361 976 113
417 32 113 171 981
47 47 417 171
485 444 443
261 443 361 151
976 976 919 976
925 245 47 547
417 976 417 976 171
119 980 980 980 757
48 370 251 370
443 981 976 171
847 444
417 443 135 136 417
261 27 48
151 113 417
333 318 485 245
976 847 423
485 976 919
443 444 171 423
361 263 455 914 753
114 229 84 444 485
114 326 114
245 485
113 443 976 417
370 33 27 301 263
263 171 93 261 75
245 116 725 318 423
367 151 28 93 443
333 245 444 485 417
981 981 919
113 527 547 171
114 86 113
725 116 367
361 547 333
263 527 423
527 113 847 417 485
443 423 333
981 443 47 925
229 37 48
318 976 444 455 114
442 423 370
725 40 113
229 114 113 914 753
981 47 847
263 417 925 981 485
361 533 333
333 62 423 527
925 113 919
370 455 370
443 976 48 338 113
443 263 444 263
361 113 925 423 318
333 261 261
48 229 31 39 48
114 170 114
442 318 361
263 486 478 442
151 170 28 114
151 470 171
245 48 444 547
443 919 976
370 547 976 925
367 245 48 47 547
847 113 527
925 114 76
423 114 361 370
417 170 229
229 183 229
114 485 444
47 165 251 135 47
76 976 263
485 318 442
423 443 261
333 577 333
333 180 333 211 333
171 981 263
547 113 96 96 725
333 455 245
370 48 976
444 547 245
114 307 114
485 981 444
547 40 318 925
333 5 169 113
318 333 171
113 263 113
48 847 171
119 96 151 361 245
442 981 318
263 160 417 925 263
333 245 326 114
847 165 847 443 423
47 443
976 411 263 48
76 48 261 367
114 423 13 444
114 245 367 261
361 976 527
114 981 547 171
47 114 438 361
76 76 981 318
47 455 443 76 318
485 166 485
114 919 976
925 114 983 113
245 976 361
370 725 370 47
76 96 48
48 925 925 417
151 113 333
925 981 442 981 976
423 361 333 444
527 443 76
547 113 976 547 47
171 444 245
114 847 165 847 443
318 263 114
981 442 443
48 338 113 976 981
48 338 113
976 411 981 47
333 455 914 251 370
318 361
263 361 251 32 417
333 113 76
417 725 245
318 417 925
725 245 114 261
443 115 437 48 485
119 261 171 361
114 919 981 547
443 135 437 38 443
547 443 444
976 318 333 361
361 31 361
370 135 370
245 725 443 442 333
75 261 361
417 547 547
113 919 443 361
444 423 443
443 318 76
976 333 171
263 171 361
263 411 333
485 114 976
318 444 485 981 981
113 417 171
47 981 76 423
171 547 547 423
261 48 245 485
423 847 455 981
417 423 981 417
114 444 171 847
48 263 925
527 981 361 48 76
444 423 981 76
444 423 925 114
443 26 443
114 442 245 47
981 76 75
444 76 245 76
443 263 96 75
113 333 370 38 847
48 245 485 113
547 165 113
925 47
976 455 444 48 151
847 114 86 546 367
725 245 318 171
171 339 361 361
113 338 48
417 444 444
171 547 423
442 245 318
261 48 925 847
263 485 976 361
370 96 263 62 367
151 263 981
47 76 976 847
981 925 925 976 847
333 245 165 119
151 370 96 114
485 338 37 48 229
423 171 48
925 925 333
48 654 48
370 47 76
229 115 442 485 114
367 318 423
443 29 33 113 114
485 455 113 442
417 171 40 919
333 443 76 318
485 76 976 245 47
76 981 925
443 725 443 444
113 26 47
47 76 423 47
47 547 423
333 925 976 485
48 252 48 485
442 976 444
263 455 547
318 925 48 113 423
925 981 919 263 47
527 318 114
333 366 229
171 470 753
981 527 547 444 47
527 444 76 485 333
527 96 113
757 980 367 261
417 976 919
527 333
318 423 925 48
367 303 128 114
47 245 981
171 40 443 443
443 40 318
981 171 361 32 361
113 245 925
417 116 987 438 361
367 417 263
423 527 443 423 361
263 151 494 438 444
981 361 423 171
261 437 165 119
925 976 847
47 76 113
245 444 438 151
245 40 370 39 229
976 417 725 245
47 370 547
981 245 47
981 76 976
919 263 981
114 165 337 116 367
76 444 443 925
171 113 444 527 976
925 318 171
361 151 263 981
114 168 13 333
47 76 981 925 114
976 919 443
847 38 370 47 443
151 48 263
367 151 48
444 423 527 423
367 980 64 16 367
318 547 547 547
171 443 976
114 419 333
261 361 171
48 171 171
114 464 847 113
333 527 113
417 443 47
333 171 547 171 48
114 76 444 443 444
76 981 171
263 151 113
847 113 169 318 444
367 115 338 113
976 442 370
444 444 48 423
444 47 423
847 925 263 361 151
976 48 370 443
976 547 847
263 897 263 527
417 547 113 133 114
417 367 48 417 76
333 2 114
113 725 417
981 527 423 171
485 485 318 113
263 367 261 367
443 113 370
48 76 114
417 48 76 333
925 423 976
361 40 35 409 417
171 976 976 527 114
370 26 24 33 443
113 171 48 444 48
444 847 444 361 361
245 442
76 444 263
114 527 424 151 367
976 925 333
113 40 417
981 455 547 847
442 443 48 547
113 245 333 423
919 919 919 333
976 847 113 245
367 48 925
114 169 339 113
370 135 75 470 119
333 444 113 919 847
361 547 245
485 981 361 370 47
444 527 981 263 333
47 47 820 443
245 171 976 171
367 361 455 925
983 114 976 976
263 300 444
370 361 423
47 976 318
151 339 361
442 444 245
151 753 900 40 547
361 245 263 338 367
981 263 333
370 115 367
423 263 455 76 76
263 151
485 981 361 560 361
263 47 847
925 981 48 981
48 925 981
263 405 263
119 96 361 547
547 981 245 370 318
443 976 423 981
417 423 263 919
113 133 443
114 417 367 75
114 725 370
114 655 75 40 753
981 47 333
75 339 361 370
229 48 333 547
444 423
527 96 165 367
976 919 847 925 976
333 527 444 13 318
919 443 919
151 29 229 48
417 455 443
370 96 115 361
263 424 245
151 113 725 245 47
113 442 96 444
847 847 981 925
333 444 245 76 113
417 438 96 48
444 423 981
113 444 847 455 417
443 333 261 443
417 86 113
47 263 919 455 245
261 455 361
76 444 527
725 370 417 27 48
48 423 442 485 113
976 485 981
48 560 336 41 47
113 919 443 245 171
113 26 438 470 171
925 455 48
113 96 96 725
263 116 261
527 527 443
48 261 455 485
76 485 444
48 643 48 151
547 423 547 455 48
361 47 318 981 925
48 370
795 417 423 114 981
263 333
333 820 333
333 547 318
171 361 976
370 47 482 531 114
423 333 895 417
370 92 370
485 423 444
151 113 547
725 443 442 444
976 444 455 114
151 62 159 62 151
485 455 114
417 895 417 795
151 30 37 229
263 82 333
76 96 76
847 444 47
229 30 263
417 333 444 438 417
113 442 976 547
919 113 847
925 455 919 919
114 326 245
47 245 171
245 925 847
361 31 361 455 417
229 48 976 113
361 151 417 318
976 976 263
171 470 655 367 333
245 444 171
171 443 245
245 318 370
75 84 229
263 361 136 361
261 119 76 423
119 427 170 339 443
75 135 136 27 361
171 976 417 333 417
114 333
113 971 26 370
417 263 333
263 151 151
976 847 976
151 361 547 527
333 261 443 76 114
925 925 423 925 263
361 115 336 437 847
114 116 263 897
113 171
47 113 114
171 48 261 75 48
171 263 48
485 221 85 370 47
485 976 423 981
976 443 981 423
417 895 417 171
263 527 114
757 757
417 29 24 261
443 443 318
263 423 444
847 40 753
547 981 333
361 437 443 171
171 981 245
318 981 114 220 113
229 338 48 925 443
245 76 333
114 36 367
245 47 96 417
261 96 151
48 318 725 370
547 361 151
442 263 919
361 976 48
925 113 547
151 470 116 64 318
753 40 443 370
361 29 229
527 444 333
444 443 847
753 914 914 169 114
171 339 47
47 172 82 367
370 113 263 96 76
847 114 76
114 361 443 847
113 76 263 976
245 547 847 48
370 26 47
76 263 29 443
547 370 427 119
753 151 32 93 171
151 37 29 229
370 48 976 443
925 455 444 76
370 442 113
981 417 981 245 47
48 47 547 547 370
485 423 455 261
981 981 47
318 925 114 361
48 263 686 245 48
423 263 96 370
318 338 113
370 725 113 442
114 564 114
361 417 29 417
333 411 405 333 983
423 96 119
114 318 47
423 847 443 442 48
485 485 263
333 271 333
114 47 47
370 442 423
263 76 444
47 361 981 443
361 32 30 27 361
444 361 318 318 318
443 361 263 274 263
981 485 76 423
318 485 976 981 114
76 48 36 442 981
114 76 76 263
444 976 444
47 443 245
370 339 151
263 527 527
114 423 417 76
753 261 151
547 333 155 333
333 455 58 494 261
725 443 547 47
361 263 367
171 171 981 171 370
361 437 847
725 113 361
976 48 981 417
245 48
151 48 245
333 919
263 981 423 318 444
442 370 318
151 116 263 283 333
171 26 47 444
361 417 442 263 318
423 442 370
263 919 976
47 847 925
47 444 361
75 165 443
261 753 816 170 229
318 370 47
443 76 114 847
318 171 455 261
976 48 252 114 417
976 919 976
48 263 423 444
48 370 151 367
847 47 245
333 114 444
547 423 13 263
725 443 263
263 333 423
114 442 245 245 263
361 40 318
318 976 417
361 116 121 263
171 93 171 423 333
333 847 547
47 114 925 981 925
318 318 547
367 338 114
370 339 75
263 318 370
444 113 169 82 318
261 30 40 151
171 981 48
333 527 318 245
976 847 919 847
75 470 655 171
318 13 361 423 245
417 339 171 847 547
361 981 981 444
114 547 361 135 361
333 76 47
171 339 725 245
370 318 245 976 263
444 333 129 367
171 547 263
171 301 686 114
925 847 925 443 48
370 547 976
981 48 527
47 444 485 245
423 485 443
417 925 925 417 725
370 245 76 47 263
417 444 976
417 925 925 423
171 171 981 113 245
847 437 339 547
981 48 263 423 443
114 261 27 48
114 113 983
171 417 367
547 847 417 976
443 26 47 114
444 361 115 442
361 171 171
245 160 333
367 473 536 229
171 847 847
171 26 24 114
753 119 76 96 442
443 171 981
114 976 48
442 442 48 427 47
245 981 919
925 925 443 261
318 442 370 361
171 976 981 444
47 444 245 455 981
423 76 263 417
263 547 171
114 442 981 442 444
263 925 245 263
547 417 370 318
444 455 547
261 339 261
151 170 900 165 114
263 142 263 485
261 165 361
370 318 925 48 925
981 847 847 919
981 113 725
333 976 527 114
75 76 485
114 919 443 48
114 976 171 423 847
443 47 47
367 245 245 82 261
114 93 116 245
114 76 47 333 113
547 165 183 113
171 40 438 444
48 423 47
318 411 976 318
261 32 261 486 114
333 113 547 333
423 442 444 417
171 245 48
367 36 23 367
48 444 361
547 40 113
417 40 251 96 442
171 409 171
113 455 925 455 114
76 318 245 547
547 40 725
76 113 76 113
925 443 76 443
547 443 115 318
113 76 485 263
443 171 976 76
444 76 333 47 263
48 547 981 76 48
423 417 847
443 919 263 417 547
981 48 76 114
423 971 113 171
925 245 47
113 442 981 981
361 361 367
48 114 981 442
547 113 527 527 48
318 527 318
261 32 417
361 116 434 114
318 417 151 151 48
981 444 76
444 527 547 171
114 96 47
245 417 895
114 443 444
527 981 361 423 171
151 40 361
333 981 417 367
527 318 338 115 367
48 48 245 370
113 76 455 417
367 748 367
245 370 725 114
444 443 417
795 417 976 981
114 686 564 263 485
263 925 245 263 442
333 417 725
114 361 370 245
925 263 333 423
263 47 976
925 89 437 417
443 976 976
925 47 444
114 767 114
114 919 114 919
114 895 417
263 847
370 85 313 74 485
263 405 114
442 35 26 165 47
443 847 443 370
113 527 976 76 417
261 455 443
48 976 547
114 245 38 170 485
263 847 47 847
847 981 527
261 116 725
527 527 976
443 981 76 976
261 40 28 333
333 423 333 261
333 444 113
151 370 135 40 547
151 37 27 417
171 40 261
114 361 547
983 114 443
367 419 114
527 423 444 423
725 318 976
114 426 423
245 444 547
318 367 333
847 547 47
48 318 443
444 442 170 753
245 442 333
981 485 263 442 245
367 32 261
370 443 925 333
361 981 245 48
443 527 114 767 114
847 40 725
113 443 48
547 263 76 981 925
48 427 48 261
925 113 113
442 48 443 261
423 423 318
417 417 795
318 370 151 96 114
76 47 318 547 423
263 897 263 925
547 48 444 442
333 2 160 318
113 444 318
370 423 171 318 76
47 444 423
361 438 96 119
443 847 437 339 547
527 113 171 981 442
547 318 423 847
76 485 444 423
919 847 113
976 981 423
318 547 245 725 113
527 113 361 29 361
847 263 527
76 96 442 417
981 318 976 442 417
263 245 367 107 367
48 444 113
245 38 443 370
417 976 925 47
443 414 449 414 443
245 725 318
333 919 113
171 655 171
417 23 35 438 263
527 318 48 361
114 423 171
485 76 976 245
367 318 263 919 981
367 151 85 370 423
261 116 128 333
423 370 417
318 76 263
485 976
333 76 443
113 983 114 443
367 748 151 361
114 925 114
981 981 919 113
442 114 114
263 485 485 76
367 980 757
47 981 47
443 245 442 318 47
367 116 263
443 318 171 115 333
333 96 114
333 245 976
114 361 96 370
263 30 93 114
981 47 423 925 245
925 455 96 370
444 443
981 981 925 113
171 423 245
229 31 39 48
171 339 455 76 444
423 361 361
171 245 442 370
847 847 47 547
151 370 442 443
443 47 48 171 171
361 333 47 113
919 976 245
113 725 370
113 444 976 527 547
925 925 976 443
367 417 245
847 847 547
263 283 263
725 116 245
171 48 261
423 13 318
76 976 547
333 919 847 113
367 48 976
333 263 76
547 423 48
245 171 547
361 417 725 417
119 427 47
485 84 105 427 48
113 23 333
725 318 114 417 725
75 655 167 165 333
753 978 753 119
113 115 261
925 925 417 725 114
981 455 847 981
245 40 171 976
171 361 34 151
263 423 76 114
113 116 317 485
333 171 261
981 76 245
47 547 976 417
333 302 183 114
485 981 485 338 318
333 47 48 114
119 470 151
333 925 48
47 925 318 48
263 976 76 455 333
261 27 33 33 370
423 121 333
151 29 443 263
76 976 114
318 444 47 423
114 371 114
919 847 444
443 113 26 442 370
443 245
983 333 976
114 847 847
981 444 171 263
245 339 437 75 261
318 361 263
171 981 443
114 361 361
925 976 442
48 482 47 423
48 36 442 981
417 925 318 361
333 261 114
417 976 442
423 442 981
47 925 847
47 40 119
151 263 527
113 47 96 119 753
367 338 245
113 925 847
976 47 370 47
229 177 229
48 361 263
442 423 114 423
423 444 547 48 333
367 256 367
76 976 113 981 47
113 983 113 442 263
114 48
370 318 5 171
925 113 981 442
976 442 442
171 976 919 443
981 485 444 443
245 725 370
423 47
47 417 370 245
333 23 86 536 229
114 76 318 417
151 170 261
113 527 547 443 485
981 263 47
171 423 485 485 485
48 151 263 116 261
318 976 361
47 455 976
725 113 442
261 455 423
444 847 981 48 443
151 62 417
443 547 417
547 455 261
981 171 263 29 229
171 443 40 417 795
333 333 517 333
47 976 976 981 423
333 736 333 171
318 83 495 155 367
485 318 527 48 113
976 47 455 547
897 263 547
442 84 333 485 245
442 48 171 116 261
442 263 981
48 39 367
919 443 547 981
981 981 547
171 423 263
442 442 370
443 113 725
113 919 263 151
443 427 165 361
547 263 847
527 424 151
113 444 485
263 47 114
114 30 40 47
361 976 76 455 847
976 361 361 976
417 437 26 442 444
444 114 725
171 165 367
151 28 29 263 919
976 847 48 263
485 333 119
370 96 325 340 367
318 47 47
48 444 417 725
361 160 318 263
47 847 925 925 113
114 86 263 976 442
114 252 114
318 5 445 5 333
442 981 976 114
76 443 333
444 13 318 423 76
976 976 417 367 417
47 847 263
704 704 107 417
444 171 423
114 485 113 220 114
444 171 113 165 75
444 423 527 547 847
547 38 48
245 370 113
361 423 444 547
245 444 13 423 423
485 485 318 171
263 981 423 527
361 547 339 443
361 116 47
333 981 547 981
333 427 655 367
47 423 171 245
361 29 545 24 114
361 976 245 114
263 424 245 423 76
361 367 82 261
151 113 443
47 263 367
547 547 547 361 367
113 444 333 547 847
113 438 116 370
245 370 423
547 423 443
423 527 527 976 527
113 443 261
919 114 290 533 171
443 48
76 5 135 47
333 444 981 444
113 367
48 84 134 64 417
333 212 83 278 114
75 367 245
527 981 361 48
919 263 981 442
547 981 417 151
245 113 444
847 547 547
485 417 725 113 318
333 318 114
318 183 229
547 333 47 48
370 443 455 76
318 245 263 847
443 47 38 417
423 527 114
976 47 417 76 485
925 318 423
367 115 245
919 40 47
370 339 417
171 318 547
119 229 39 229
114 925 47
245 547 547 981
370 135 75
704 107 212 367
367 318
263 96 370
114 847 423 485
367 48 417
245 455 976
47 114 981 981
976 48 151 370
897 263 417
417 437 26 40 47
261 35 26 165 171
370 318
263 919 40 443 981
151 370 135 361
417 76 113
113 547 981 245 370
76 423 333
981 847 847
47 96 119 753
48 847 423 361
114 919 976 113
370 423 121 96 114
119 76 981 76 114
333 919 976 976
361 318 318 318
171 114 47
151 165 367 113
318 455 442
318 527 318 171
333 155 351 256 318
847 981 333 981 547
114 261 655 171 417
318 48 443 976 318
361 47 417
76 119
114 261 151
981 171 981
444 444 48
443 115 172 486 245
263 527 113 725
919 847 981
171 444 417
367 434 113
925 423 976 48
417 367 75
417 367 417
151 23 96 444
76 981 485 485 443
547 527 444
417 76 89 919 263
113 26 24 261 119
75 470 367 151
114 527 263 263
318 113 932 115 442
423 925 333 76
75 165 547 318
443 455 443
333 263 976 263 47
443 47 847 925
417 29 151
151 339 361 318
48 338 113 976
333 485 976 919
76 113
361 165 75
245 47
318 981 318 981
443 423 442
333 269 615 546 367
48 847 455 925
114 527 48
361 113 455 170 318
318 245 333
261 96 135 443
370 442 442 443
114 981 442 423 925
171 547 48
423 976 485
981 423 318 444
113 169 367
443 485 263
48 976 114 485
725 443 442
263 976 171
48 76 417 162 417
976 981 114 76
527 443
547 444 423
976 981 455 318 417
417 444 318 367
919 333 249 83 318
47 76 444
981 171 847
245 442 263
417 455 443 417
361 48 171
443 245 442
151 339 26 443
367 427 119 76
113 981 442 417
263 245
976 847 417 981
976 361 47
361 423 47 971 444
318 170 169 333 444
333 96 302 455 333
370 423 171 981
444 417 136 361
423 981 527
171 114 361 318
333 165 114 976
417 107 361
113 478 183 405 245
245 245 82 261 119
443 414 370 245
113 171 470 655 367
245 981 527
547 318 423 485
919 40 847 925 114
245 40 370
367 318 76
370 455 339 437 847
318 442
983 113 556 113
245 976 547 245
263 443 919
113 263 151
263 30 26 113
119 165 261
444 444 47
151 113 925
48 75 76 976
423 976
171 93 171
318 82 642 513 229
261 24 367
113 443 263
370 171 370
925 976 976
442 318 367
417 455 443 417 444
423 847 40 919
444 48 47
245 981 444
318 976 318 981
171 133 547
527 976 925 245
443 370 48
151 170 36 333
725 318
76 423 847
171 981 171 370
485 48 252 48 485
417 171 976
547 443 485
333 172 424 62 245
318 48 263
245 114 533 249 333
485 221 485 485
976 919 847 925
114 339 169 494 261
48 37 48
47 245 925
318 426 263
261 437 47 38 113
47 981 444
171 547 171 48
547 165 333 442
229 30 169 62 113
981 847 443
113 976 442 245 485
527 48 113 925
263 113 527
444 847 976 847
370 26 442
443 333 176 417 151
119 76 76 89 925
245 925 263 547
370 171 245
47 971 444
76 75
547 245 423 925 114
444 263 417 847
547 171 981 318
485 976 442
47 113 485 113 983
318 409 25 370 442
76 48 40 318
47 547 47
119 980 367 361 417
423 263 171
113 442 370 171
318 417 370 151
443 339 171 113
443 443 423 423 171
444 76 976 423 847
361 318 423 318
847 444 361 361
417 847 417 48
261 470 261
370 48 527
423 318 423
795 417 547
151 370
318 424 318 245
919 89 434 152 333
367 417 442 442
114 361 318
442 423 361 361
113 444 444 47 976
361 361 113 527
442 485 444
443 48 444 443
443 171 361 443
245 443 444
423 485 485 245
527 527 114
981 318 976 442
48 443 417 925
443 485 221 485
76 263 417
423 113 423
443 981 47
367 333 361
261 443
261 48 443
361 443 165 482 47
119 261 261
119 333 527
318 981 245
370 547 361 981 263
245 367 980 261
47 47 263
423 527 113 367
361 333
333 609 609 333
417 79 47
417 171 171
47 361 318
361 171 847
47 427 75
417 725 339 443 925
333 547 114 340 367
76 333 47 263
76 47 172 82 367
333 736 86 47 245
333 423 442 981
333 925 925 245
114 895 417 485
47 318 170 114
114 86 263
48 47 113
76 114 114
423 925 263
370 361 370 48
333 370 318
114 165 753
547 455 24 151
417 367 75 76
981 318 444 547
114 495 300 444
725 40 847 171
114 47 26 370
897 263 527
48 547 318
333 925 455 113 725
75 36 333 847 114
417 162 133 62 423
527 443 423 527 547
263 919 919 919 113
753 119 455 443
76 981 443
527 113 443 361
370 113 485
151 40 919 263
318 925 443 333
75 76 119
113 33 443
48 165 48 38 547
113 486 261 361
444 981 411 517 333
485 76 485 442 370
113 245 48 39 367
367 427 121 261
417 116 370 361
113 725 114
444 442 455 261
263 338 114
547 547 165 725
261 443 133 443
485 318 527
897 263 318 47
119 753 119 76 114
423 263 547
423 114 76 113
245 426 423
847 919 40 442
151 85 151
976 361 417 442 263
361 423 370 318
318 409 25 370
171 981 919 263 981
114 443 318 76 417
76 245 925 114
333 261 986 470 151
47 981 318 444 547
333 925
333 171 981
925 443 48 75 75
151 438 333
976 113 847 444
897 263 442 48
261 75 36 48 114
318 981 442
847 113 547
919 263 114 981
981 318 370 245 114
547 47 976 981
263 443 116 114
171 976 976 527
75 165 261
981 976 417 725 245
443 417 339 47
443 725 443
114 919 919
263 547 847 333
171 361 48
113 114
47 417 444
113 976 547 263 171
919 976 423 48
263 925 443
171 261 261
983 113 318
318 370 443
485 976 423 547
547 527 424 527
485 318 423
171 26 47
171 423 925 47
370 423 443 263
547 981 245 370
47 455 318
113 333 895
318 333 113 76 48
925 263 847 47 847
318 485 170 442
47 455 547
361 370 116 753
171 171 547 113
725 245 981
753 119 76 263
976 547 976 547 547
114 47 245
76 443 485 442 48
318 547 171
245 417 318 981
442 113 478 113
114 13 263 114
333 23 333
261 30 151
333 983 333 976
261 367 318 263
119 753 86 470 151
151 261 114 210 245
47 443 417
919 919 919 919
442 370 427 119
417 27 339 547 113
417 444 485 443
261 455 370
113 485 113 983 114
76 114 261
114 527 113 361
113 485 417
263 919 443 444
333 615 269 333 981
443 116 113
114 485 981
925 981 925
367 24 40 409 171
48 925 847 919 976
527 318 361
48 925 847 919
417 442 442
261 48 925 847 114
547 981 847 48
444 76 443
76 47 976
423 113 245 113
981 76 114 919 443
261 37 261
151 170 169 263 547
976 847 48 442
370 113 919 263
527 976 171 444 76
442 333 925
76 76 263 847
151 32 261
423 547 527
361 47 318
485 48 976 442
114 547 437 816 753
76 318 333
113 976 981 919 333
925 847
547 333 47 48 114
113 983 333
76 444 527 444
263 256 28 114
47 263 318 976 981
333 981 417
370 442 442
47 847 981 417
48 976 442 48 976
333 361 32 417
443 76 119
976 171 444 76 423
261 470 171
443 423 442 444 417
976 527 981
442 48 443
47 263 527 263
113 370 171
333 486 114 609 114
76 47 423
113 76 981 527 263
417 981 48 76 114
981 925 47
443 547 547
114 405 114
547 547 38 443
47 38 113 976 444
725 116 370
417 444 455 29 261
113 48 444 847
113 114 442 442
263 169 113
925 245 423
47 40 151
333 527 423 48
981 527 113 26 113
119 333
113 473 367
245 114 261
47 333 76
333 423 527 318
444 47 547 171
333 925 976
925 245 171
847 47 339 361
370 48 444
119 76 423 981
444 171 847 925 263
113 543 170 229
263 301 171
547 547 547 40 442
318 976 981 333
443 41 171
485 443 725
442 981 318 423
361 976 361
423 76 114 919
442 40 48
229 48 847 423
245 245 361
245 263 121 333
263 115 531 333
370 25 361
76 485 333 119
443 444 171
114 564 263
333 485 442 423 370
361 113 485
444 113 847 171 263
114 169 105 333
444 485
976 318 370
361 40 27 361
76 76 113 981 847
547 47 547
919 333 609 333
171 133 547 47
75 367 757 980 261
113 183 93 443
48 27 116 261 333
113 919 976 442
171 361 116 434 114
113 29 113
976 76 76
976 981 361 47 318
981 171 165 725 370
113 62 35 338 367
442 545 23 37 48
318 5 980 470 753
75 437 417
370 47 361 981 443
113 176 318
261 30 820 30 261
527 114 361 443
485 318 417 895 114
263 686 531 263
47 427 119 229 48
485 485 485
442 48 482 47 423
318 361 113 485
442 84 333
847 113 527 547
47 443 263 367
318 245 981 263
261 470 116 40 370
925 47 47 547
417 76 89 919
725 40 847 171 361
976 171 423 76 485
47 370 48
442 423 47
361 455 171 417 976
443 417
983 333
47 48 151 136 361
423 318 333 919 114
48 75 261 32 417
318 96 263 919
897 263 485 976 361
261 37 48 263
367 367 48 925 847
318 925
527 443 444 417
261 261 151 261
976 527 263 981
527 976 976 919
114 48 547
547 48 444
444 444 442
261 24 609 114 443
423 113 444 48
847 981 547 981 485
981 171 361
361 133 443
245 326 114
245 925 976
171 26 165 93 367
114 338 229
925 333 119
981 171 981 443
333 163 333
417 847 114
245 82 427 443 361
367 28 166 333
245 96 438 417 367
47 168 263 361
919 113 151
47 48 48 527 547
370 116 27 261
370 547 423
423 981 976 847
263 417 318
113 47 417 370
443 417 795
981 455 976 411 263
151 748 944 748 367
443 976 527 976
361 547 333 48
443 47 483 47
981 976 442
847 165 361
919 919 976 318 333
261 261 48
48 114 333
417 547 171 263
318 263 169 753 151
229 170 318 84 119
417 423 47 443 76
417 115 261
48 925 847 114
114 363 129 107 114
113 919 919 919 919
367 24 151 263
171 171 976
113 33 370 48 443
114 48 442 370
417 47 113
417 333 423 333
753 170 318
443 423 361
48 263 171 981
318 171 339 361
444 423 847
263 116 114
361 976 263 423
417 437 30 438 417
151 251 339 113
527 113 367
847 925 976
113 443 527 547
981 847 417
245 339 114
171 443 409 184 114
318 367
795 417 48
48 76 119
444 981 444
442 263 116 361
361 417 361
976 981 171
485 76 263
171 455 443
333 47 76
417 76 333
119 427 980 13 47
361 455 547 47
527 263 981
113 51 261
263 442 333
417 423 847 547 47
981 318 76
423 423 48
527 547 113
47 333 443 76
417 423 444
417 76 423
417 263 333 171
229 169 437 261
725 443 113
442 443
485 170 417
47 981 318 444
245 444 443
527 981 455 245 442
114 976 976 485
229 39 48 48 245
981 113 245
333 417 361
983 114 113 361
795 417 444 444 48
114 444 48 333
263 547 455 442 114
245 925 981 361 547
423 981 455 847 981
547 443 444 444
981 423 527 114 333
76 976 263 423
919 847 113 547 444
48 263 417 423
48 36 442
417 437 443
361 981 925
981 455 547 318
75 494 173 333
47 971 63 28 114
263 444 113
245 38 40 171
367 531 340 114
114 983 113 318
48 263 919
263 76 976 442 976
527 263 30 33 443
318 443 370
442 40 37 151
370 423 485 245
443 40 34 339 113
443 547 47
76 263 29 443 485
245 48 263
423 847 464 455 48
444 263 443
114 443 427 119
333 423 48
263 96 340 547
333 981 171
151 48 47 114
527 5 318
47 443 263
333 245 113
976 919 113 263 151
443 423 485
753 119 76 444
847 333
367 263 301 170 417
981 47 443
333 233 209 16 367
114 338 318
423 48 151 23 151
444 318 411 976
113 26 442
245 547 40 24 151
423 976 976
485 442 976 417
318 547 370
245 925 333
981 113 981 48
981 442 48 527
485 423 417 981
981 444 442 443 48
263 115 367
114 212 367
229 560 75 76 114
795 417 245
333 455 361
261 151
367 32 26 113
318 370 47 981 263
725 339 171
367 165 753
444 245 485 263
919 263 438 365 114
925 263 333
925 423 361
263 116 34 25 370
75 367 96 333
333 895 417 442
847 922 847
444 976 76 981 47
263 417 423
333 171 417
47 925 333 115 229
361 976 423
423 370 48
151 251 32 113
114 165 443 114
114 83 113
442 455 370
263 96 76 976 48
75 36 127 318
261 361 47
443 370 547 423
114 261
318 423 76
333 417 423 245
333 113 76 48 925
423 423 333
485 981 333
976 423 847 417
547 318 423 485 485
485 263 168 263 245
261 655 171
547 976 417 333
114 725 417 547
333 36 35 442
361 981 443 48
245 48 39 367
113 370
443 261 75
417 455 245
