40 24
38 165 35 165 40
30 23 107 23
964 23 29 35 590
30 29 33
30 37 40
30 590 28
26 24 455 29
964 40 38 25
31 24 31
878 33 34 590
35 13 239 373 964
27 339 30 38
40 93 27 30 35
721 229 721 37 28
40 370 25 35
24 545 28
39 35 30 588
878 35 13 35
35 30 34 33
23 33 32 883 32
545 590 37 25
588 30 34
35 38 30
34 31 33 590 953
29 38 24
545 36 25
25 26 953
29 28 28 26 26
27 136 30
30 165 367 30 588
588 26 545
27 48 165 34
40 48 245 245 40
785 23 13 40
23 590 953
30 30 34
37 721 30 27
28 38 165 23
37 31 38
35 38 590
37 25 35
27 39 23
35 36 442 35
40 29 31 38
23 39 229 721 28
34 588 30 37
40 39 494 590 545
40 545 24
40 29 964 24
722 38 40
30 251 40
27 437 438 35 31
40 38 34 39
30 339 339 30
36 588 37 29
28 721 28
588 26 588 438 26
26 588 36
36 36 545 24
27 29 29
39 367 116 38
26 953 40 30
545 183 367 23
878 33 34 588
38 438 437 26
35 23 30
953 997
28 34 37
34 438 261 40
34 27 36 31
35 533 590
30 337 27
545 37 24 590 32
39 133 39
40 339 33
26 23 953
35 878 33 28
30 33 38
32 26 28
964 29 40 119 40
588 30 37 40
38 590 27
33 878 23 29 33
27 588 29
32 24 988 24
23 30 590
23 151 24
29 588 23
36 34 30 39 39
38 37 32
23 785 23 785
23 337 336 30
36 28 32
25 437 438 32
38 590 37
28 170 816 40 590
39 437 438 590 24
32 590 27
39 33 370 37
30 24 654 24
590 32 28 261 27
30 34 37
26 27 32 261 29
30 25 27 33 35
997 953 590 590
40 29 13 36
40 33
34 28 588
23 34 24 38
25 30 40
37 151 32 261 31
35 37
30 23 30 590
27 35 170 86 28
545 588 588 30
29 229 37
38 27 261 437 39
26 588 25
24 24 28 34
721 30 409 590
31 38 23 35
25 34 588 30
23 229 29
34 34 30
33 31 36 37
29 545 28
33 38 34
26 24 964 29
29 116 251 123 31
34 25 361 32
785 545 30
722 28 25 40
34 30 39
30 27 26 26 27
27 437 261 24 27
35 129 28
24 26 38 24
588 25 28
33 34 37
37 590 32 37 35
33 35 38 40
40 24 23 964 40
30 590 35
36 367 28
27 40 251 26
36 367 24
24 588 34
31 23 878
27 37 26 26
38 915 38 116 23
40 917 27
32 261 486 114 35
31 121 29
29 30 30
38 339 26 34
37 40 34 30
545 588 26
29 38 25
34 590 590
32 32 23
30 29 438 25
590 545 590 29
35 31 31 36
32 261 32
588 25 27 28
27 135 165 26 26
34 38 38
29 438 545 590
35 878 35 38
27 560 363 28
40 953 35 24
30 35 31 40
28 35 25 37 26
588 34 28 588
36 318 40
40 40 953
915 38 34
35 27 36
29 26 25 30
29 24 28 23
27 27 560 40
34 151 34 38
28 38 33
29 40 28 31
590 33 38
28 545 29
35 40 27
590 33 27 33 33
38 31 32 29 24
32 338 27 722
588 34 23
997 27 545
26 40 40 28
588 37 37
30 33 32 33
32 30 33
24 953 27
31 39 165 25
38 26 171 26 590
34 33 28 33
30 27 997 24
32 473 30
34 40 38 33 37
30 37
29 160 284 971 29
24 30 33 38
721 721 37
28 590 171 470 590
545 36
23 261 24
40 33 30 39
39 39 37
36 35 169 30
34 588 30 37 36
28 367 39 93 32
25 24 38
31 361 47 86 31
590 438 30
23 588 29
35 588 26 27 39
28 306 28
37 261 133 172 28
40 151 23 785 23
545 37 28
33 590 590
28 40 32
34 25 34 588
38 590 24
34 32 40
40 119 40
39 229 30 37
24 28 34 26
31 34 545
31 24 35 24
721 721 721 37 588
40 560 229 29
30 33 38 722
39 35 655 35
588 588 25 545 30
28 105 163 473 25
26 27 721
26 590 38
590 470 986 261 29
997 24 35
30 545 30 38
29 151 23
34 33 590
953 590 38
35 38 438 34 38
37 39 31 23
953 35 24 30
28 35 51 29 37
34 27 136 30 32
35 30 26 38 28
28 36 24
27 437 25 27
35 39 35 588
28 33 34 36 24
590 545 37 27
28 37 40 31
35 24 37 30
25 339 169 24 38
33 13 29
29 26 30
23 34 39
545 37 24 988 24
38 33 24
26 438 32 35
28 34 27 39
26 37 24 26
26 443 38 38
34 545 588
40 245 370 38 722
26 13 590 35
34 545 34
28 39 31
722 27 588
30 590 32 28 39
32 116 655 35 29
24 33 34 39
915 38 722 27
31 282 31 438 27
29 34 40 37
785 23 13 40 964
722 27 34 339 27
34 5 261 40
40 27 261 23 953
25 588 588 588
37 545 588 24
35 151 37
40 26 113 33
35 31 39 29
27 37 33 28
26 13 590
26 953 590 33
39 494 39 34
40 590 545 29
29 964 23 25
35 34 35
28 33 27
29 25 36
26 588 588
35 35 25
29 32 93 40
32 26 27
30 33 590 40
35 23 38
24 953 28 721
31 40 953 23 34
32 883 116 35 23
24 988 24 35
36 34 26 24
953 816 40 28
28 27 997 27 31
24 953
26 26 251 27
588 588 37 34 34
40 438 38
29 588 34
28 24 23
34 31 40 37 30
26 588 23 545 26
29 261 30 40
40 816 165 160 36
40 26 35
28 29 30
37 37 29
40 40 28
31 37
34 30 23
40 37 34
35 30 588
30 337 31
28 37 127 36
27 417 339 35
29 34 26 26 34
38 370 40
34 24 36
590 24 35
545 590 35
30 165 367 30
35 953 24 28 31
30 135 437 339 27
35 28 23
40 25 35 27
32 883 27 33
31 34 33
27 31 35
32 34 29 36
23 434 87 545 26
25 459 29
31 37 34
31 229 23
37 151 23
23 878 23
40 35 24
37 26 27
24 39 116 123 31
545 25 40 590
23 38 915
31 36
590 28 722 38
38 25 35 588
27 35 590
721 37 32 27
37 26 37
30 33 35
25 370 37
24 30 251 23
588 24 964
25 409 25
37 39 34 26 25
32 30 29 24
37 34 590 545 37
34 38 29
24 30 590
37 34 25 35
27 40 545 590
23 301 36 36
34 30 229 229 39
39 437 26
30 337 96 370 26
33 33 38 37
31 361 27
30 590 37 545
27 590
785 545 36
37 84 37
30 38 915
25 29 32
545 590
38 39 35 31
35 442 113 28
24 38 38 26
39 24 39
31 438 590 38
35 31 31
37 24 32
26 37 36 35
590 34 23
588 28 25
34 38 27 722
37 590 40
590 38 438 33
25 30 39
590 26 32
33 38 37
34 30 39 39 28
32 438 31
31 33 590
34 165 261 261 40
31 34 38 29
27 590 26 34 33
25 35
26 251 26
40 23 39 35
35 31 24 36
31 438 32
26 32 438 36
37 590 32 28
39 35 26 34 29
40 443 113 40
37 721 721 30
29 24 545
37 36 31
24 39 34 24
33 32
27 36 34 26 29
37 25 23
997 27
35 151 32 37 29
953 27 953 35
40 151 23
38 165 34 26
26 47 113 36
34 36 28 721
31 27 417 339 35
39 30 23 30
34 24 33
34 25 23
36 127 37 588 27
40 135 5 34 36
34 35 37
35 25 36 35
33 37 25 37
33 438 40 34 588
33 370 245 442 26
24 64 197 27
721 721 721
28 26 30
34 40 37
40 40 31 35
32 37 34 25 35
34 545 24 29 24
29 964 23 29
29 32 13 93 28
38 443 261 37
40 24 588 24 26
32 30 36
30 417 38 24 40
24 590 26
26 24
30 36 27 721
953 24 32
30 33 33 13 785
38 30 28 721
27 40 27
23 34 151 30
878 35 35
997 27 588
28 34 34
26 588 282 33 32
29 32 339 25
25 37 39
953 23 878 23
24 35 33
29 29 30
35 24 25
40 261 655 37
29 24 36
34 26 29 34
37 32 23
590 545 588 29
25 40 32
39 367 32
36 409 409 23
29 113 29 169 588
24 36 23
29 438 545
24 34 24
34 34 27
590 590 26
545 438 339 30
997 27 28
28 128 30
25 339 25 28
28 30
32 32 28
32 26 588
29 36 29 32
23 953 40
29 23
590 35 953 28
953 24 33 34
39 37 34 590
588 34 38 915
27 23 964 40 24
35 409 292 822 953
35 953 997 953
588 545 40
39 38 24 34 27
37 261 27 722
721 27 24
27 545 29
23 480 62 169 35
31 23 25
33 339 38
953 26 27 24
37 39 560 29 25
545 24 34
33 37 370 39
32 590 590
590 35 34 26 27
24 28 23
590 23 25 27 23
953 23 41 28
32 339 29
31 28 30 590
32 32 34
28 51 13 588
25 29 486 28
785 545 23
24 35 32
34 24 609 24
34 28 338 37
23 545 23
23 38 26 27 23
37 590 545
30 721 721 28
23 38 35
32 34 25
38 31 261 35
36 442 35 26 35
33 28 27
30 764 30 32
28 24 34
30 40 32
23 30 31 31
25 37 32 33
31 40 35 30
953 23
34 588 588
953 35 878 27
30 24 40
953 26 24 36 25
31 32 26 23
721 37 23 36
23 35 953 590
37 127 36
28 301 953 590
34 588 545
40 33 37
27 27
36 93 165 367 36
29 40 113 32 26
27 31 82 30
31 438 27
23 153 283 392 588
24 35 473 25 23
23 27 27
28 151 31 107 31
31 28 338 28 36
37 37 30 721
953 28 93 30 38
964 29 588
24 38 31
31 24 35
26 23 30
40 545 590 30
590 40 38
40 38 26
36 409 33
28 165 136 27 36
40 590 35 31
588 282 33 32
23 785 545 23
24 23 301 36
27 165 545
28 40 170 261 30
39 13 339 35
23 367 32
878 35 30
964 23 40 26
32 590
28 405 695 459 29
27 24 35 32 30
28 229 39
40 23 39
33 33 878 27 38
30 30 33
588 588 36
24 29 32 31
34 32 27 128 28
35 33
30 151 24
36 29 34 24 36
40 34 28
34 37 545 588
40 28 29
30 23 25
40 25
23 785 545 34
27 339 26
29 35 590
23 785 13 33
31 40 34 23 33
545 165 33
588 545
30 93 424 28
37 25 30
29 27 36 27
590 24
24 964 29
28 655 470 119 40
24 988 24 964
32 26 40
38 34 33
38 26
35 39 35 588 29
34 32 32 33
33 33 24
28 722 28 26
26 590 38 915
34 590
34 40 29
35 23 27
29 26 25
588 307 206 588
27 721 721 721
33 409 785
27 258 249 28
24 590 34 545 40
33 438 26
40 32 37 32
25 24 545 29 590
545 473 29
590 438 900 40
39 37 84 37 33
588 28 35
878 27 339 25
27 24 590 34
34 438 33
36 37 37
878 23 37
35 23 24 33
28 420 28
25 24 545 29
26 23 953 35
30 367 32 24 36
37 40 361 32
34 23 39 37 588
24 964 24 590
25 588 23
590 28 35 39
23 964 24 26 34
36 35 33
32 27 39
33 31 34
24 33 23 26
33 37 37 28
25 545 36
34 37 33 33 37
26 23 26
33 165 545
34 33 23
545 442 40
545 30 33
23 367 39 27
26 654 26
24 37 655 35
36 24 964 40
35 38 27
32 590 33 40
24 38 722 38
35 151 27 878
37 23 39
34 37 24
33 38 437 26
39 86 31 30 27
38 38 34 25 35
590 23 545
36 13 35 32
23 27 560 40 34
32 261 32 30
36 588 27
24 988 24 39
34 588 169 28
997 24 34
36 27 878 33 28
39 31 29 28 37
23 33 23
29 36 23
40 339 28
38 417 38 722 27
40 34 33
31 361 25
588 37 34 34
35 26 34 29 26
953 24 545 28
25 28 721 37
36 23 464 23
27 721 37 27 25
40 135 40
915 38 115 113 38
24 29 28
23 39 370 33 31
24 38 24
31 427 31
26 37 32 883 27
590 26 545
27 722 27 30
25 30 135 27
30 36 545
38 31 32 34 34
32 339 25
28 722 38 28
38 25 38
30 590 29
23 41 464 93 40
40 545
25 588 34 31
34 32 35
31 23 460 421 23
34 23 37 39
30 30 34 32
35 32 29
24 28 473 30 38
39 23 878
964 24 39 229 721
588 34 438 33
34 33 878
29 37 25
26 25 40 25 29
590 533 25 24
37 35 37
24 33 34 30
785 545 27
30 31 30 38
34 25 545 23
38 590 26 34
23 37 588
545 588 34 39
34 339 28
26 29 25 23
23 30 29
953 590 29 25 26
29 588
878 23 29 33
39 31 33
35 473 25
40 38
28 25 30
40 25 34
24 35 34 27
721 27 34
34 26 35
33 33 24 32
25 588 600 588 34
29 30 38
29 361 25
35 953 27
28 39 31 37
28 722 38 26 34
30 473 301 35
23 31 38
31 36 588
545 37 29 23
37 33 878 33 878
37 590 32 37
37 545 24 32
27 51 35
29 26 25 36
40 32 29 29 29
28 34 38
37 545 785 23
590 37 38 24
23 31 361 261 27
39 28 953 590
23 545 34
38 31 32 29
24 997 953 997
37 29 36
35 590 545 27
24 609 24 40
590 33 24
30 609 24 32
35 116 883 32
24 988 24 37 39
36 25 34
24 609 30 28
545 785 13 27
37 48 252 46 28
24 35 24 40 31
25 35 40 32
545 24 26
36 545 36
27 953 23
38 24 23
26 590 953
38 26 588
40 31 34
37 34 27
40 28
36 29 40
590 13 588 25
33 24 37 545 28
590 443 725 113 40
31 35 34
24 588 36 27
545 40
26 47 40
34 151 35 29 588
30 339 32
39 24 33 34 30
23 36 34 39
24 32 27
37 261 35
590 26 438 25
38 33 878
40 31 31
37 24 545 588
964 24 28
38 547 38
40 37 37 31
36 30 30 38
590 24 997 953 40
36 545 37 27
30 437 30
590 953 27 30
31 29
878 33 35 24 38
27 370 33 29
28 261 37 30
23 171 444 438 545
28 339 33
23 26 32 438 36
30 417 40
953 590 37
915 38 24 25
23 546 30
964 23 953
24 997 27 29 964
39 34 116 34 25
36 165 251 27
30 30 26 25 29
35 438 30
28 32 35
23 590 26 34 25
27 135 337 337 27
590 171 470 590
35 23
33 878 35 13 35
33 27 24
24 38 33 23
40 27 722 38
964 40 116 438 40
33 38 33
38 39 35 31 32
29 26 25 30 590
964 23 953 28
590 443 38
34 31 30
39 883 39 24 36
590 33 37
33 339 30
29 36
545 34 339 40
40 33 590 409 27
28 37 30 33
35 27 721 28
23 434 87 545
26 27 997 24 31
37 27 25
31 35 116 34 31
30 27 25 37 33
39 35
26 25 30
29 37 590 32
32 113 23
34 28 33 878
27 165 38
40 93 27
26 34 27
38 28 26
590 32 37 32
30 31 40
31 35 31
30 337 23 23
545 26 28
27 26 37 24 26
722 27 30 35
31 29 37 721
37 33 34 37
36 37 721
40 75 135 370 26
33 32 33
23 953 28 38
32 23 17 23
26 590 29
27 590 26
953 997 953 23 35
29 25 34 588
31 33 24
29 38 915 38 33
39 37 36
27 39 40
39 40 23 31
34 33 39
588 588 30 35
24 261 438 27
32 29 590
28 329 28 36
35 261 27
34 34 151 37
29 23 26 27 39
36 35 35 26
588 25 654 820 28
36 114 925 318 36
997 953 26 27 24
33 35 116 753 40
40 25 26
31 38 34
30 590 953
35 878 33 32
590 33 39 40 23
31 361 261 27 721
24 988 24 988 24
36 23 953 28
39 133 261 35
953 23 35
23 261 40
24 26 953 590 35
25 35 23 785
953 28 34 34
33 24
39 28 953
27 33 27
997 953 23 878 35
24 34 40 900 953
33 23 26 37 35
34 38 34
33 37 26
24 23 29
30 261 29 36
36 36 36 545 37
36 25 37 39 37
32 31 29
27 26 37 24
32 32 40
545 34 588 30
38 590 26
29 23 38
29 30 39
29 24 25 37 31
545 785 23 39
590 24 997 27
37 34 28 36
40 27 953 27 997
30 136 30
545 590 545 588
33 878 27 30
590 32 33
35 473 29
29 25 588
29 24 35
24 33 35 878 35
545 34 24
30 24 39
28 229 31
29 25 40 816 953
33 590 30 38 35
36 31 23
964 24 32
27 33 38 34
27 721
26 27 588 24
34 34 23
39 38 31 33
588 206 588
590 590 545 29
26 24 35
34 590 38 37
30 26 588 25
590 545 37 40
35 51 31
40 38 30
785 409 23 953
36 31 28
590 953 28 23
31 33 31 36 37
28 151 37 33
40 23 27 37
34 438 86 33 33
36 25 27
38 25 27 878 27
964 23 30 40
28 953 40
24 38 27
25 37 31 40 590
29 26 26 23
588 26 38
28 588 27
29 588 34 590 34
37 229 31 28
27 438 114 28
23 251 26 135 40
40 151 40 590
37 26 25
31 36 35
28 301 171 261 24
37 33 169 486 35
28 115 438 33 32
40 27 165 545 28
37 588 25
37 151 31
40 32 23
36 545 23
40 31 123 31
28 23 785
34 32 438 545
34 33 30
26 438 33
27 29 26
27 35 878
545 785 13 39
39 35 31
545 438 588 29
40 24 590
36 29 545 24 28
23 545 30
30 115 370 427 23
36 29 34 33 39
28 31
36 170 36
38 443 93 39 28
40 37 127 36 35
38 25 35
31 170 31 37 31
37 36 35 35
27 997 27
24 34 29
590 33 34
27 437 39 24
545 25 40 964 24
23 964 24 367 36
25 23 29
28 40 113 32 23
23 26 24
25 34 34 32
953 699 953 35
30 30
27 27 37
40 29 545
35 151 427 31
24 953 35 38 28
36 28 721
26 135 26 23
23 34 23
953 35 33
590 28 722 38 23
29 116 35
24 34 40
37 34 116 39
37 26 26
23 438 892 28 37
28 82 28
34 116 34 25
26 545 27
30 545 25
28 51 13 588 29
23 464 35
37 25 40
545 37
33 878 35 878
33 370 27 40
27 24 545
28 93 545
24 588 27
37 123 165 33
27 361 27
29 38 590
28 339 26
32 37 27
27 953
33 590 545 24 588
37 590 40 38 34
30 37 26
24 39
27 590 26 34
24 953 23
25 93 25
24 30 121 116 40
34 25 34 588 545
33 370 115 318 36
30 35 170 35 29
27 545 590 27 25
40 35 339 26
25 654 24 29 24
24 23 25
36 28 40 438 23
33 40 590
38 37 36
39 27 722 28
588 307 114 39
30 251 27
25 473 367 35
25 545 36 31
26 47 40 339 27
30 24 588 588
37 34 39
40 725 318 486 29
28 25 361 29
27 26 38
28 229 39 27 32
30 33 438 251 27
26 24 545
34 35 31
26 438 33 165 545
36 37 588
32 30 721
34 361 27
28 37 23 39
27 339 34 31
40 251 32
30 229 28
40 28 31
28 35 25 37
32 438 34 37
36 37 36
590 29 590 24 23
545 785 545 24 28
37 261 31
39 883 27 82 23
590 953 28 23 34
38 590 23 261 28
40 26 38
25 37 33 34 31
37 27 30 590 37
953 35 35 25 23
590 32 37 35
28 722 27 588 29
29 32
40 27 27
23 32 27
38 590
40 29
36 35 26
29 26 588 169 33
37 151 28
997 27 39
721 721 721 37 590
40 135 135 96 37
35 588 26 38
34 35 30
30 34 25
38 25 28 32
36 27 590
590 590 35 34
39 31 37
36 29 39 30 590
31 40 953 23
23 953 27 31
24 455 29 26 30
25 27 30
35 25 38 31 29
35 339 29
39 93 27
32 33 878 35
590 26 654 26
38 409 40
33 113 115 339 29
40 25 29
38 35 655 28
545 37 38
23 220 23
37 32
30 545 36 545 34
37 27 722 38
26 251 96 655 37
23 165 261 27 953
588 26 30 590 953
40 40 26
33 438 588 23
35 32 28
27 172 820 28 588
37 39 37 590 32
32 29
590 37 38
40 165 29
23 29 301 953 35
25 29 32 26
24 34 30 609 30
23 878 33 878 35
38 417 151 31 28
28 30 13 38
31 438 590 27
24 590 35 29
25 38
27 34 26
36 36 545 37 27
30 27 997
23 33 39 34 34
35 24 31 36
23 13 40
545 27 35 473 32
27 170 31 31
33 27 437 26
35 953 997 953 26
32 37 36
953 997 953 23
37 24 997 953 23
26 37 23
24 964 40 33
24 953 997 24
23 434 114 128 23
39 39 28
590 38 915 38
29 964 24 32
38 24 36
36 37 28
28 40 165 34
40 34 32
40 38 39 23
24 35 32 30
33 37 38
29 35 590 533 29
721 229 23
33 409 785 409 30
35 655 28
27 590 590 545
39 229 721 30
588 27 31
34 438 251 26 35
24 38 590
590 953
878 23 36 34 590
37 34 39 23
28 545 462 254 31
31 23 878 27
39 560 29 25
31 24 32 37
27 25 40
30 820 21 121 30
25 40 545 26
545 590 38
36 25 29
26 588 28 588
27 82 474 38
26 26 40
24 590 34 26
28 27 339 34
32 37 24
33 438 23
32 361 133 443 40
24 39 229 721
27 30
590 33
31 40 40
40 33 339 26 588
588 26 25 588 23
33 28 33
33 113 116 34
29 443 370 33 23
27 13 84 37
590 13 40
24 26 953 26
721 28 953 35
23 953 23 590 38
38 25 28
24 36 23 37
964 24 39 34
28 722 27 953 24
36 301 655 37 38
915 38 34 40 33
37 37 39 560 29
39 39 33 38
36 442 545 34
23 35 29 32 590
37 48 261 23 28
37 40 31
38 27 27
26 24 29
23 38 31
26 588 588 25 27
35 953 28
34 39 560 27
36 86 7 62 28
588 588 588
545 36 545 34
27 35 38 33
25 437 30
31 35 24
28 27 51 30
28 26 339 25
964 40 151 39
26 171 245 38
28 420 211 932 28
36 24 24 34
27 34
722 38 23 590 953
39 37 721 37
34 24 38 27 30
27 40 29
29 964 24 964
35 31 31 36 23
29 37 721 27
24 964 24 35
30 29
36 113 151 28
23 590 26
25 29 165 34
38 170 115 455 29
24 590 24
23 438 36
28 438 26 545
40 27 165 545
785 545 25
590 27 883 32
28 36
31 35 25
35 590 33 33
590 29 93 29
38 38 39
29 339 34
33 37 545 26
953 900 13 26 545
29 455 438 34
28 36 588 282 31
40 35 878 33
590 533 25
39 34 38 329 28
24 34 31
37 39 28
40 417 30
30 34 39 24
34 40 38 33
23 953 28 38 30
588 23 964 29
29 40 40
785 23 588 24
31 34 29
31 34
588 545 588 34 39
590 38 31 32
23 588 24 34
40 442 35
23 35 29 32
34 34 31 33 24
23 533 590 38 34
545 24 988 24
30 39 38
37 34 34 23
30 473 121 93 30
32 34 588
35 13 35
34 33 40
588 23 438 36
29 151 116 38
27 39 34 31 33
37 29 545 785
590 29 93 40
27 39 27
23 590 28
33 33 37 37
24 40 30
26 370 26 590
40 34 590 38
40 443 96 24
25 29
25 34 33
39 30 38
25 29 28 33
38 28 722 38
36 24 997 24
39 35 34 37
40 40 31
27 37 36 588
34 34 25 37
26 32 26 28 28
40 900 40 964
30 35 26
26 654 32 37
953 590 33
953 23 878 35
38 170 28
27 545 24
878 23 31
721 37 32 40
34 588 30 34 31
878 23 26
35 590 24
23 40 32 27
590 28 24 953
35 33 32
34 33 38
27 36 27
27 337 23
36 29 32
23 23 878 27
39 27 32
30 33 30 590
26 545 25
23 964 29
30 437 25 36
27 953 27 997
25 37 33 34
30 26
24 367 36
588 29 165 33 37
27 721 229 28
30 35 33 878 33
37 27 30
35 116 30 588
36 183 29
24 588 588
40 361 34
33 34 29 590
27 165 229 23
36 29 25
33 33 30
590 32 28 270 28
40 40 953 27 28
37 34 40
26 27 39
953 997 27 39
37 588 588 25 545
29 37 25 34
36 545 785 13 39
35 473 25 23
33 590 409 27
38 170 27
34 24 545 590
35 35 25 23
23 31 27
38 421 38
997 27 51 35 25
37 34 590
38 339 26
31 39 29
35 26 28
24 997 953 23
23 953 997
27 34 30
30 27 878 33 35
37 545 785 23 39
30 546 30 261 23
38 37 25 26
29 443 33
23 261 437 47 38
545 27 339 26 25
721 27 34 24 36
27 588 23
35 29 588 24
37 25 23 29
37 27 35 878 27
27 721 28
32 29 361 27
24 545 26
30 27 953
28 339 34
37 24 588
23 96 261 23
27 721 37 32
32 34 39 151 35
27 28 114 363 28
30 33 23 26
39 437 39
23 30 40 31
35 38 722
37 588 37 24
34 34 590
24 38 38
33 24 37 545
31 27 39
30 337 23 35 36
26 339 32 23
37 588 545 28
26 23 27 35
28 37 30
590 33 35
997 24 36 23
953 27 48 151 27
35 339 25 38
35 24 38
40 23 34
38 339 26 34 29
28 721
721 27 27 26
27 29 24 32
31 34 39
590 38 31
785 545 37
38 23 588
33 169 29
38 915 38 37
33 23 26 37
40 545 785
545 29 36
23 261 170 256 31
27 151 34 37
25 545 37 39
34 23 165 38
26 26 34
35 40 34 26
953 35 31
37 34 32
23 23 878 23 36
26 23 36 409 30
545 25
32 533 590
545 23 494 588
32 30
28 32 261 261 27
35 51 31 38
39 34 24 38 27
38 27 26 590
23 38 34
33 40 24 32 29
40 31
39 40 75 40
36 29 25 339 38
26 25 40
32 654 32
545 28 34 33
31 32 32 35
27 170 31
35 33 169 29 38
33 34 30
25 409 165 31 34
30 41 387 229 23
32 29 32
953 35 953 590
38 33 590
29 964 24 30
37 35 35
39 33 33 30
953 26 588 36 28
33 39 37
23 820 114 36
29 25 35
25 545 590
28 35 878
32 26 545
27 588 37
25 160 417 263 30
33 37 655 28
36 36 30
26 37 35 30
29 93 36
40 28 39 24 588
40 27 28
30 33 590
31 36 36 409 29
33 31 427 438 38
30 438 25
39 37 590 32 37
36 23 953 28 23
25 37 590
32 37 40 40
39 31 39 24 997
25 27 23
32 32 23 785
588 37 24 997 953
24 24 28
34 151 30 39
30 34 588
30 409 27 30
30 31 30
36 24 28 27
34 40 30
40 38 590 23
30 32 26 38
36 25 35
953 997 24 26 27
25 40 964
27 24 31
26 135 40
30 33 40 33
34 588
26 25 24
878 23 229 23
23 545 590 545
36 24 26
30 34 36
23 34 34 24 545
25 28 32
32 32 35 25
23 28 24 367 23
545 24 261 31
39 28 128 30
40 251 443 40
39 24 39 30
30 136 136 30
27 24 36
27 997 24 32
30 721 28 40
37 32 34
36 588 24 590
40 900 953
28 229 31 31
588 588 29
37 34 33 24
24 964 29 40
35 27
38 417 30
26 34 588 23 23
27 545 24 24 26
31 23
30 29 28
30 24 35 33 29
588 27 438 367 30
878 35 13 35 36
23 29 38
25 34 588 23
545 93 36
27 437 25
39 34 31 33 590
32 417 251 26
588 24 27
33 38 722 28
40 113 33 32
590 40 32
30 116 27
23 409 28 37
37 545 26
28 114 36
32 113 38
25 588 25
29 38 915 38
545 590 590 30
30 28 41 5 29
33 34 588 24
953 900 5 47 38
26 251 26 30
30 34 34 29 36
30 35 29
785 13 33
32 37 37 33 39
588 24 455 39
40 23 29
590 953 26
28 30 590
31 34 34
36 37 32
33 33 443 40 40
28 892 438 588
24 997 953 26
24 29 24 36
34 34 27 25
39 30 24 31
24 261 333 23
38 48 151 35 588
34 34 25 34 588
26 953 26
590 24 997 24
28 545 438 339 30
31 40 93 32
38 26 23
24 590 37
39 28
32 339 27
588 30 588
35 34 33
31 31 28 339 39
27 721 37 37
30 13 38 34
28 35 39 28
24 29 964 24
590 953 997 27 30
34 434 23
30 32 13 27
40 251 251 30
40 32 30 33
30 35 170 35
38 438 34 38
23 13 165 25
590 23 36
37 27 722
588 30 36 25 588
27 878 33 30
878 27 997
785 545 25 24 23
28 32 23
40 113 23 26
33 31 33
545 25 654 24 29
33 37 36
29 34 37 25 24
953 28 151 40
30 62 23
23 32 590
32 37 23
997 953 24
35 38 28
35 34 29 33
24 590 24 29
27 28 261 40 24
39 37 38
32 37 24 545 588
35 25 34 34 32
722 38 31
39 34 588
785 545 34
545 24 29 24 34
37 25 361 27
953 26 24 36
878 33 878 35
23 135 26
36 545 40 964 40
27 26 590
30 31 39
27 258 38 722
40 39 40 23
33 38
28 32 33
27 35 878 27 27
30 33 28
590 13 40 26 25
25 40 443 47 40
26 24 30
29 169 251 27
40 560 40
37 36 588
23 301 27
32 24 36 25
35 22 35 590
40 26 30
28 33 39 37
23 37 545
24 953 997
34 116 337 31 35
24 588 29
24 38 33
24 964 40 29
23 546 30 33
29 31 51 28
35 588 34
23 27 588 23 23
31 33 35
40 39 48 37
34 29 29
721 28 33 40 24
588 588
38 417 23 785
29 31 135 27
588 25 545 30 34
37 32 33
36 333 36
24 953 590 37
33 86 30
545 27 37
24 151 370 40
36 27 878 23 26
31 40 34 23
37 29 25 588
40 417 47 26
36 409 36
32 251 251 27
40 917 27 26
24 35 28
31 34 35 30
24 24 34 545 590
28 32 34 31 33
37 588 37
590 35 29
588 27 997 24
27 722 27 997
35 590 26
33 27 33
23 26 26
878 23 29 27 29
37 370 37
30 121 116 40
28 62 23
31 367 438 35
35 33 878
34 38 24 36
40 409 590 545 37
34 151 361 116 35
25 37 33 34 37
25 545
25 588 24 38
28 51 35
27 37 27 30
31 36 24 32
29 590 34
34 40
35 40 29 28
34 26 29 34 40
30 27 953 24
28 151 30 32
33 28 40
30 33 31 36 24
29 545 785
545 588 588 30 35
36 82 552 373 964
588 23 29
38 547 38 23 24
32 26 23
26 34 28 24
27 437 26 34
33 24 26
997 24 26
28 113 29
33 878 35
37 26 38
37 32 27
24 26 953 40 30
37 655 28 28
38 116 34
23 24
40 35 878 27
28 24 545
33 169 116 40
39 24 33 27
30 33 165 33 27
30 151 40 34 588
30 590 33
953 900 13 26
40 34 28 33 878
37 370 37 39
34 39 40
32 590 26 588 26
23 545 37
25 37
27 26 40
24 36 25
30 545 36
40 38 590
34 23 33
40 27 953
27 338 28
27 26 24
27 136 30 31
24 35 24 40
37 33 39 34 33
38 370 25 588 35
721 28 33 32 37
32 883 39 34 32
27 336 135 31
28 25 34 38
34 38 24
30 251 338 37
37 24 23
590 24 997
29 26 34 35 40
40 33 590
24 494 590 24
38 30 38
26 29 27 37
32 27 878 35
24 40 165 38
40 29 28
590 545 30
32 34 39 40
38 437 25 30
953 23 28
30 820 28
36 82 228 301 35
33 165 33 27 590
590 29 545
38 722 27 30
40 34 28 28
29 301 953 35
23 215 218 36
40 113 919 40
915 38 590 26 34
37 24 25
30 590 37 545 23
28 434 183 655 35
27 32 261 29
23 25 36
28 32 40 40
40 26 32
32 24 25
34 37 26
23 27
24 25 29 40
26 37 25 36
24 26 370 40 40
545 37 27
24 36 37
25 23 545 24
30 36 25
24 654 25
40 443 261 27
588 24 39
34 151 151 30
785 545 590
590 33 32 26
30 409 590 38
28 339 32 590
30 33 38 722 28
545 34
38 722 38
30 39 30 23 30
38 28 270 28
590 27 26
588 25 29 32
721 30 545 36
29 545 24 29 33
35 25 24 545 785
35 37 35
590 29 35
24 151 37
28 33 409 39
23 590 34
35 121 27
38 35 26
36 27 878
38 40 547 370 39
28 29 30 33
34 28
35 24 34
40 40 39
30 26 35
964 29 40
26 34 40 37
590 953 997
953 35 878
35 23 36 34 39
25 26 545
27 438 30
30 116 113 33 40
33 370 113 114 24
24 25 24 39
37 588 588
27 39 116 29
28 914 165 33
32 27 38
26 590 443 590
545 30 38 29
38 409 28
32 113 36
27 133 27 721
40 30 32
27 133 27
34 590 545 785
33 590 27
40 27 24 40 33
23 24 34 33
30 23 30 31 31
721 721 721 229 28
27 26 26 24 30
28 27 33 38 34
37 37 588
590 37 31
32 32 37 24
39 24 34
588 30 37
29 21 174 84 37
34 26 26 34 39
28 172 403 172 23
34 588 25
28 93 29
28 590 545
40 93 443 40
964 24 26 34 40
32 165 38
24 151 24
23 27 997 27
28 29 23
27 590 32 32 37
35 27 722 27
878 35 24 25 29
33 39 37 26
26 442 370 39
34 32 339 27
590 23 261 28
545 27 13 32
39 24
28 588
38 29 301 27
27 33 24
545 165 914 28
38 26 38
40 816 816 753 40
37 25 37 28
36 35 38
31 35 25 37
33 339 30 37
39 116 35 878
24 997
30 339 29 25
36 35 24
37 33 33
25 35 23 785 545
28 24 27 721
35 588 24
