427 980 470 980 470
470 96 75 470 427
427 470
470 155 153 427
427 151 470
470 986 261 119 470
427 470 655 470
427 980 757 980
980 470
427 473 474 427
980 980 757 980
980 980 427
470 980 427
470 980 427
427 546 155 470
427 119 427
980 470 753 151 427
470 151 427
980 470 980
980 980 427
470 655 427
470 816 119 980
980 980 470
470 119 753 86 470
470 655 171 470
470 655 171 470 470
427 48 427
427 261 119 980 427
470 655 171 470
980 119 427
980 757 367 980
470 980 980 470
427 980 470
427 162 31 40 427
980 427 427
980 427 427
980 980 119 816 470
427 431 427
980 470 980 470
470 914 115 914 470
427 427 427
427 170 470
470 427 427
470 655 470 86 470
470 427 75 427
427 119 470
470 119 470
980 757 757 980
470 980 470
427 470 470
980 470 170 470
470 655 171 470 470
470 96 75 470 427
427 474 38 170 427
470 151 427
427 980 470 980 470
470 980 119 427
470 86 470
427 474 612 427
427 427 427
980 427
470 171 470 986 470
470 986 470 427
470 455 470
427 151 438 427
980 470 170 470 427
427 142 427
470 980 980 427
980 119 427 980
470 86 470 986 470
470 86 470 986 470
980 980 757 980
427 119 427
470 655 419 460 427
427 261 980
470 986 470 427
427 151 438 427
980 980 427
427 162 31 40 427
980 655 427 980
427 75 427
980 261 470
427 474 427
427 165 261 470
427 470 980 367 470
470 980
470 171 470
980 470 470
470 980 980
427 651 651 427
427 474 612 427
980 119 980
980 367 470
427 470 980
470 170 470
470 470 427
427 119 980
427 40 427
470 261 986 470
980 427 427
427 119 470
427 261 470 427
980 470 980
470 75 427
980 655 470
980 470 470
470 367 655 427
427 470
470 96 75 470 427
470 427
470 367 427
470 980 470 170 470
470 980 427
427 470 980
980 757 367 980 470
427 261 980
470 155 153 427
980 470 470
980 119 427
427 261 980
470 914 115 914 470
470 980 119 427 980
470 655 470
427 470 980
427 142 427
980 367 470
980 119 816 470
427 980 655 427 980
470 980 470 170 470
470 980 470 170 470
470 980 427
427 151 438 427
470 455 470
470 980 980
470 427
427 75 427
980 757 980
980 655 470
980 261 470
427 87 427
470 986 470 427
470 171 470 986 470
470 427
980 980 980
470 980 980
980 427 427
470 367 655 427
470 171 470
470 119 980
980 757 367 980 470
470 75 427
980 119 427 980
470 980 470
980 427
427 470 470
470 261 753 470
980 261 470
470 155 153 427
470 261 986 470
427 142 427
427 170 470
470 980 119 427
980 119 427
427 655 470
470 914 470
470 170 427 427
980 757 757 980
427 75 427
980 757 757 757 980
427 75 470
470 261 986 470
470 986 261 119 470
980 655 427
427 367 427
470 75 427
980 980 119 816 470
427 165 261 470
427 23 427
427 473 474 427
427 980 980
470 170 914 470
427 40 427
980 470 980
470 470 427
427 980 655 427
980 427 427
470 427 75 427
470 470 427
427 474 38 170 427
427 427 427
470 914 470
427 17 612 427
427 119 427
470 171 470
427 474 612 427
427 165 261 470
470 261 119 470
470 119 980
980 119 816 470
980 655 470
980 119 470
980 980 470
470 980 470 170 470
470 470 119 980
470 427 980
470 170 427 427
427 119 427
427 473 474 427
427 119 470
470 980 470 170 470
427 980
427 151 470
470 980
427 87 427
427 261 980
980 757 980
980 757 980
470 655 470
427 651 427
427 23 427
470 986 470 427
980 757 980 757 980
980 470 470
427 655 470
470 914 470
470 261 119 470
470 96 75 470 427
980 655 427 980
470 427 75 427
427 261 470 427
470 980 470
470 816 119 427
470 367 427
470 119 980
427 119 470
427 151 438 427
980 427
427 142 427
427 470 470
470 96 75 470
470 170 914 470
980 470 980 470
427 980 655 427 980
470 261 470
427 474 427
470 753 151 427
470 986 470
427 980 470 980
427 165 261 470
470 119 980
980 470 980 470
980 980 119 816 470
427 427 75 753 470
980 757 980 757 980
427 474 427
427 165 261 470
470 470 427
427 75 427
427 261 470
470 655 427
427 980 655 427 980
427 980
427 546 155 470
470 470
980 655 427
427 75 470
470 261 753 470
427 980 470 980
470 753 151 427
980 980 980 757 980
470 170 914 470
470 119 470
470 470 427
980 757 980 757 980
470 986 261 119 470
470 753 151 427
427 470 470
470 170 470
427 367 980
427 62 427
470 980 980 470
980 427
980 655 427 980
427 980 655 427
427 470 980
427 980 470
427 980
470 980
470 980 367 470
427 261 980
980 119 816 470
427 655 470
470 170 914 470
470 427
470 455 470
980 757 980 757 980
427 261 470
470 980 980 427
470 170 914 470
980 757 980 757 980
980 427 427
427 17 612 427
470 980 427
427 427
980 757 757 757 980
427 980 655 427 980
980 470 980 470
470 980 470 170 470
470 980 427
980 757 367 980 470
470 427
470 470
470 455 470
470 86 470
470 980
470 155 153 427
470 170 914 470
980 757 757 757 980
427 142 427
427 17 612 427
427 170 470
427 119 980
427 431 427
470 980 980 470
427 151 438 427
980 655 427 980
980 655 427 980
470 170 427
427 23 427
427 980 757 980
470 171 470 986 470
427 427
427 75 753 470
427 470
980 980 427
980 470 470
427 474 612 427
470 980 980 470
470 816 119 980
470 427 75 427
427 470 470
470 75 427
470 171 470
427 655 470
980 757 757 757 980
470 75 427
470 427 427
470 655 419 460 427
427 470 655 470
427 980 757 980
427 980 261 470
980 655 427
470 980 119 427
470 655 470 86 470
427 261 119 980
470 980 470 170 470
980 757 757 757 980
470 119 470
470 655 470 86 470
427 980 470 980
427 162 31 40 427
427 470 655 470
470 455 470
980 757 980 757 980
470 151 427
427 655 470
980 470 980 470
427 40 427
470 980 980
980 427 427
427 470 470
470 980 119 427 980
427 261 980
427 48 427
470 170 427 427
427 474 427
427 470 980 367 470
980 119 427 980
427 474 427
427 142 427
427 261 980
470 427
980 655 427 980
427 367 427
470 980 119 427 980
980 470 170 470 427
427 261 119 980 427
980 470 980
470 655 171 470 470
427 367 980
470 914 470
470 986 470 427
980 655 470
470 980 470 170 470
470 119 753 86 470
470 655 980
470 119 753 86 470
470 96 75 470 427
427 473 474 427
470 170 470
470 986 470 427
427 470 980 367 470
470 914 470
427 151 470
980 119 470
980 757 367 980
470 170 470 427
980 470 470
470 470
980 980 119 816 470
427 980 261 470
470 986 261 119 470
470 427
427 151 438 427
470 170 427
980 757 367 980
470 816 119 980
427 151 438 427
470 655 980
980 980 980
980 980 427
470 367 655 427
470 980 119 427
470 655 419 460 427
427 261 470
427 170 470
470 655 470
427 142 427
427 651 651 427
427 474 612 427
427 427 75 753 470
980 367 470
470 816 119 980
470 980 427
427 427 427
470 980 980 470
427 980 655 427
427 75 470
427 474 612 427
470 96 75 470
470 170 914 470
470 980 757 980
427 980 655 427 980
470 427 980
470 655 171 470
980 980 119 816 470
427 119 470
470 980 470 170 470
427 980 470
980 119 427
427 431 427
427 980 261 470
427 431 427
470 171 470 986 470
980 655 427 980
980 470 170 470 427
427 980 757 980
470 655 470 86 470
470 119 980
427 119 980
470 470 119 980
427 980 655 427
980 427 427
980 119 816 470
470 980 427
470 986 470
470 816 119 980
980 427
470 261 753 470
427 980
427 474 427
470 980 980
470 261 470
470 261 119 470
980 367 470
470 427 980
980 980
980 119 470
470 980 470
427 655 470
470 816 119 980
427 119 470
470 96 75 470 427
427 427
427 23 427
980 119 816 470
470 170 427
470 427 980
470 119 753 86 470
427 980 980
470 96 75 470 427
427 170 470
470 170 914 470
470 980 119 427
470 170 470 427
470 980 119 427
470 980 427
427 119 980
427 170 470
470 980 470 170 470
470 427 427
980 757 757 757 980
470 86 470 986 470
980 261 470
980 980 980
427 474 38 170 427
980 470 470
427 980 470 980 470
427 474 427
470 655 171 470
470 980
470 261 986 470
427 75 427
427 87 427
470 119 470
980 980 980 757 980
470 170 470 427
427 980 470 980
427 546 155 470
980 119 427
427 142 427
427 980 427
470 980 367 470
427 151 470
427 162 31 40 427
980 757 757 757 980
980 470 170 470 427
427 546 155 470
427 151 438 427
470 75 427
470 655 470
470 470 119 980
470 470
427 473 474 427
470 261 470
470 980 980 427
470 914 115 914 470
470 914 470
470 655 980
427 142 427
980 119 816 470
427 980 427
980 757 980 757 980
427 651 651 427
470 986 470 427
427 261 119 980 427
427 980 655 427
427 980 470 980
470 655 419 460 427
980 980 470
470 427 75 427
980 980 980 757 980
980 119 980
470 75 427
427 261 119 980
980 470 170 470 427
470 261 119 470
470 170 470
980 470
980 470 170 470
470 980 470
427 151 470
427 17 612 427
427 980 427
980 470 980
980 119 980
470 170 470
427 40 427
427 474 38 170 427
980 119 816 470
427 40 427
427 655 470
470 816 119 980
427 151 438 427
470 914 470
980 119 816 470
427 980
470 427 980
427 470
427 23 427
470 986 470
470 171 470
470 655 427
427 119 427
470 655 171 470 470
470 980 980 427
470 914 470
427 980 980
427 651 427
427 474 38 170 427
427 75 470
980 470 470
980 980 757 980
980 470 470
980 757 757 757 980
470 655 419 460 427
470 171 470 986 470
980 367 470
980 655 470
470 155 153 427
427 261 119 980 427
470 980 980 470
427 367 980
470 86 470
470 155 153 427
427 23 427
427 651 427
427 474 612 427
470 367 655 427
427 470 655 470
427 470
980 427 427
470 427 427
470 816 119 980
980 470 170 470
427 980 470
427 261 470 427
427 470 470
980 470
470 96 75 470 427
980 757 367 980 470
427 48 427
470 427 427
980 261 470
470 151 427
470 914 115 914 470
470 261 119 470
427 655 470
427 17 612 427
470 96 75 470 427
427 980 980
470 86 470
427 470 980
980 655 470
470 980 367 470
427 165 261 470
470 170 914 470
980 470 170 470
470 753 470
980 470 980
980 757 367 980 470
470 155 153 427
470 470 427
470 980 980 427
980 119 427 980
980 655 427
427 17 612 427
427 980
980 261 470
427 655 470
427 470 655 470
427 119 427
470 980 119 427 980
470 980 119 427
427 367 427
980 655 470
470 980 119 427 980
427 23 427
980 470 753 151 427
427 119 980
470 980 980
470 986 470
427 162 31 40 427
470 470
427 62 427
470 980 980 427
470 261 753 470
470 119 753 86 470
427 470 470
980 757 980
427 367 980
980 980 427
470 427 427
470 427 980
427 261 470 427
980 261 470
427 261 119 980 427
427 980 980
470 655 171 470 470
470 155 153 427
470 655 427
980 119 816 470
427 980
427 474 427
427 980 655 427 980
470 980 367 470
470 455 470
980 427
470 980 470
980 119 816 470
470 986 470
980 470 753 151 427
470 980 119 427
427 165 261 470
980 980 470
427 48 427
470 986 470 427
980 470 170 470
427 17 612 427
470 119 470
427 119 980
470 155 153 427
427 367 980
427 470 655 470
470 96 75 470
470 470 427
470 980 427
470 455 470
980 119 816 470
427 431 427
980 757 980
427 261 119 980
470 470 119 980
427 980 655 427 980
980 470 753 151 427
427 980 655 427 980
427 427 75 753 470
470 170 427
470 261 753 470
427 651 427
980 757 980 757 980
427 431 427
427 261 119 980
470 980 980
470 655 427
980 980 119 816 470
427 980 470 980
427 261 980
427 470
470 171 470 986 470
980 757 980
980 261 470
470 86 470 986 470
980 980 470
470 96 75 470 427
427 470 980
427 151 438 427
427 980 655 427
427 980 470 980 470
470 980 470 170 470
470 980 367 470
980 757 367 980 470
427 17 612 427
980 470
980 427
427 980 427
470 261 470
470 980 980
470 170 914 470
470 980 980
427 980 757 980
980 119 980
980 470 980
470 986 470
470 980
427 261 119 980 427
427 367 427
427 474 612 427
427 980 655 427
470 655 470 86 470
427 474 38 170 427
470 914 115 914 470
427 261 119 980
427 980 470 980 470
427 261 119 980 427
470 86 470 986 470
427 427 75 753 470
427 151 470
980 980 427
980 470 980
427 75 753 470
470 455 470
427 367 980
470 261 753 470
980 980 427
427 119 470
427 87 427
427 261 119 980
470 980 470
427 119 980
427 151 470
427 48 427
427 119 427
470 980 470 170 470
980 757 367 980
427 980 655 427
980 427
980 757 367 980 470
470 367 655 427
980 470 980
427 470 655 470
427 75 470
427 151 470
470 367 427
427 367 980
427 162 31 40 427
427 261 119 980 427
427 119 427
470 427 980
427 473 474 427
470 86 470 986 470
427 261 119 980 427
980 980 119 816 470
427 151 438 427
470 470
470 170 470 427
470 170 470 427
470 171 470 986 470
980 980 470
980 119 427
427 470 655 470
427 651 427
427 75 753 470
470 261 119 470
427 261 470
470 261 753 470
470 171 470 986 470
427 980 655 427 980
980 655 427 980
470 655 470
980 470 170 470
980 470 170 470
470 151 427
427 151 438 427
427 261 119 980
427 470 655 470
427 980 427
427 470
470 170 914 470
470 753 470
470 86 470
980 470 980 470
980 757 367 980 470
470 980 119 427 980
427 651 427
980 427
427 23 427
427 162 31 40 427
980 757 367 980
980 261 470
427 40 427
980 470 470
427 75 427
427 474 612 427
470 171 470
427 23 427
980 367 470
980 470 170 470
427 980 470 980
427 119 470
427 474 612 427
470 914 115 914 470
427 980 980
470 170 470 427
980 655 427 980
427 980 261 470
427 119 980
470 170 470 427
427 470 655 470
980 470 980 470
980 261 470
427 151 470
980 757 980
980 757 980 757 980
427 651 427
470 261 470
470 980 470 170 470
470 96 75 470 427
427 473 474 427
427 62 427
470 655 470
980 980
470 470 119 980
427 980 655 427
427 980 980
427 431 427
980 470
980 119 470
427 367 980
427 474 427
427 651 427
470 75 427
427 75 470
427 62 427
427 261 119 980 427
427 367 427
427 48 427
470 816 119 427
980 470 753 151 427
980 980
470 427 980
427 980 427
470 119 470
427 651 651 427
980 980 427
980 980 980 757 980
427 980 470 980 470
470 155 153 427
980 655 427 980
980 427 427
470 980 119 427
470 753 151 427
427 980 261 470
470 170 470 427
470 980 470 170 470
470 427 980
470 86 470
427 655 470
470 155 153 427
470 119 470
470 427 75 427
980 757 367 980
980 367 470
980 757 367 980
470 427
470 261 119 470
470 655 980
470 96 75 470
470 655 171 470 470
427 470
427 655 470
427 165 261 470
470 914 115 914 470
427 151 438 427
427 980 980
427 367 980
427 119 980
427 980 470 980 470
427 651 651 427
427 980 427
470 980 427
427 980 757 980
980 757 367 980 470
470 470
427 473 474 427
980 757 757 980
427 119 980
470 980 980 470
980 655 427
427 367 980
427 470 470
427 119 470
427 151 470
470 655 470 86 470
427 980 470
427 48 427
470 753 151 427
427 980 470
470 980 427
470 655 980
470 170 427
427 470
427 980 757 980
470 171 470
470 470
470 980 119 427
427 151 438 427
470 655 171 470 470
980 119 470
470 986 261 119 470
427 17 612 427
427 48 427
470 914 470
427 151 438 427
427 119 470
427 470 655 470
470 914 470
980 980 119 816 470
427 470 655 470
470 980 470 170 470
427 261 119 980 427
980 119 816 470
980 980
980 119 980
980 980 119 816 470
470 367 655 427
470 261 753 470
427 119 470
980 470
470 980 119 427
470 980
980 757 980 757 980
470 655 171 470 470
427 427
427 474 38 170 427
427 119 470
427 655 470
470 170 427
470 655 419 460 427
427 75 427
427 470 980
470 261 753 470
427 427
470 171 470
427 980 655 427 980
980 980 980 757 980
470 261 753 470
470 261 986 470
470 986 261 119 470
427 151 470
980 980 757 980
427 980 980
470 171 470 986 470
470 980 757 980
427 980 427
427 119 470
427 470 980
470 753 151 427
427 23 427
427 470 980
427 427 427
980 655 470
427 980 470 980
427 980 655 427
980 367 470
427 427 427
980 261 470
470 151 427
980 470 170 470
470 655 427
427 48 427
427 470
980 980
980 367 470
470 980 980
427 119 427
470 367 655 427
470 261 753 470
980 470 753 151 427
427 470 470
470 455 470
470 367 427
427 427 75 753 470
470 655 419 460 427
427 23 427
470 986 261 119 470
980 427 427
470 655 980
470 119 980
470 980 980
980 470 753 151 427
470 655 470
470 655 171 470
427 470 980 367 470
980 427 427
427 474 427
980 119 470
470 261 119 470
427 980 261 470
470 986 470
427 655 470
470 367 427
427 651 427
980 427 427
470 427 980
470 170 470
980 980 470
427 75 427
470 86 470 986 470
470 96 75 470
470 914 115 914 470
980 757 367 980
980 757 367 980
980 980 427
470 427
470 86 470 986 470
427 119 427
427 119 427
427 142 427
980 655 427
427 473 474 427
470 655 427
427 980 655 427
470 261 986 470
470 914 470
470 119 980
470 655 470 86 470
980 470 753 151 427
427 40 427
980 980 119 816 470
470 816 119 980
470 261 119 470
470 367 427
427 546 155 470
470 470
470 655 470 86 470
427 651 427
980 119 470
980 119 427 980
470 261 753 470
470 753 151 427
427 261 119 980 427
427 980 980
470 427 75 427
980 655 427
980 980 980 757 980
470 655 980
427 367 980
980 470 170 470
470 980 119 427 980
427 62 427
470 980 119 427
980 757 757 757 980
470 914 470
470 986 470 427
980 470 170 470
427 261 980
470 914 115 914 470
427 261 470
470 427 75 427
427 367 427
470 261 753 470
980 980 757 980
427 470 655 470
470 816 119 427
980 757 367 980
427 431 427
980 757 367 980 470
427 75 427
427 651 427
427 119 427
470 470 119 980
427 651 651 427
427 470 655 470
980 470 470
980 470 980 470
980 757 980 757 980
470 155 153 427
427 48 427
980 980 119 816 470
470 753 470
470 171 470 986 470
470 151 427
470 96 75 470 427
427 980 261 470
470 171 470
470 171 470
980 757 757 980
427 165 261 470
470 470
427 261 119 980 427
980 427
427 470 980
470 655 171 470 470
470 261 753 470
470 261 119 470
427 980 261 470
980 757 980 757 980
427 119 470
470 96 75 470
427 427
470 171 470
470 86 470 986 470
980 757 980 757 980
427 261 470 427
427 151 438 427
427 367 980
427 651 427
980 980 119 816 470
470 980 119 427
427 165 261 470
980 655 470
980 119 427 980
470 980 980 470
427 261 470 427
427 980 470 980 470
470 170 914 470
470 261 119 470
980 655 470
470 119 753 86 470
470 655 470 86 470
470 427 980
427 87 427
980 980 427
980 757 980
427 431 427
470 980 119 427
470 980 427
980 757 757 757 980
470 170 427
470 980 757 980
470 914 115 914 470
470 171 470 986 470
980 980
470 753 470
980 980 980 757 980
980 119 816 470
470 655 427
980 470 470
427 162 31 40 427
470 86 470 986 470
470 980 470 170 470
427 40 427
427 980 470
470 261 986 470
470 261 470
980 980
980 119 980
427 261 980
470 155 153 427
470 986 261 119 470
470 170 427
470 980 980 427
470 96 75 470
470 261 753 470
427 431 427
470 980 367 470
427 980 980
470 816 119 427
470 980 980 470
427 119 470
427 980 980
470 96 75 470 427
980 655 427 980
427 980 655 427
427 980 470
470 427 427
470 980 470
427 655 470
980 757 980
470 655 171 470
980 757 367 980 470
980 980
470 980 980 470
470 170 470 427
980 655 470
470 470
470 655 419 460 427
470 980 470
470 261 470
427 261 470
427 980 470 980
427 119 980
427 151 470
470 455 470
470 170 470 427
427 62 427
470 914 115 914 470
427 470 980
427 48 427
980 980 427
470 980 757 980
980 470 170 470 427
427 261 980
427 980 427
470 986 470
980 757 980 757 980
470 119 470
427 470
427 980 427
427 165 261 470
470 171 470 986 470
470 261 119 470
980 655 427 980
427 651 651 427
427 473 474 427
980 980 980
427 261 470 427
470 914 470
427 431 427
427 40 427
470 470 427
470 170 470
980 980
470 427 980
427 474 427
470 261 119 470
427 48 427
427 119 980
470 470 119 980
427 427 75 753 470
470 171 470 986 470
470 261 986 470
470 119 753 86 470
980 980 119 816 470
980 757 757 757 980
470 427
980 119 427
470 261 470
470 151 427
427 261 470
980 470
470 816 119 980
470 470 119 980
427 470 470
980 119 427 980
470 261 986 470
470 170 914 470
427 427 75 753 470
980 470
427 62 427
470 980 119 427
470 96 75 470
980 261 470
470 655 470 86 470
980 119 427
427 980 980
470 171 470
427 474 38 170 427
980 427 427
470 470 427
427 980 427
427 261 470
427 119 470
980 119 427 980
470 986 261 119 470
980 119 980
427 17 612 427
980 470 470
470 980 470 170 470
427 162 31 40 427
470 170 914 470
980 980 427
470 86 470 986 470
980 757 980
980 427 427
470 261 753 470
470 96 75 470
427 261 470
427 170 470
470 151 427
980 980 980 757 980
470 470 119 980
980 655 427 980
427 142 427
980 655 427
427 470 980
470 119 470
980 980
470 655 171 470
470 753 151 427
427 40 427
427 980 427
470 75 427
980 980 470
470 261 119 470
980 757 980 757 980
427 261 470 427
980 980 470
470 753 470
427 261 119 980
980 980 470
470 96 75 470 427
470 655 470 86 470
470 427
980 980 980 757 980
427 142 427
470 655 171 470
470 427 427
470 980 757 980
470 655 171 470
470 980 427
470 86 470 986 470
980 980
980 470 170 470
980 980 427
470 470 119 980
470 151 427
470 75 427
427 474 427
470 261 753 470
427 151 470
980 980 470
980 261 470
427 119 427
980 470 470
470 96 75 470 427
427 87 427
470 170 914 470
980 119 980
427 170 470
470 980 980 470
427 470 470
470 655 427
470 986 261 119 470
427 474 427
980 470 980 470
470 171 470
427 261 980
427 651 651 427
980 119 980
427 40 427
470 151 427
427 980 757 980
427 474 38 170 427
470 655 470
427 261 119 980
980 427
470 986 261 119 470
427 119 470
427 75 427
427 151 438 427
470 914 115 914 470
470 119 753 86 470
427 474 427
427 427
470 96 75 470 427
470 980 980
427 427
470 816 119 427
427 980
470 980 980 427
470 655 980
427 980 470 980
427 980
470 96 75 470
427 367 980
980 757 757 980
470 816 119 980
470 986 470
427 427 427
470 86 470 986 470
427 980 757 980
427 980 470
470 655 171 470
470 914 470
470 170 470 427
470 980 980
470 753 470
427 261 119 980 427
470 655 427
427 980 655 427 980
470 655 470 86 470
470 170 470
980 470 980 470
427 980 980
470 986 470 427
470 470 119 980
427 165 261 470
427 17 612 427
470 816 119 427
470 816 119 427
470 986 470 427
470 151 427
470 470
427 546 155 470
470 96 75 470
470 170 470
470 980 470
427 261 470
427 980 655 427
470 914 470
470 470 119 980
980 980 427
427 261 470 427
470 427
427 119 980
980 655 470
427 980 470
470 986 261 119 470
470 816 119 980
980 980 980 757 980
470 980 119 427
980 261 470
980 757 367 980 470
427 75 753 470
470 470 119 980
427 431 427
427 142 427
427 75 427
427 470 980
980 980 427
427 261 980
427 474 38 170 427
427 23 427
470 655 171 470 470
470 75 427
427 474 38 170 427
427 62 427
470 170 914 470
427 367 980
470 980 470
470 816 119 427
427 474 38 170 427
980 119 427 980
427 980
427 980 980
980 980
470 119 753 86 470
980 470 980
980 980 470
470 171 470
427 23 427
427 980 655 427 980
980 757 980 757 980
980 980 980 757 980
980 119 980
427 427
980 980
980 119 470
427 470 980 367 470
470 427
980 980 470
980 757 980
470 980 367 470
980 655 427 980
427 367 980
470 470
980 470 980 470
427 427 75 753 470
470 655 171 470
470 427 427
980 655 427 980
470 655 419 460 427
980 119 816 470
427 980 470 980
470 986 261 119 470
470 980 980
470 655 171 470
470 367 427
980 655 427 980
980 119 427
427 142 427
470 96 75 470
470 986 470
470 170 427 427
980 757 367 980
980 119 816 470
470 655 427
427 470 470
470 151 427
427 980 261 470
980 757 757 757 980
427 261 119 980
980 470 753 151 427
470 655 470 86 470
427 367 980
427 473 474 427
980 119 470
427 470 655 470
470 986 261 119 470
980 757 980
470 119 980
427 87 427
470 986 470 427
470 367 655 427
470 171 470 986 470
470 427 427
427 170 470
427 261 470 427
427 546 155 470
470 170 470 427
470 75 427
980 470 170 470 427
470 261 986 470
980 757 980 757 980
470 980 980 470
980 980 980 757 980
470 171 470
980 757 757 757 980
470 655 427
470 151 427
427 427 427
470 170 914 470
470 980 119 427 980
470 980
427 473 474 427
470 980 980
470 171 470 986 470
427 87 427
470 986 470
427 980 470
470 914 115 914 470
427 980
470 427 980
470 655 980
470 980 367 470
470 86 470
980 757 367 980 470
980 119 980
980 655 470
980 119 427
470 655 419 460 427
427 75 470
470 655 419 460 427
427 165 261 470
427 367 980
427 474 427
980 470
427 474 38 170 427
980 470 170 470
980 980 470
427 261 119 980 427
470 170 470 427
427 470 980 367 470
427 75 753 470
980 119 816 470
427 261 119 980
427 980
470 86 470 986 470
470 986 470
980 655 427
980 655 427
980 980 427
980 757 757 757 980
980 655 470
427 17 612 427
470 753 470
427 980 655 427
470 470 427
427 261 470 427
427 119 470
470 655 980
427 980 757 980
427 87 427
470 914 115 914 470
470 155 153 427
470 986 261 119 470
980 470 170 470 427
427 980 470 980
427 980 655 427
427 431 427
427 980 980
980 470 470
470 655 427
980 757 980 757 980
427 546 155 470
980 655 427 980
470 980 119 427
427 980 655 427
470 986 261 119 470
470 986 470
470 816 119 427
980 470 753 151 427
980 655 427
427 142 427
980 119 980
470 170 427
427 980 470 980
470 261 119 470
427 474 427
980 655 427 980
470 427
470 980 757 980
980 980
980 757 757 980
470 151 427
427 427
427 261 470 427
470 427 427
427 980 261 470
427 470 980
470 914 470
470 816 119 427
980 757 757 980
427 470
470 980 980
427 162 31 40 427
470 980 980 470
470 980 119 427 980
980 757 980
980 119 816 470
427 474 612 427
470 816 119 427
470 86 470
427 261 119 980 427
470 170 470 427
980 980 119 816 470
470 980 470 170 470
980 757 367 980
470 151 427
470 367 427
470 753 151 427
980 655 427
980 980 470
980 980 427
470 655 980
470 261 470
427 651 651 427
470 119 753 86 470
980 470 170 470
470 171 470 986 470
980 470 753 151 427
980 980 757 980
427 470
470 427 427
427 473 474 427
980 470 170 470 427
980 470
470 655 470
427 980
980 980 980
427 427
470 980 980
470 980 119 427
470 980 427
470 170 470 427
427 470
427 980 470
427 470 980
427 75 470
470 170 470 427
980 119 470
980 757 757 757 980
470 261 119 470
470 170 427 427
427 474 612 427
470 427
980 980 119 816 470
980 757 367 980 470
980 119 470
470 986 470
427 48 427
470 427 427
980 119 816 470
980 757 980 757 980
470 470
470 171 470 986 470
427 651 427
427 655 470
470 119 753 86 470
427 980
980 427 427
427 119 470
470 980 980 427
470 655 171 470 470
470 655 470 86 470
470 470 427
470 170 914 470
427 261 470
980 757 367 980
470 171 470
470 170 427
427 980 655 427
470 980 470 170 470
427 651 427
470 980 119 427
470 427 980
427 470 470
470 119 980
427 151 438 427
470 170 470 427
470 427 980
427 474 38 170 427
470 427 427
427 261 470 427
980 470
470 980 427
470 427 427
427 980
980 470 753 151 427
427 980 655 427
470 655 427
427 40 427
427 261 470 427
427 427 427
470 96 75 470
470 427 980
980 119 816 470
427 431 427
980 980
470 914 115 914 470
470 171 470
980 119 427
427 980 427
427 23 427
427 651 427
470 427 980
427 40 427
980 757 367 980
470 155 153 427
470 96 75 470
980 470
427 470 980 367 470
470 980 119 427 980
427 87 427
470 261 119 470
980 470 170 470 427
470 171 470
427 75 470
980 980 470
470 655 470
427 261 119 980
470 151 427
427 655 470
427 651 427
980 655 427
470 155 153 427
427 367 980
470 914 115 914 470
980 757 980 757 980
470 155 153 427
427 367 427
470 655 427
427 119 470
427 980
980 655 427
980 655 470
427 980 655 427 980
470 155 153 427
427 651 651 427
427 62 427
427 546 155 470
427 980 261 470
980 980 980 757 980
980 980 470
470 980 980 427
427 980 427
980 980 980 757 980
470 980 119 427
980 757 367 980 470
980 980 757 980
470 980 470
470 914 470
980 980 119 816 470
980 470 980
470 427
980 367 470
980 470
427 170 470
470 427 427
980 470
427 261 980
470 980 980 427
427 261 980
980 470
427 261 980
980 470 980 470
427 474 427
470 986 470
470 980 980 427
980 757 980
427 427 75 753 470
470 655 427
427 980 470 980
980 470 170 470
427 119 427
470 427 980
427 261 470
470 261 753 470
427 980 655 427
470 986 261 119 470
470 980 470
980 119 470
980 757 980 757 980
980 119 427 980
980 980 980
427 470
470 980 427
427 980 757 980
427 431 427
427 48 427
470 753 470
980 655 470
980 757 367 980 470
980 757 980 757 980
470 655 980
427 142 427
470 986 261 119 470
427 473 474 427
427 62 427
980 980 980
470 170 427
470 470
470 655 171 470
427 980 427
470 980 119 427 980
427 980 470 980 470
470 86 470 986 470
427 119 470
470 367 427
470 261 470
470 427 980
427 261 470
470 655 171 470 470
427 165 261 470
980 757 980
980 470 470
980 655 427
470 151 427
470 980 119 427
470 367 427
470 980 119 427 980
427 23 427
470 980 119 427
980 261 470
427 119 470
470 86 470
980 655 427
980 470 753 151 427
470 119 470
427 261 470
980 470 170 470
470 86 470 986 470
427 980 655 427 980
427 48 427
427 980 470
980 119 427
470 470 427
427 474 38 170 427
427 17 612 427
427 261 470
470 816 119 427
470 170 914 470
427 980 980
470 753 470
470 261 753 470
470 986 470
427 474 612 427
980 261 470
470 86 470
470 170 470
980 655 470
470 171 470
980 119 427 980
980 980 757 980
427 165 261 470
470 986 470
980 119 816 470
427 470
470 455 470
470 816 119 980
427 474 38 170 427
427 165 261 470
427 980 757 980
427 980
470 119 470
427 980 470 980
470 986 470
980 470 170 470 427
427 980 980
427 980 470 980
470 170 427
470 816 119 980
470 980 119 427 980
470 96 75 470 427
470 427 75 427
470 655 419 460 427
980 470 980 470
427 119 470
470 980 980
980 980 119 816 470
470 455 470
980 757 980
427 119 980
980 119 427 980
980 980
470 367 427
980 470
427 261 119 980 427
427 261 470
470 655 419 460 427
427 261 980
980 470 980
470 86 470 986 470
470 427
980 655 427 980
427 142 427
980 470 980 470
427 980 757 980
980 427
427 75 427
427 261 119 980 427
980 427
470 914 470
470 86 470 986 470
427 151 470
427 427
427 474 38 170 427
470 655 427
427 470 980 367 470
980 980
470 655 980
980 980 427
470 753 151 427
427 427 75 753 470
427 119 980
427 75 753 470
980 470
427 261 470 427
470 171 470 986 470
427 40 427
470 980 119 427 980
470 980 470 170 470
980 427 427
470 170 470 427
980 655 470
427 470 655 470
427 261 119 980
427 980 261 470
470 75 427
980 655 470
427 651 651 427
427 170 470
470 455 470
427 470
470 655 171 470
427 367 980
470 96 75 470
427 474 612 427
980 427
980 470 980 470
427 470 655 470
470 261 470
980 980 427
427 40 427
980 470 980
427 470 470
427 162 31 40 427
470 170 427 427
