338 113 438 116
251 115 860
123 123 115
136 337 123 900
914 115 337 883 883
816 455 165 367 165
337 548 816 914
116 914 914
115 367 151 251
170 251 169
336 41 464 169 438
336 337 136
900 753 119 816
336 27 337 116
251 361 116
437 165 860 337
165 183 302 455 438
438 116 114 21 169
115 417 114 338
136 136 437
135 96 339
115 987 170 136
115 987 438
135 409 28 409 336
438 590 165 900
816 987 914 900
165 437 116
338 438 436 115
165 220 165 753 816
337 424 483 165
165 64 170
115 548 169
170 438 165
437 860 753 115
170 251 437
135 136 251 336
115 165 33 339
170 261 170
115 333 169 987 116
169 24 964 29 165
136 336 339 482 165
170 38 339 339 251
116 27 170
336 116 655 13 339
337 27 590 13 170
170 438 165 438
339 14 290 169
170 438 38 170
438 30 115
336 820 115
914 470 470 116
914 135 96 116
165 367 21 364 169
165 261 170
136 115 336 136 135
816 491 497 531 115
170 31 282 166 115
165 128 165
136 115 978
251 900 123
437 27 34 165
123 251 165
914 135 251
436 438 96 437
115 900 13 165
900 338 169 251
170 31 123
438 860 135
169 438 336
116 437 860 330 330
135 93 443 251 165
169 136 337 170
860 337 116
336 30 263 438
115 978 165 186 165
123 987 900
123 170 135 914
169 987 169
338 900 438
170 35 40 165
336 41 336 336
115 337 438 337
339 165 417 170
339 40 816 336
165 427 47 251
337 136 165 89 437
251 339 336
438 32 165
116 251 136 339 438
339 47 47 114 438
116 251 135 370 116
115 816 40 116
116 816 437 436 438
337 860 339
883 93 438
115 753 914 816
169 338 914 135
437 860 330 860
169 251 336
914 135 135 336
339 115 337 338
116 860 338
251 338 32 883
170 914 753 860
123 37 338 135 251
330 455 136 27 170
116 339 338 338
339 987 339 123 438
165 336 883
165 860 169
860 900 822 464 116
338 16 170
116 753 914
914 860 437 136
170 438 361 135
123 339 251
860 165 883
116 337 336 437
339 26 251 338
978 115 437 900
438 113 919 443 116
135 443 339
816 816 169
438 165 844 165
169 123
883 339
165 119 165
136 27 29 169 251
438 25 409 165
170 136 336 438
169 96 115 169
165 123 251 437
437 135 135
338 337 883 336
116 883 336 116
116 160 170
116 455 816 336 135
437 547 47 135
165 34 29 29 165
115 105 255 169
437 455 339
170 81 188 170
115 165 914
251 135 26 438
115 355 355 170
337 339 339
170 136 136 336
116 753 860 339 170
438 336 336
860 116 115 978
337 548 459 548 116
330 860 438
438 113 338 136
339 987 816
169 115 123 115
170 251
165 900 115
115 96 816 816
169 486 333 609 609
860 900 914 987 438
900 115 438
438 31 165
337 860 438
437 336 336
116 32 339
437 30 165
115 453 115
115 437 165
136 136 135
900 455 123 860 438
338 439 338 135
336 336 338
900 860 251 339
170 135 914
170 453 472 453 170
860 251 96 115
336 135 251
914 860 251
438 338 860
338 860 135
115 816 987 914
914 531 116
116 437 361 165 338
816 491 170
338 860 170 438
170 338 420 116
436 438 860 115 883
338 339 170
115 900 170
170 816 40 725 339
170 337 339 417 116
339 251 165
438 23 438
339 860 900 437 337
339 25 38 115
170 136 133 464 165
338 115
116 114 21 169
251 336 170 4 169
135 455 816
165 245 981 443 115
165 251 27 336
437 437 816
338 229 338
169 212 115
165 337 883
115 116 151 816
339 438 336 165
883 32 251 338
438 987 914 170
438 440 61 421 115
860 455 860
123 900 978 860
165 336 169 337
135 30 136 438 115
337 27 337
165 547 437 169 338
338 336 93 883 336
169 136 165
116 987 169
437 436 437 337 337
116 38 170
339 115 883
436 437 337 337
115 232 457 172 123
116 470 816
337 860 116 336 336
336 337 123
900 987 170 123
438 251 417 116
169 93 165
339 336 336
165 533 116 455 914
116 860
165 116 914 115
123 438 987 169
170 548 116
123 337 123 455 170
816 40 28 129 169
336 883 883 336 115
135 438 438 38 170
900 5 53 434 115
339 339 123
136 339 171 245 116
338 28 172 172 123
123 169
860 336 338
165 40 339
170 900 987 115
123 129 482 165
438 337 170 123 116
165 36 438
860 437
251 336
438 438 860 900
438 900 123
337 16 290 165
883 339 443 485 170
123 900 978 860 900
170 437 115 437 438
165 23 337
165 113 847 263 438
330 74 438
165 165 438 336 251
860 116 135
900 411 498 74 116
169 123 438 987 169
116 34 25 370 251
135 336 816 860 914
115 165 914 816 115
438 900 914
116 816 816 336
115 443 339 169
339 443 339 169
116 513 170
339 987 438 64 330
816 914 914 860 339
914 860 900
978 165 978
338 337
438 123 31 438 170
165 531 539 531 438
169 455 170
883 27 438 860
339 171 245 116
883 336 251
339 860 455 914
251 165 169
338 229 29 133 170
724 160 107 338 439
165 31 34 339 170
860 438 251
438 6 337
116 96 170
115 443 116 337 339
170 136 136
170 115 169
251 370 135 135
816 455 115
165 900 455 251 115
860 816 816 953 816
338 424 493 115
816 115 883
339 135 135 438
337 438 330
136 165 170
914 860 116 123
169 494 438
251 47 339
116 135 136 116
860 860 860 438
339 438 26 251
116 338 337
437 26 251 116
169 987 123 123
338 914 135
438 860 900 860 116
136 438 545 40 135
135 914 135 135
115 978 900 437
116 725 40 170 914
337 170 336
724 160 107 338
339 170 116
330 74 314 165
336 860 900 914
900 411 24 588 169
135 438 251 339
437 860 336
724 338 135 339
165 136 337
165 547 437 169
339 883 339
914 135 136
165 366 165
251 860 135
437 338 115
135 914 816
251 437 860 437
165 136 133 135
438 900 914 914
816 40 119 165
438 444 245 165
169 89 165
900 437 337
135 860 816
900 900 753 116
338 338 338
339 169 494 82 169
914 455 914 165 169
914 36 93 336 169
169 229 115
816 753 860 337
170 495 169 318 115
900 753 914 135
170 135 438
900 987 900 900
816 115 531 438
170 107 372 115
339 151 165 165
337 336 135
339 96 123
914 914 165
116 816 987 170
251 336 883
338 367 338
816 455 900
438 338 115
336 136 169
169 486 184 5 438
336 485 338
165 30 339 339
135 47 135
437 443 116 339
123 338 437 438
115 914 816
115 135 339
251 338 245 116
169 486 417 437
338 115 753 170
883 116 337
136 136 30 437
339 860 860 860 438
169 6 169
860 816
115 251 914 914 135
437 361 263 438
337 860 170 169
136 338 337
339 32 33 30 115
900 115 422 427 165
135 437 116
169 212 115 978
135 135
165 142 165
337 96 115 816 115
900 251 860 330 438
165 339 437 816 860
336 971 179 107 169
170 336
338 932 169
914 455 330
339 338 914
165 38 27 135 115
115 987 115
914 455 914 165
135 438 339
116 136 136 115
338 256 81 638 338
609 24 32 438
437 170 337 169 900
251 30 34 339
136 30 135 337 339
914 116 370 251
438 437 27 136
116 883
438 450 123 115
123 169 338
116 38 115
437 338 337 170
860 336 136 338
135 339 338
116 337 136
135 339 438
165 75 135
883 32 251
860 900 438
165 116 135
165 123 860 900
115 261 28 339
115 370 417 40 251
115 245 337
116 261 438
170 338 114 165 165
339 455 860
115 337 337
165 33 339
336 96 337
116 336 337 165
816 914 170
816 860 123 170 136
860 135 455 417 170
170 491 753 914
339 336 337 438
438 860 914
115 21 41 370 135
437 900 914 914
165 847 437
609 30 27 339
900 753 900 251
169 860 914 113 338
115 486 329 169
135 26 370 339 136
900 411 338
116 317 84 336
914 860 338
339 437
439 115 932 338 860
251 40 900
338 914 251 339
115 987 914 251
251 339 437
170 816 914
860 165 816
170 96 170
135 914 170
170 251 914
136 133 464 165 336
123 96 251 169
438 25 588 169
170 4 286 411 115
883 116 753 165 900
169 33 35 338
135 860 455 370 251
115 233 142 338
115 860 330
165 33 28 115
116 337 337
116 47 339
251 40 339
883 39 38 437 170
438 437 436 115
165 13 172 847 165
170 419 169
136 437 25 26 135
816 40 816 816
115 436 115 900
135 336 437
115 302 438 115
338 987 116 38 437
169 30 115
437 361 165 338
337 115 212 249 170
900 953 816 336
115 932 338 860 330
115 361 165
438 545 30 251
336 133 547 437
338 337 13 165
251 443 116 136
115 136 170 455 116
336 251 169
336 96 116 987 169
609 114 170
165 464 114 169
337 337 165
816 96 251 338
860 438 135
339 32 251
116 38 23 116
339 438 36 169
165 367 165
169 254 366 165
900 860 123 900
169 33 28 338
123 31 115
883 883 32 339 860
251 443 437
338 170 494 165
860 438 115 165
165 121 82 169
115 105 10 340 169
251 339
330 438 115
251 136 136
169 170 914 338
135 455 116
900 900 251
437 251 900
339 151 655 438
136 251 172 251
339 169 486 303 170
338 28 165
914 753 860 135
883 337 115
438 136 165 135
169 375 169
115 155 133 170
338 116 437
165 27 165
169 136 27 251 116
816 860 438
165 336 280 116
116 30 417 437
438 263 438
860 860
169 115 883
170 987 123 438 338
336 337
337 511 118 116
170 26 23 533 169
338 251 361 62 115
978 115 883
169 464 172 212 170
883 27 35 165
860 165 753 170
165 978
251 115 455 136
338 455 116
170 438 900 165
860 330 438
251 339 115
115 5 302 115
900 987 914
165 753 753 115
816 336 135 135 337
116 339
438 361 438
165 340 121 338 135
116 336 170
135 860 860
437 816
860 123 900
816 987 169
816 336 135 135
123 455 914 170
123 41 136
338 339 136
251 40 251
883 883 339 170
169 900
437 338
123 115 860
123 455 24 609 609
339 171 48 114 170
169 24 96 438
339 40 151 251
123 170 135
170 251 914 170
337 135 31 165
135 62 135
438 123 170
437 816 170
437 38 170
169 24 169
978 860 900 437
116 860 816
437 900 115
170 170 170
170 336 883 165
338 932 128 79 165
169 263 485 443 437
165 170 123 123 438
115 336 27 883 337
338 900
978 860 914
135 339 123
251 417 437
437 455 438
116 470 367 31 165
165 531 115
116 29 31 438 115
437 361 339
115 21 114 333 169
336 260 260 21 115
115 212 249 170
165 860 123
337 339 417 116
339 26 27 437 135
860 116 123
336 280 116
860 116 115
338 338 113 28 116
336 860 169
165 119 753 115
115 424 337 115
165 171 26 438
165 261 37 123
136 27 29 169
438 26 251 336
136 339 339
170 455 29 438
438 436 438 116
135 136
900 5 411 116
860 860 135
169 183 116 93 116
170 115 411 375 860
437 337 339
437 847 437 170
438 26 251 336 115
337 438 136
165 753 753 900
816 165 135 136
116 548 129 482 437
338 860 338 336
170 170 165 883
116 261 438 38 165
438 107 23 30 251
437 547 165
437 115 136
136 251 170
115 387 42 212 169
439 338 337 883
336 860 900
251 27 417 165
860 169
860 336 337 548 816
135 438 860
165 900 411 116
136 30 546 115 900
251 30 41 123
438 438 38 170
123 339 13 361 165
123 900 170
251 170 16 170
900 338 135
609 114 210 62 115
116 417 437
169 170 987 123 339
165 183 302 123 123
170 114 338
251 438 336 251 135
169 136 251
338 336 116 438
169 438 40 165
339 165 443 114 116
900 753 753 978
115 370 33 339
116 136 438 135 337
437 47 339 437
860 339
115 978 900 338 135
438 28 434 115 169
609 30 36 169
437 361 135
437 860 336 337
116 417 116
883 883 883
135 165 183 531 165
169 318 48 171 165
169 860 170
136 338 170
170 229 165
169 135 860 978 900
337 337 160 169
135 40 900
169 816 169 170
339 245 546 453 115
336 170 4 169
337 338 115
337 464 116
978 900 128 62 135
438 860 860
900 914 165 136
816 411 987 170
438 115 900 13 165
338 27 437
339 25 38 30 251
438 27 135 339
978 165 844 165
339 151 165
115 245 183 116
860 816 914
438 339 860
438 655 655 438 437
251 914
135 251 151 438
170 31 438
978 860 116
165 900 978 115
136 438 135
115 338 455 251
978 900 978 165
251 116 914 115 135
438 96 116
170 900 183 116
860 860 438
251 116 136
900 251 32 27 165
135 336 136 165
116 987 170
169 588 438 436
123 339 135 135
724 338 136 437
165 339 169
165 338 169
337 860 753 860
860 860 251 860 123
438 135 338
883 116 437
135 438 33 169
438 900 987 169
437 115 437
438 26 135
436 438 170
900 338 437 337
136 135 251 123
170 914 169
339 33 35 438
136 337 169 123
883 336 136 437 339
115 337 464 338 339
115 96 251 123
165 914 987 339
169 860 978
115 64 116
169 860 438 136
123 82 151 23 115
170 135 339 251 165
336 115 900
136 96 66 375 860
115 165
123 438 330
339 818 339
883 339 115 169
169 816
330 860 165 725 339
169 860 116
170 816 860
336 337 437 38 116
900 978 165
436 115 900 860
438 333 28 339
251 32 35 339
978 165
339 30 37 338 914
165 900 900
251 30 38 165
914 135 40 339
438 115
135 339 251
251 336 338
116 860 123
437 455 437
135 370 113 370 339
116 136 169
816 816
165 438 123
860 860 438 33 169
136 464 338
165 753 548 116
123 860 900
337 123 251
115 455 135
339 115 337 338 337
115 338
115 860 169
437 136 361 62 169
170 27 437 436
165 251 860 860 115
438 860 438 251 170
914 251 339
339 455 816 336
169 116 883
115 437 38 116
251 860 900
860 816 170 900
116 987 115
165 816 914 914 115
337 169 123 860 330
170 116 438
339 339 251
883 115 256 170
116 263 47 165
437 135 443 339
116 914 115
169 860
437 170 337
336 820 123
438 437 438
337 30 251 336 169
136 135 860 437
170 753 978 115
883 337 136
339 547 165
136 251 339 165
115 338 251
116 339 860
900 169 914
336 27 251
860 900 978
115 436 437 436
437 336
338 170 417 437
338 199 121 116
900 753 900 165
336 339 115 337
170 860 169 816 437
170 548 115
336 438 136
116 261 437
437 338 135 339
251 417 438
165 337 338 251
116 914 116 370 251
438 588 37 96 115
170 62 135 165
860 251 30 336
169 339 339 883
437 337 170 816
336 438 336
860 339 361 434 169
339 123 96 251
438 436 115 318 115
165 115 437
337 96 251
438 261 116 336
438 427 546 115
170 13 336
169 900 860 165
116 116 437 336
900 165
816 336 860
170 116 753 170
438 900 411 212 170
169 914 116
169 437 5 133 136
816 816 336
170 455 438 900
438 860 900
136 169 588 169
860 339 725 339
169 229 119 470 170
336 169 115
116 27 361 136
438 436 437 437
251 443 96 437
914 135 437
336 409 40 438
169 113 339
165 123 123
169 251 135
165 533 116
116 40 900
883 336 93 883 883
123 165 860
816 116 135 336
115 816 40 725 339
438 338 115 753 170
339 28 30 169
914 135 135 336 169
165 119 76 245 338
337 165 39 133 116
169 338 860
339 136 116 860
116 883 116
437 900 338
251 370 135 135 165
336 971 251 900
136 151 96 136 116
437 900 437
251 169 339
438 987 123
337 464 727 483 165
816 491 548 116
115 455 914 251
170 38 437
338 245 40 135
123 987 914
438 23 251
609 609 24 609
900 860 116
978 900 338
914 455 375 455 860
169 548 115 883 339
438 444 438
978 860 165
116 367 39 883
136 169 133 170
165 116 165 816
165 151 261 116 123
115 171 116 987 116
860 914 115 136
978 860 336 136
115 142 165
116 753 165 900 978
338 860 336 116
115 302 438
115 245 337 336
438 170 169 339
816 437 337
438 27 116
116 914 860 338
251 172 251 437
436 437 136 437
115 987 914 251 170
816 437 437
330 860 339
116 370 116
337 155 337
438 96 442 455 914
251 123 123
116 135 251 151 438
170 170 135
438 337 860 438
336 820 115 987 170
336 165 494 170
437 170 417 251
165 590 30 115
123 251 336 135
170 123 165
115 987 339
135 251 123 115
860 251 860 123
165 251 27 336 116
860 816 165 490 170
136 136 338
860 816 437 436
900 437 436 437 436
135 339 75 165 116
883 165 339 115
169 932 165 229 165
338 245 82 337
339 135 135
437 338 116
170 455 330
438 151 136
337 169
914 455 339
337 115 816
116 987 438 337 135
437 47 41 123 116
170 115 900 338
339 547 339
135 455 417 29 339
337 30 251 336
115 443 40 170
438 427 119 165
169 438 437
123 169 251 339
336 883 883 116
336 336 816 115 136
438 860 900 860
135 47 165
169 136 338
336 339 135 135
438 165 229 169
900 455 123
439 96 437
251 136 116 251 135
336 27 438 135 115
339 336 437 337
170 437 860
338 252 166 115
337 438 438
437 30 438 417 136
115 883 116 367 165
816 169 229 169
115 437 437
165 490 170 438 136
169 333 609
339 370 417 437
136 338 35 116
135 93 30 337
338 860 860
115 123 115 900
438 339 860 338
169 136 337 170 336
339 339 883
900 822 900
437 337 135
116 455 411 116
170 40 964 373 115
438 427 169
170 537 170
336 27 116
169 113 438
978 753 753 900 169
337 31 229 115
437 170 471 170
914 816 437
165 914 455 860
169 116 123
339 170 455 900
339 26 135
165 32 251
337 336 136 336
900 914 135
438 135 96 337
165 169
251 860 753 165
115 245 38 437
437 251 136 437
339 136 438
135 438 900 123
437 336 336 116
116 27 588 438
123 338 860 978 900
251 437 115 900 978
337 136 170
330 455 123
136 115 900 165
115 38 165
136 89 919 114 609
115 212 145 81 169
115 442 170
116 438 470 116
169 172 115 30 115
170 251 251 123 339
816 165 135
115 114 338
914 338 338 455 251
339 251 135
135 438 860 914 169
816 470 170 336
437 170 115
165 223 317 116
115 48 115 336 135
115 531 165 336
116 860 978
339 443 116
116 361 438
115 883 115
338 135 338
135 860 978
135 338 337 135
165 32 165
860 860 455 115
438 423 96 438
135 337 169
251 339 14 290 169
136 337 437
860 437 39 116
437 136
883 337 339
338 987 411 438
136 169 114 173 115
336 339 860
336 860 900 914 900
860 438 115
337 338 337 860 135
136 115 251
251 170 875 170
165 48 165
170 470 914 105 170
438 417 165 337
438 361 34 26 135
165 482 165
135 437 251
135 30 437 115
860 115 883
339 860 251
900 183 116
337 336
338 37 26 251
135 860 170
135 860 438 115 165
883 115 437
438 860 914 169
724 338 135
116 531 438
165 725 370 115
860 900 437 337
169 548 115
338 485 443 165
165 107 338 437
251 47 339 987 339
437 437 438
438 30 165
978 165 336 251
169 96 123
165 337 337 336 816
436 438
339 32 23 337
338 135 169
170 339 860
438 135 251 338
165 482 437
170 318 367 116
816 437 438
336 251 860
860 437 170
169 128 115
338 251 135
978 860 914 115 136
437 361 443 115
169 365 165
136 361 370 725 116
251 900 183 169
115 900 860 338
170 494 165
165 437 75 75 165
438 113 338
165 133 337
337 31 32 338
169 24 367 113 115
116 30 417 437 338
169 464 337 169
330 860 816
437 75 339
135 23 438
914 115 914
165 417 79 116
170 424 337
438 987 914 116
123 900 338
914 170 169
136 337 135
437 261 40 170
116 151 816 753 860
116 987 169 339
136 135 26 438
136 136 135 136
437 337 338
170 229 37 48 165
438 114 365 169 251
251 443 165
437 337 115
338 229 338 336
116 367 283 169
169 486 725 116
339 135 361 437 438
914 753 900 170
339 337 170
339 251 96 439 338
337 170 860 338
170 337 123 116
438 123 339
165 40 339 123
337 133 93 545 438
978 860 135
251 26 251 914
115 978 165 336
337 367 337 548 169
165 33 169
115 816 40 116 116
338 724 338 169
116 513 115
339 116 165
438 361 96 113 116
115 339 32 438
978 165 978 115
165 337 165
169 36 914
135 115 753 75 165
339 34 438
860 336 251 338
900 438 165
251 443 116 136 336
170 251 30 34 339
338 337 883 115
251 860 135 337
816 860 900 914
883 336 883
338 48 48 27 116
337 96 339
330 455 136
170 170
169 35 338
336 93 883
860 914 113 338
165 38 26 438 436
816 165 860
169 249 367 438
251 914 914
914 900 914 860
860 165 753 816
115 245 115
115 442 115 978 165
900 169 339 860 170
116 338
338 113 165
816 914 900 987 914
900 438
136 170 914 816
115 251 170
339 169 860 978
170 442 245 338
251 971 93 116
251 251 123 339
165 753 914
339 115 436 437
914 116 336
136 160 338
438 251 860
339 13 900 115 136
169 135 437
439 115
165 464 136
339 169 914
251 251 361 116
338 900 251 123
437 136 96 135
169 427 438
439 338 339 251
169 169 136
339 860 455 914 135
339 337 339
135 169 165
170 548 170 427 170
116 816 914 251
169 82 115
336 336 165
339 883 337 169
136 337 135 165
883 27 437
165 119 40 251
438 330 74 438
115 79 165
339 116 39 455 330
438 455 115
978 115 438 116 251
438 32 24 545 165
165 116 914 169
165 123 339 32 251
438 123 987 914
437 900
860 115 361 136
116 896 329 560 336
169 455 847 437
136 115 914 900
437 860 338
136 337 170 336
978 860
135 136 464 338
338 245 339 438
816 40 31 123
169 339 860 170
339 33 590 38 438
116 29 5 455 338
860 336 115
123 900 978
165 362 256 165
914 860 330
170 116 170 860 914
115 436 437 251
336 437 135
438 115 135
339 35 261 169
123 900 900 753 116
169 123 860
438 151 367 169 116
914 914 251 339
883 93 336
116 136 438 436
116 437 26 437
116 23 545 165
165 483 165 978
115 436 438 338 437
438 123 860
914 816 115
169 336 136
135 169 437
437 251 438
338 900 753 116
337 860 115
914 169 165
251 914 816 115
900 987 816 437
900 860 251 151 170
251 40 409 338
438 114 96 165 165
165 847 171 116
336 336 337 135
165 361 135
123 41 115
115 753 900 900 165
816 816 170
338 860 900 438
914 470 119 333 169
116 438 123
338 424 74 116
438 339
339 860 900
860 165 900 115
115 136 339
336 338 987 411 438
251 30 588 34 438
165 34 438
437 437 339 170
816 336 251
169 212 152 615 115
339 170
978 900 338 135
116 437 436 438
169 96 115 169 860
136 820 123
336 337 339
170 495 169
330 860 978
337 301 169
135 96 336
136 135 914
115 860 170
436 437 900 914
816 169 136 337 170
330 455 860
115 366 169
339 987 900
170 145 86 165
437 455 47 116
123 170 455 318 170
251 437 339
251 437 115 900
336 135 135 337
165 366 169
914 470 914
116 116 455 135
115 438 987 914
251 437 26 27 170
116 115 883
437 816 987 438
169 464 337
338 35 438
170 151 470 438
170 490 170 115
116 28 33 169
251 116 337
165 860
338 336 136
816 116 816 165
170 169 339
123 455 169
251 170 875 170 339
170 860 135
116 171 115 436
914 900 978 860
135 75 470 119 816
115 30 337
339 251 170
437 443 442 115
339 987 914 531 116
165 229 165
115 883 336 136 437
438 339 116
816 115 136 170
116 860 438 438 116
135 339 116
978 860 978
438 531 165
609 333 115
115 753 914
900 753 261 437
165 753 165
336 816 860 914 251
170 434 30 116
170 123
135 455 860
437 165
123 987 339
339 40 30 32 338
900 123 116
116 251 170
165 438 336 251
978 860 330
860 169 136 116 914
115 753 978 860 816
439 338 339 438
437 261 119 165 437
170 485 170 914 900
338 437 860
339 170 411 438
816 816 170 337
165 900 165
337 464 338
438 32 883
165 336 336 816
339 482 165
339 27 417 116
115 48 47 116
115 363 81 170
330 330 330
170 471 170
330 455 135 370 116
165 339 47 116
165 229 23 590 165
165 860 860 816
116 753 860
165 978 860 123
115 135 26 370 339
116 513 507 314 165
338 339 251
816 169 28 116
169 405 21 169
251 135 26 438 115
914 914 531 116
170 914 816
438 545 36 486 115
169 339 336 116
339 39 27 151 816
339 437 336 115
251 86 753 914 135
170 355 255 170
170 548 170
123 170 135 251
900 251 338 245 116
339 251 251
338 165 123 170
438 36 438
338 113 263 417 170
170 38 25 409 165
123 987 816 115
116 914 169
251 170 96 816
123 170 979 170
169 115 860
123 169 135
339 361 443 339
165 33 86 92 336
336 816 115 883
170 360 169
123 96 251 900 900
165 337 860 135
438 987 816 116 337
339 464 459 74 330
336 27 136
339 47 455 437 436
165 128 900
914 914 135 115
165 337 860
165 26 339 114 438
169 64 914
170 417 437 135
116 860 123 165
115 336 169
135 136 169 133 170
339 165 30 116
251 914 170 169
116 987 115 115
439 338 339 339
437 443 115
251 417 318 169 170
816 151 39 437
339 987 914 816 170
136 336 438
338 336 437
336 860 337 860
116 261 35 35 339
165 136 169
816 914 914
115 136 437
900 978 860 165
437 417 361 165
251 136 169 588 169
438 987 116
339 438 36 24 169
438 427 470 914 338
123 41 136 337
339 437 900
116 129 93 30 115
914 987 116 860 165
339 136 115 123
338 439 338 724
116 860 169
136 136
337 123 900 437
170 607 589 160 338
883 336 339 860 437
169 337 883
609 114 170 135 339
338 136 160 337 438
135 443 261 438
123 438 339 340 251
336 337 165
816 860 251
339 169 24 38 170
816 165 860 978
135 370 25 545 438
251 30 136 251 437
336 883 336 860
135 31 438 116
337 336 135 336
170 136 116
115 437 437 165
883 32 339 860 165
816 987 438
437 251 437 135
165 171 116
116 470 438
336 816 336
816 96 336
883 337 338 115
116 135 169
339 169 136
816 165 251
337 170 336 860
437 251 40 409 338
115 336 136 135
165 35 27 438
816 116 437 337 115
170 40 919 443 251
900 411 116
116 336 860 860
251 860 115 883
115 883 116 337 337
169 339 437
165 107 338 437 251
170 136 136 115 978
337 438 261 165
883 336 115 142 115
336 96 116
123 116 135 338
438 900 987 115
438 26 165
339 443 251
438 390 438
170 455 318 170
135 336 437 438
116 151 116
136 438 115
914 753 165
338 160 736 160 251
115 136 336
170 169
135 455 318 169
338 136
438 40 900 860 337
135 115 169
170 23 135
251 900 860 338
438 900 860
116 170 860 914
115 361 136
338 914 28 115 251
330 860 169 734 169
169 42 86 251
338 420 116
339 25 35 116
169 455 302 303 169
165 336 169 337 135
123 900 437 26 251
860 860 336
816 116
115 16 308 169
914 900 987 914
123 339 987 169
900 251 860
338 367 438
123 41 136 438 437
170 135 115
860 978 115 883
165 337 338
135 443 40 170
860 900 437
816 953 816 169 135
339 38 31 35 165
135 116 753 900
330 438 330
336 438 336 816 116
860 438 33 169
170 136 338 337
170 485 170
436 437 816
336 860 116 151 438
123 123 438
816 987 338
438 437 170
338 116 136 116
438 337 135 251
337 93 32 367 115
438 26 25 165
339 818 533 28 339
914 531 531 116
860 455 171 165
860 337 860 438
135 115
883 116 367 165 123
336 165 23 337
165 166 882 166 165
170 16 170 123
438 23 135 336 339
136 30 32 361 437
338 135 251
336 27 438 135
336 135 438
339 251 136 136 165
437 115 987 116
251 30 336 338
165 860 978
338 35 438 30 339
816 151 753 900 978
337 115 135
338 165 123
339 47 455 437
438 339 26 32 438
338 336 437 136 135
900 455 816 987 900
860 437 115
816 116 914
115 436 437 170
337 169 123 165
883 115 18 365 338
436 115 165
437 135 860 753 169
251 32 27 165
116 34 27 437
165 337 337 336
978 900 978
914 860 437
116 251 136
338 860 900
123 860 816 437
339 860
165 170 123 123
116 336 860 860 170
437 455 165
251 136 165 13 336
438 987 914 816
135 47 437
339 47 113 971 336
251 135 339
338 900 123
438 34 438 251
123 438 338 116
438 900 437
165 978 900
123 103 123 339 123
135 455 900 860
116 437
338 32 116
115 860 251 116
816 548 115
136 251 151 753 169
170 548 116 170
337 337 438
115 417 494 464 116
978 860 135 165
116 337 883
169 548 170
123 455 76 245 116
338 116 816
438 249 114 165
439 115 932 338
978 860 337
339 339 883 336 337
116 32 590 438
437 455 123 170
336 27 136 337 123
330 330 860 860
816 753 753 170
338 987 914 816 860
170 62 172 464 136
338 439 338 339
439 338 724 338
883 337 301 169
978 860 115
438 30 251 116 136
339 987 339 39 883
609 114 170 135
251 116 169
115 336 883
438 113 485 338
438 116 251
438 588 34 39 339
165 29 116
135 251 914
115 883 165
338 82 180 123 169
170 987 900 115 438
115 38 170 165
860 816 914 169
165 365 165
437 860 135
437 115 816
338 123 339
170 987 169
339 370 339
338 932 115 987 170
169 338 165
169 263 485 336
816 953 40 135 438
136 338
900 914 987 438
135 337 16 290 165
169 229 169 251
436 437 437
336 135 116
170 875 170 337
436 115 105 255 169
115 978 860 336
438 28 29 165
900 953 816 336 115
339 113 165
330 455 339 883 115
251 860 860
338 860 336
338 437
123 860 438
123 860 900 338
115 860 336
170 860 336 337
170 411 116 135
165 170 38 39 116
116 361 25 437 438
336 135 860 978 900
860 336 816
337 123 169
135 26 251
116 35 339
339 338 987 900 860
165 116 40 438
978 115
169 160 336
135 135 336
170 261 30 151 170
883 339 26 135
123 169 116
115 261 30 23 337
115 372 32 116 136
169 337 135
169 339 123
116 245 337 135
337 23 438
165 365 165 136
338 66 48 442 170
165 340 169 438
170 38 39 116
251 136
438 170 875 170
336 280 405 438
169 337 339 251
437 27 336
115 123 170
115 860 860 330
338 336 251 860 115
860 123 900 115
339 370 251
116 816 914 860 860
165 136 133 116
336 30 160 724
336 971 336
438 136 27 165
336 438 987 170
438 36 301 21 169
816 437 455 437
170 417 725 245 338
339 123 339
883 93 32 116
438 900 438
914 169 816 753 116
116 160 170 123 337
170 860 338
115 439 115 978
115 251 26 437
437 47 165
437 25 165
251 900 123 860
336 860 437
337 170 135
123 987 116
339 370 455 165
437 860 336 338 116
437 443 339
115 883 93 438 330
165 183 531 165
338 860 169
339 337 169
338 438 251
900 455 251 115 338
860 165 336
165 123 170
978 165 417 79 116
135 251 47 455 165
860 251 116
438 455 330
339 860 135 135
251 437 482 340 116
115 135 437
336 251 172 115
170 38 339
437 531 437 135
330 248 317 73 330
165 336 169
437 165 116
900 251 123
115 812 115
136 115 914
170 183 5 438 337
115 644 115
724 338 900 123
170 169 336 136
339 32 339
337 30 169
116 860 438
136 336 437
170 115
115 83 296 6 337
165 116 123
135 443 116
816 116 263 438
338 136 338
900 169 336
123 860 375 424 115
169 339 339
900 183 169
169 900 455 165
123 251 437
724 338 170 115
169 170
170 455 116
337 115 816 437
116 860 116
135 370 33 35 438
914 135 170 170
116 169 229 115
116 123 31 337
337 860
860 251 30 336 338
170 455 136 251
170 860 116
115 437 336
338 169
116 39 455 816 816
900 987 170
169 121 338
115 438 987 914 816
115 282 170 123
169 65 169
115 436 437 436 115
336 338 169
336 115 115
136 169 135
170 31 170
165 79 165
338 170
251 32 417 339
338 439 338 339 251
115 261 151 165
609 30 33 438 251
816 816 953 816 169
438 169 251
169 338 338
169 136 820 123
336 339 135
116 339 860 251
115 513 115 978
115 417 170
438 531 914
165 336 170
123 170 816
437 336 251 417 437
437 338 337
116 725 40 170
116 548 753 169
170 31 123 339 339
136 438 40 816
115 116 753 978 900
170 31 115
170 16 170
438 27 135 339 123
170 336 883 337
115 753 116 116 437
251 338 338
136 437 136
339 169 115
330 455 136 165
438 339 47 339
438 437 436
860 251 437 75 437
438 302 438
170 875 170 136
123 180 123
115 460 115
136 339 123
914 135 337
860 165 725 339
339 860 170
135 370 27 883
165 116 135 437
336 338 116
338 455 251
816 119 165
115 437 135
165 121 30 251
165 338 860 169 136
338 438 337
338 724 338 170
251 23 25 27 165
169 96 115
165 438
437 165 116 914
438 494 62 169
336 165 337
116 263 438
135 336 883 883
170 987 816 860 978
115 42 199 338 336
336 135 443 116
978 753 165 34 438
169 133 160 165
165 136 135
339 455 136
115 437 38 35 339
170 165 438
438 165 438 123
900 411 212 170
165 35 165
116 361 25 437
170 424 115 116
165 860 455 914 116
339 135 165
437 337 883
170 455 847 455 860
165 113 473 32 883
169 494 261 438
338 437 251
330 438 330 330
339 455 417 438
860 438 135 438 900
900 900 860
116 336 816 165
900 953 35 339
115 900 169
169 336 860
883 32 113 438
336 336 135 860 978
900 437 251
123 116 338 437
169 123 123 338 115
135 455 417 170 123
115 170
914 135 135
900 860 338
169 914 135 136
116 38 437
136 27 135 62 135
251 251 169
135 93 438
116 96 816
165 860 116
116 317 218 317 116
169 82 165
165 361 437
115 812 62 263 116
860 753 860
165 171 116 251
170 13 900
336 438
169 24 34 165
438 251 251 116
115 987 900 914 135
339 79 116
116 23 31 170
339 883 93 336 437
860 165 229 169
336 169 337
115 860 914 900
116 987 123 115
816 336
337 860 914 860 339
860 251 860 123 900
169 900 169
437 26 23 26 251
336 336 336
816 860 116 339
115 339 361 443 339
169 914
883 337 96 339
170 165 119 816
