529 529 608 213 525
499 700 499 913
358 823 666
374 501 358 608
608 452 358 9
11 441 700
996 12 161
666 566 573 452
267 267 661 11 602
374 407
8 452 649 246
707 12 7 374 466
11 608 266
359 421 332 358
661 674 267 12
649 649 452 573 8
213 9 466
406 7 44
498 533 504
141 602 365
570 19 129 430 765
9 823 358
699 141 360
765 246 608 266 720
856 7 922
324 555 141 141
266 565
12 666 856
700 247 11 266
707 331 358 141
498 406 672
525 247 264
362 506 498
12 569 19
707 570 452 823 8
44 249 249
487 452 608 406
525 967 44 833
358 729 525
141 451 452 451
661 265 407 406
421 459 19
570 823 674 506
264 707 700
913 525 720 332
466 529 452 19 324
922 922 487 529
501 406 498 265 407
499 213 213
504 141 510
141 502 452 823 265
267 265 265 264
699 11 293
504 765 421
856 452 452
7 359 570
505 374 505 499 498
754 7 500 525
602 602 602 365
922 529 506
502 502 7 502 44
430 506 9 141
421 452 666 951 44
161 569 161 264
12 565 266 608 332
922 141 8
265 503 358
141 566 7 502
213 608 452 213 498
430 7 672
12 739 569
804 720 7 566
9 500 501 430
496 141 19 19 11
266 267 707 602
501 44 293
506 406 720 525
967 504 466 488
407 499 141 8
7 8 510 674
525 699 699 506 441
707 957 213 11
700 823 707
499 7 510 9 499
44 358 11 573 498
44 526 407
700 452 161
504 11 293 504 500
7 247 19 267
264 265 608 359
608 265 11 44
365 602 602 499
498 569 570 971 608
44 374 856 833
525 332 213
754 466 86 7
441 566 569
754 661
265 957 707 247
362 12 265 264
570 19 430
441 8 358 266 498
502 499 765
359 502 505
141 358 805
498 452 359
699 720 529
754 569 430
529 720 765
12 700 699
8 570 267 700 566
466 804 265 9 565
358 7 161
249 506 238 499 501
44 11 555 266
358 530 358 504 11
466 487 558 9
570 452 451 265
430 12 247
499 602 529 160 672
720 754 608
893 971 504 500 358
510 510 661 452 466
452 608 720 406 466
360 293 498 12 573
506 452 566
141 264
19 570 661 440 264
570 360 360
754 360 754 266
499 500 502
358 499 500
249 672 672
823 566 11
707 7 674 7 11
362 529 44 956
12 358 264
496 529 160 264 441
441 602 441
265 529 9 498 487
996 12 264
707 823 358
566 700 602 529
9 754 661 452 566
161 441 8 569
720 720 332
951 913 707 823 9
501 430 421 332
264 856 421 19
213 466 451 365
510 264 499 488 922
922 141 466 8
608 141 672
558 856 504 466
452 823 8
565 608 267 266 11
44 967 913
608 358 358 569
7 569 430 141 358
141 666 267 247 264
324 7 249
213 7 451 569
608 565 674 12 358
141 555 466
956 7 913 525 44
264 570 265
452 452 830 452 161
754 11 8
499 529 488
451 141 213 264
466 213 956 7
856 498 7 555 856
951 213 421
498 12 510 12
358 247 570 707
451 496 560 913
608 358 8 265 957
649 44 699
555 265 264 264
332 836 332 421
358 765 7 213 421
555 856 661 570
529 502 9 358
213 720 804
805 487 496
213 359 672 141
213 266 720 529
699 504 161
8 672 672
12 570 700
510 264 358 729 441
12 44 951 525
213 264 161 661
707 498 707 265 407
12 707 765 7
498 452 43
43 324 266 265
504 699 506 19
249 856 19
265 264 440 608 529
505 62 856
500 525 213 8 823
666 19 510 510 264
44 430 498 362
707 86 573 12
498 452 9 565 9
267 266 608 565 430
661 7 500 264 264
452 661 754 804
141 608 499
502 9 264 500
360 169 249 161
525 332 699 500 9
441 700 498
406 44 406 44 555
249 569 500 504 332
510 525 573 525
529 487 487 558
362 293 362
452 573 12
505 358 9
566 247 246 430
699 699 602 213 141
499 525 700 570
951 525 525 266
12 573 452
265 359 558 9 569
12 498 506 7
957 9 19 430
506 500 358
913 856 293
161 451 558 856 661
570 700 971 570
502 661 247 19 161
856 246 765 421
441 8 466
570 267 674 823 570
43 499 649
11 608 358
720 699 358 913
9 452
498 459 358
267 666 141 555
249 7 265 7
699 699 504 19 957
12 441 608
499 406 672 249
213 246 649 452
498 525 951
249 12 573 525 504
247 661 505 525
358 264 247 566
602 358 213 7 674
213 264 498
674 707 566 141
913 922 487 466 506
674 754 360 754
441 666 324
499 913 44 729
754 9 502
707 765 856
739 569 360 570 661
12 674 674 674 504
358 602 496
43 502 503 499
957 12 452 451 365
501 499 407 213
141 504 374
720 555 324 19
504 699 359 529 720
499 506 7 249
141 246 7 430 672
913 700 661
12 264 570 264
7 359 498 8 525
956 213 332 700
407 374 501
893 466 406 504
247 246 765 44 951
503 61 19
823 565 324 19
441 649 452 213 823
8 44 374
805 358 500 525
720 441 44 362
141 161 441
43 502 499 700 264
407 504
754 9 674 510
951 957 141 407
19 504 430 501 504
754 19 549 360 498
700 238 498 967
674 754 720 529 488
430 246 7 421
8 466 265
608 804 608
466 407 332
700 570 264 608 406
12 300 12 957
504 7 573 141
530 11 19 293
452 264 452
12 856 707
406 500 141 249
504 466 267 498 246
44 699
451 487 529 441 566
487 213 503 502
359 504 699
661 12 358
365 569 360
570 247 246 421
264 19 555 161
374 505 358 823
608 608 246 266
720 525 765 498
213 155 19
555 161 451 365
505 971 805 487
451 265 823 823
161 161 666
506 674 141
141 699 332 358
700 956 506 141
602 498 246
529 502 9 358 505
11 569 141
525 265 451 566 141
141 566 247 506 913
7 506 362
496 529 359
666 166 430
374 7 823 7
525 141 161
957 12 510 674 141
720 699 525 7
487 487 488 499 9
19 44 569 161 358
466 504 293
555 466 510 499 602
674 504 504
466 498 488
44 856 506
213 266 265
996 12 358 500 265
265 555 44 502
141 51 44
441 608
661 267 266 11
8 452 43 44 913
19 11 441 649
555 161 19 44
570 264 161 452 487
506 699 11 804 498
7 19 674
661 441 729 141 7
505 62 521 823 7
913 44 406 358 141
466 856 573
213 265 7 358 141
9 674 569
754 720 555 265
141 499 9 720
720 266 267 707
11 666 661 293
430 8 12 141 510
498 496 488 498
407 265 608 406 720
499 602 529 362
19 267 267 570
406 358 264 267
44 649 246 266 267
7 765 525 699
566 421
358 161 496
565 9 332 707 856
570 700 823 9
430 19 44 11 555
213 525 11 324
441 720 324
700 661 293 44
565 608 565 266 466
765 293 504 407 265
441 573 9 8
500 525 500 466
566 7 407 43
525 510 12 510
504 466 602 498
11 441 666 19
267 466 488
12 420 7
674 565 9 699
249 12 266 266
504 161 161
967 504 501 569 359
359 951 359
510 19 9 569 504
608 358 504 374
44 555 466 649
496 487 332
441 649 452
247 707 570
500 358 530
823 570 12 213
360 451 496 496
44 956 44 672
573 12 19
501 500 374 503 406
266 265 823
44 7 913
141 661 362
674 265 570 264
661 362 430
565 44 324
8 466 720 266
141 510 510
569 8 7 956
555 84 615 518 11
498 360 569 739 12
913 922 7 504
374 500 266
407 43 406 525 265
365 421 246 247 570
661 121 856
566 141 754
7 765 430
666 86 510
293 525 19
161 161 12
466 488 922 488
365 293 530
12 161 661
19 525 951
506 358 406 358
7 7 672 7
451 365 833 44 358
421 409 504
332 529 7
358 566 7 359
264 661 11 293
421 19 506
421 487 466
602 525 913 856
499 510 494 160 161
246 499 9
406 264 12 11
324 44 324 971 452
830 452 452
570 971 804
8 265 9 452
856 558 9 500
374 500 498 362
7 7 466
608 466 971 700 213
452 506 506 661 141
213 700 264 707
358 510 12 565 324
324 43 569 451 569
608 440 498
374 44 525
324 266 498 501 569
43 499 44 501
374 499 503
608 804 565
570 823 9 141
856 62 141 19
213 358 11 956 11
699 504 441 8 566
7 374 529 488 922
466 86 7
525 505 661 19
699 506 407 525 247
608 440 499
672 141 573
358 913 499 466 893
264 247
573 213 213
496 421 471 421 9
956 856 856
570 12 570 569
264 213 360 265
12 823 7
700 332 529 359 570
510 499 707 358 266
504 504 506 9 421
19 405 249
441 466 555
12 161 452 359 9
707 602 707 957 12
922 498 503 406 44
856 358 12
358 569 9
570 8 570 264
406 374 504 246 266
7 573 12 249
700 7 11 213 332
804 565 804 265 8
570 7 213 525 510
506 765 499 359 213
569 570 267 674 823
823 565 430
9 8 502 332 500
421 488 362
498 707 247 700 19
44 43
754 324 121 550 44
500 141 44 19
421 529 602 700
213 823 358 332
11 365 293 293 19
503 499 488 529 265
856 525 913
487 9
765 358 161 12
661 707 7 213
265 498 141 608 332
488 362 602 213
374 407 406
573 141
358 608 565
19 441 699 499 374
856 506 500 374
9 141 502
265 661 754 11
452 700 358 213
499 700 12 565
566 608 565 804
700 213 503 406 358
365 569 739
11 324 266
9 502 499
7 529 488
525 573 573 8
499 525 44 569
141 500 7
503 499 359 7
360 213 44 141
452 502 503
293 374 441
529 7 161 661
498 804 11
602 249 128 133 11
525 9 466 500
293 420 7 430
570 570 359
967 504 8 11
602 11 529
504 86 153 107 44
266 720 7 332 700
488 141 502 452 823
213 264 569 558
264 7 525 7
496 487 558 674
498 141 566
11 7 407 141
430 441 729 44
161 267 707 499
487 529 529 525 359
324 971 823
566 573 44 765
529 558 674 504 674
504 8 466 499
421 9 421
407 7 360 293 362
499 529 602 496 496
213 498 200 498
496 11 566 407
441 506 500
43 452 264 266 565
141 332 720
44 246 213
44 141 264
529 44
699 9 720
566 569 161 264 804
573 7 374
360 971 566
7 264 500 358
501 232 501
502 43 452
7 720 266
530 161 555
266 267
332 505 332
499 374 7
754 569 9 506
44 324 720 441 504
699 500 501
674 506 441 249
700 11 566 707 332
499 9 487 498 44
12 661 570 359 9
856 555 324 266 266
161 12 430
266 246 649 246
264 500 569 441
407 406 264 161
674 754 359
569 19 247 566 421
496 141 608
359 9 707 498 967
246 421 249
499 649 499 43
674 506 672
506 466 720 804
12 213 12
7 499 406 505 358
7 765 498
8 504 293
739 569 566
569 602 525
360 441 707
374 358 510 9
804 608 565
720 266 265 498
488 496 141
11 602 498
266 407 525
487 529 504 765
9 529 374
666 19 510 510
530 11 362 19 141
672 430 7
293 360 213 498
569 161 504
362 19 573
487 498 421 765
506 499 699
466 488 362
498 700 699 500
700 957 700
249 954 249
487 488 487 529
359 9 661 441
161 451 161 358
566 11 441
249 856 525 466
558 324 44
265 466 406 406 505
555 265 525 421
213 499 43 502
754 11 12 823
358 501 498 466 7
555 856 956 11
498 956 700 957
661 707 674 674
360 44 213
504 506 503 407
19 19 856
267 700 332 487
530 358 452 506 499
452 213 7 506
913 358 43 406
7 765 293
707 674 12
565 459 358 11 406
510 661
265 265 264 608
529 488 529
765 9 19
249 19 452 506 365
700 566 421 498
19 421 332
9 264 61 707
661 674 754 720 9
213 9 569
505 499 7 451 7
661 502 43 566 407
661 44 569
266 525 967 44
505 406 501
504 500 569 11
266 358 765
506 358 11 754
566 358 501 358
213 956 44 19
608 754
324 754 44 7
498 247 700 956
506 510 141
466 555
332 502 44
406 332 506 496
406 374 502 502
332 9 213 332
358 406 498 499
8 504 466 602 498
506 504 358 608 608
565 608 499
11 555 266 266
141 332 421
430 365 293 8 265
504 332 358
11 566 570
707 823 707
525 11 21 11 754
488 529 499 498 608
11 362 506
830 452 830 452 19
608 264 141
608 804 265 529
44 44 8 11
570 12 569 7 661
11 804 565 608
12 141 510
441 213 957 265
430 246 765
506 856 265 264
529 502 503 374
700 332 406 264
505 374 505 406
12 466 510
501 499 452 421
720 266 754 141
7 161 570
500 332 44 7
823 823 558 451
452 43 43
19 420 430
720 804 265
19 504 441
246 247 213 496
573 7 8 510
11 608 804 466
249 833 833 7
499 19 555 44 213
213 264 12
359 9 499 182 213
9 957 141
661 293 506 249
720 720 529 9
957 19 506
365 421
565 324 565 754
501 499 510 9
358 501 504
804 971 360
213 61 264 441
499 699 720 608 608
558 9 765 7
488 499 765 504
12 466 53 922
506 452
856 141 161 569
406 720 11 359
602 358 374
452 971 8
707 957 19 823
365 12 213
421 504 499
569 501 499 264 804
407 499 501 44
833 833 44 672
19 707 570 247 267
700 957 9 823
358 358 247
754 674 558 487
707 498 360 451 466
529 499 7 406
566 358 501 358 374
720 406 358 141 666
441 649 421 332 358
249 187 249 19
720 608 265
720 555 466
452 570 570 452
765 720 555 141 8
555 141 699
608 267 264 9 44
7 661 700 441
12 293 498 43
805 44 555 11 406
555 44 833 856 265
506 452 566 452
529 359 359 213 558
529 44 565 324 565
12 452 501
499 699 359 359 569
856 913 951 359
365 183 252 661
358 510 141 913
19 674 267 666
9 44 293 360
213 602 699
525 265 452
666 823 9 487
161 358 358
365 137 298 246 421
266 358 823 666
720 498 446 301 502
674 267 247 213 956
827 506 827 506 674
264 406 525
499 608 452 566
7 265 12 7 406
558 674 707 674
9 674 9
570 267 700 566 707
856 430 765 856 264
19 265 267 264
407 374 499
856 765 856 956
555 266 266 264
7 213 913
213 608 720 699
501 232 501 504
264 12 11 602 569
510 510 466 441
487 487 452
707 661 265 11
661 12 957
525 8 466 407
7 264 823 265
501 430 362
12 452 501 569
565 608 11 666
11 566 407
246 246 765 504 406
8 9 266
856 466 324 441
951 957 700 525 729
466 441 504 504
7 8 661
452 141 500 374
487 452 498 500 466
452 608 406 498
504 358 566 7 359
499 264 707 498
8 510 141 496 11
498 421 452 856
11 502 499 359
488 499 525 500
506 502 500 141
570 359 9
569 11 700 707
602 707 499
9 332 487 558 359
466 9 569 43 324
498 804 232 525
699 499 488 496 488
12 570 7 421 359
500 501 500 374
358 500 265 7 265
833 856 558 9
570 971 566
421 246 504 374
525 505 43 407
566 441 498
19 267 359 608 267
264 570 360 265 498
529 9 498
570 264 141 358
406 264 141 951 951
332 213 332 502 359
19 9 358
44 573 8 510
265 525 720 332 498
249 672 543 672 365
359 359 332
324 720 699 529
498 358 499 510
441 566 608
7 765 365
406 264 247
141 141 856 44 213
265 570 8 293 11
504 500 9 421 487
525 293 525
913 956 213 332
666 666 666 823 9
7 566 823 674
608 566 569 161 264
498 602 466
44 913 529 141
466 498 246 765 498
525 700 499 608
11 360 265
358 11 11
505 406 406 699 700
499 700 358 525
608 720 707
496 451 496 529 529
161 570 264 700
529 504 161
466 362 430
406 264 12 11 602
525 466 893
332 7 8 672
293 44 729
506 293 374
823 674 506
12 569 570 360
608 499 466 374 466
44 7 529
266 61 499
720 213 265 555
502 43 505 502
856 358 765
43 452 498
266 266 608
569 249 505 332 608
11 19 452 856
502 505 374
12 498 452 358
359 700 720
823 264 19 249
956 213 246
213 707 720 406
699 602 466 265
359 700 566 666
674 754 441 720 266
856 246 141 666
358 331 856 573
267 666 19 661 267
498 487 488
141 466 525
765 506 510 754
487 452 19 525 7
407 141 957
8 8 672 430
525 525 510 12
266 141 362
666 856 141 430
700 359 570 823
498 44 498 9 264
498 359 570 569 661
674 661 12 957
498 9 264 213 407
11 699 506
360 498 332 836 332
430 362 496
506 502 407
360 569 707
421 452 856 558
406 525 602 700
406 43 358 805
827 506 503 499
569 7 529 213 441
161 267 359 504
501 452 12
922 496 11
499 332 720 406 374
407 406 7 365
8 502 332 525
247 506 496
699 141 44
699 700 570 7 922
7 913 956 44
566 441 699 500 374
44 11 754 555
707 569 451 569 452
700 525 141 362
608 406 407 43
421 11 247
856 546 209 11
141 62 505
264 440 14 12 365
421 19 452 608 608
823 661 505 358
699 359 951 951 913
358 502 43 502 452
573 8 265 266 358
264 247 246
922 141 421 7 466
967 913 7 856
332 505 358
213 9 529 265
44 503 498
407 141 44 43 505
421 765 249
7 358 525
362 293 498 608
246 649 729 441
754 161 264
213 707 247 7 922
466 754 7 499 374
602 466 754 720
407 406 498
856 264 141 488 922
510 12 510 8
8 213 913
293 525 504
441 233 441 566 141
359 359 360 11
332 487 9
44 430 430 365
608 406 406 699 699
44 672 672 8 12
700 12 44 441 729
44 365
247 566 700 661 265
996 12 362 19
707 569 707 265 500
19 141 141 498
558 569 12 565 674
19 9 720 754 44
488 499 374 293
267 161 452
8 569 7 246
12 293 12 666
502 505 374 358
856 331 44
264 359
265 957 12 666 141
161 267 247
362 7 452 265 266
141 360 11 141
466 362
358 374 499 246
488 529 265 661 11
213 246 44 324 720
362 141 451 496 11
498 573 141
957 141 266 246
501 358 502
213 499 43 502 505
856 956 44 500
213 529 452 11
359 44 407
510 506 293 498
913 967
267 266 265 823
608 452 358 9 525
525 332 502 141 922
7 913 213 266 466
506 499 488 496 922
451 265 500 265
406 264 569 161
504 466 525
707 358
529 466 525
754 359 332
956 700 359 7 324
44 502 506
525 421 566 499
500 9 213 141 525
161 661 9 510
707 19 7
967 44 9 19
9 754 804 466 452
951 360 213 7 141
265 466 487 452
441 729 525 266 441
502 407 265 451
661 19 499 913
141 12 661 570
525 332 213 9 661
699 406 672
707 213 951
720 856 558 823
12 293 498 804 720
264 510 7 500 266
161 11 360
602 213 951 525 421
141 729 971 700 332
421 7 365
488 141 500 501 358
496 487 805
7 7 674 754
265 500 265 359
833 833 7 500 358
359 141 498 43 502
374 466 359 496
649 44 672 359 213
7 570 12 510
498 7 765
498 720 699 525 7
487 452 666
406 500 358 700
421 487 451 466
956 498 967
264 498 73 707 957
674 569 500 501
430 506 672 672
324 720 441
213 264 267 498
19 141 566 43 498
502 43 406
249 7 529
700 7 324 466 441
754 266 266 12 498
406 608 566 573 19
421 856 823 570
967 44 967
666 566 823 8
247 700 498
360 452 823 358
499 503 265
265 466 362
359 141 951 213
247 19 434 11 506
498 487 213
498 11 666 951
141 9 558 529
7 674 569
506 510 674 674
699 506 441
266 466 374
265 451 566 43 44
674 265 503 358
44 12 565 44 913
649 452 499 649 466
359 569 7 573
141 232 265 267 267
602 466 525
569 570 265 525
501 569 11
707 12 161
360 213 525 951
265 555 266 9
506 441
249 7 265
141 506 441 161
9 661 502 529
754 19 44
922 499 44 565
362 956 506 499
570 570 570 823 661
452 498 293 11 504
525 358 729 441
700 602 466
246 649 421 141
661 666 951 913
359 9 19 573 44
529 213 951 44
8 358 12 213 487
213 498 266
499 499
951 525 699 141
496 11 365
332 707 264 7
44 506 672 365
754 555 466 602
213 265 161
487 466 452 358 452
44 9 9
359 499 700
500 265 957 213 503
7 19 264
332 505 358 602 602
266 720 700 264
502 529 922 488
608 358 506 510 466
498 246 649 44 967
503 358 466 9
249 19 666
12 498 569 566
504 510 264
525 700 707 12
466 267 674
569 498 141 246
505 971 406
498 73 330 223 365
213 608 246 504
9 529 7 430 249
19 674 267 608
161 452 501 498
11 498 529 496
19 661 9 421 249
161 661 141
265 213 264 700 332
44 649 246
525 44 569 43 324
452 358 7 569
754 608 141
573 498 608 266
407 502
293 11 406
141 754 141 332 141
213 573 441 266 267
823 9 510 7 498
503 44 141
359 213 12 249
720 466 267 707 498
699 499 502
265 267 666
674 569 707 525
502 407 502 11
707 569 602 602
529 487 496 466 267
957 9 502 359
573 573 12 8
264 161 666
504 674 141
967 504 525
666 267 674
672 8 293 360
8 502 8 293 765
9 406 720 529
7 570 452 9 502
43 452 700 499
441 700 913 141
360 360 359 529
661 141 496
504 141 525
247 12 293 525 332
956 7 498 267
525 525 266 754
161 141 83 496
293 498 533 360 293
358 602 602 496 11
856 555 161
452 700 566
7 264 499 529 487
502 11
358 525 525 498
666 452
720 213 213 11
421 430 674
700 699 499
293 661 452
441 699 11
265 466 267 674
265 11 270 11
365 141 452 360
951 913 358 504 421
332 500 506 141
324 7 451
504 332 502 661
44 504 856 7 498
502 7 430
674 19 452 358
707 232 65 498
11 498 700 267 12
452 359 525 602 365
324 754 141
823 565 324 266
421 765 720 332
7 525 406
608 566 451 360 141
529 213 951 44 565
499 43 44 374 441
441 8 672
720 529 487 451
362 569 602 498
213 7 362
452 661
856 265 359 498 707
249 430 506 672 672
608 566 666 823 700
488 529 332 506 11
406 406 699
525 499 602 700
566 700 707
499 525 266
856 7 956 11
44 502 43 499
451 566 499 510
249 310 366 441 8
141 699 720 707 674
430 249 661 44 141
823 358 506 19
699 602 213 499
293 498 12 510
804 565 430 498 359
407 43 569 12
406 374 504 7
452 141 161 7 374
247 525 504 421
359 452 649 649 441
7 913 141 359 672
7 8 9
566 570 661
674 267 19 754 19
265 498
498 246 7 720 266
502 505 406 505
267 498 43 43
452 498 496
566 452 487
360 7 421 213
421 332 720 9
661 264 358 700
504 499 264 264
332 529 374 406
674 430 8
12 293 506 510
951 359 570
488 971 360 570
451 487 451
496 466 525 358 213
720 213 957 19
8 466 406 505
700 602 498
500 358 44 12 452
12 264 510 12
498 533 213 11
503 498 608 11
359 267 264 213 141
141 573 566 569
265 707 700 823
141 12 996
7 11 504
707 957 569 504
7 360 44
161 81 362
506 496 451 558 856
608 720 529 452 830
441 264 823 358 374
360 7 672 141
566 11 569
452 529 558 213
504 374
161 661 9 510 264
466 421 430
529 602 365 569
699 500 506 500
19 9 499
661 700 332 720
44 913 529 525
324 19 674
555 265 19 141 488
406 358 566 452
374 504 674 7
11 452 452
246 7 19 11
365 141 7
452 213 823
247 707 213
44 459 358 499
661 569 161 555
249 12 739 12
674 12 957
264 19 267
804 264 7 754
830 452 570 7 266
421 487 496
359 496 602 700
213 11 699 332
213 913 956 362
672 359 951 359 699
213 360 430 501 504
529 529 332 406
649 466 12
729 141 293
452 823 12 213 452
247 525 265 19 661
19 674 430 856 374
856 466 804
510 86 466
487 9 502
498 501 504 504 499
951 913 856
510 499 374 358
649 499 608 566
249 170 249
452 529 441 661
569 570 971 506
161 265 8 441
707 264 359 569
956 7 7
804 608 332 406
503 502 529 922 922
566 358 247 498
496 451 7 672 672
19 499 407
570 247 12 430
141 246 213 913
505 332 506 510 506
19 9 569 441 729
7 141 566 573 452
359 421 9 44
9 529 720 804 754
466 608 566 43
913 44 293 141
11 7 359 529 487
452 573 141 466
11 566 569 661
672 8 293 362
249 12 430
374 293 374
360 754 266 12 12
922 699 358
441 17 459 362
529 529 608 358 407
332 141 213 407 43
19 9 500 499
407 502 43 502 661
529 506 44
213 707 7 674 823
8 452 573 213
608 266 265 213
754 661 569 141
720 525 265 360 265
141 407 505 661
754 466 359 496
332 7 266
525 213 213
441 569 43 502 500
496 161 451 487 466
451 360 951 525
661 247 358 707 913
161 7
498 804 265 267
707 570 8 141 19
913 707 823 358
406 264 499
407 43 569 264
558 569 570 452
827 506 510 510 141
265 823 264
729 525 19
510 12 661 9
672 506 249
441 569 19
441 720 707 359
830 452 466 529 9
11 754 266 804 754
823 19 506 661
569 501 452
503 265 466
500 9 500 501
247 570 360
856 141 293 506 430
358 65 498 503
161 105 44
570 823 7 8
913 213 266 466
496 451 265 266 720
293 754 11 661 510
421 498 265 7
602 213 525 525
9 529 506
498 73 498
487 452 360 441
805 487 922 141
951 951 913 700 12
666 566 451 265 823
265 12 674 19
213 8 823 700
362 666 856
499 502 359 496
804 720 7 570
213 332 529 213 503
573 525 358
9 466 500 406 43
498 8 8 502
661 141 7 358
293 498 12 573
265 957 700 499
506 7 506
161 661 265 555
359 452 141
506 141 922 487 9
407 266 11
525 967 525 466 649
506 499 8
506 452 649
360 452 487 805 358
9 9 674 504 246
566 247 506 365
7 555 141 566
249 856 765 499
452 466 529 265
359 213 951
661 754 661 293 8
264 452 823 707
365 82 283 434 11
359 44 573 573
358 406 505
525 406 44 406
699 699 141 360 569
265 359 558 359 213
707 247 707
666 856 856 249
19 293 8
44 121 856 558
525 358 466
19 525 407
506 452 506
804 466 754
264 707 765 525 602
608 754 950 266
506 407 249
525 720 7
11 452 570 8
699 44 555 266 555
43 569 674
11 141 510 8
951 360 7
265 407 358 213 496
608 406 498 65 362
649 649 246 266 267
358 566 407
729 441 374 500 265
922 14 562 457 421
499 566 608 452
358 823 856
267 674 754 293 765
529 488 499
529 441 566 573
506 496 496 213
7 362
11 555 44
570 570 247
529 359 608 7
141 672 359 9 502
805 487 922 699 504
699 699 529 498
707 602 525 765 707
265 466 266 754
500 374 502 358 823
141 8 569 11
44 699 11
566 421 649
9 525 967 498
441 699 602 499 602
365 7 720 498 525
266 466 754 466
362 569 569
452 830 452 566 666
804 11 441 707
501 374 856
451 265 570 264
720 9 565
407 505 332 502 502
358 374 407
358 8 823 700
452 466 374 441
720 754 359 700 602
358 43 406 43 43
707 247 498
44 331 358
529 44 565 324
487 421 498
754 324 754
565 324 7 360
856 666 856
9 487 529 699
44 30 62 8
451 566 707 267
141 83 141
502 7 332 407 265
11 666 267 608 359
44 913 529 452
9 699 44 967
421 525 7 720 699
555 720 498 430
500 406 9 9 265
525 421 430
19 569 358 913
700 525 707
661 264 510 8 823
11 247 570
729 525 266 441 430
374 501 452
707 359 529 441
608 332 406 503
499 264 608
362 496 487 451
358 525 602 569 362
213 503 407
7 765 421 488 529
500 9 141
525 500 358 805 358
141 674 19
264 823 558 569 570
358 43 566 43 499
569 674 12
500 406 525 44 501
213 213 529 506
666 452 506 11
570 971 608 266
699 971 608
510 674 565 9
498 264 9 765 504
249 5 170 16 44
700 452 9 44
358 7 569
506 7 502
558 324 43 452
608 264
265 452 566 358
608 358 7 332 499
452 529 421
8 573 856
266 754 555 7 406
11 358 213
266 720 765
441 700 602
9 466 500
699 506 496
957 700 332 707 700
12 700 525 967
504 506 332 421
506 827 506 44 805
406 608 359 569 754
466 488 487 421
246 856 707 499
720 707 7
498 500 7 956
43 566 608
332 407 856
11 183 956 11
213 213 720 324
365 141 332 499
7 452 570 12 666
451 360 141
406 506 7 452 608
293 8 672
500 374 7 8
504 765 498 856
12 638 81 44
358 500 265 264
452 9 565 9 957
502 407 525
569 141 754 565 674
700 11 666
666 161 555 19 12
506 500 266 213
506 499 488
707 264 661
213 11 141 365 506
957 700 19
504 504 11 441
608 466 141 9 558
7 700
922 529 265 407 406
500 504 967 913
11 498 956 213
430 246 246 213
452 608 11
264 499 9
266 7 833 856 506
452 8 141
720 529 11
44 765 246
441 573 358 500
12 573 566 11
499 452 823 856
608 498 608 213
570 700 213 141
267 265 529 441
608 804
602 499 407 566 608
707 264 608
569 452 9
441 213 700 358 566
913 183 365
529 913 951 525 407
374 529 502 452 856
503 61 267 466
247 498 266 324 266
360 359 359 525
247 267 498 12
823 565 9 754
570 265 555 754 804
502 374 441 249
265 957 19
569 558 823 570 265
504 971 114 44
499 359 502
265 264 608 358
506 503 213
358 700 359 496 498
452 213 358 161
406 332 498 856
754 359 452 9
12 452 487 213
501 499 407
161 530 358 573 9
666 566 141
566 823 700
265 9 452
365 451 466 358
249 393 421
246 141 232 264
7 666 161
566 700 570
358 566 570 570 267
266 498 738 498 501
362 856 44 833 44
608 213 265
213 407 7
487 487 451 487
213 247 7 499 510
359 141 360 44
602 213 421 246 856
506 441 324 666
11 754 44 43
12 430 565
499 503 374 500 699
7 421 19
504 407 466
488 529 496
856 265 9 510
498 608 332 498
161 754 19 525
856 573 441 566
406 11 266 213
452 823 700 720
264 804 266 608
7 502 8
141 12 358 765 720
441 569 12
466 720 213
498 487 466 9
498 452 9 565
765 498 358
11 666 141 672 7
754 441 699
510 525 500
7 754 441
569 500 264 19 267
44 765 499
922 488 529 558 823
358 459 496 602
44 141 266 11
9 359 504 246
7 451 569
500 406 500
487 529 213 332
466 374 529 498
707 569 452 498 503
674 565 324 666 7
720 700 720 707
264 266 754 466
19 823 666 19
249 310 221 249
525 265 19 661
700 452 43 43 499
570 247 358 500
499 44 501 430 430
12 7 451
249 430 672 44
365 293 374 358 499
421 393 249 401 430
359 267 266 141 452
498 267 265 265
833 7 510 12
569 441 374 506
44 12 362
267 359 608 267
12 267 161 19
452 529 504 466
500 525 265 529
441 649 441 720
700 499 602 529
12 666 7
11 358 707
525 359 496
666 856 331 459 661
661 19 12
141 293 856
246 7 500 466
570 264 533 249
499 246 44
213 359 11
502 9 823 265 12
451 569 570 569
293 754
44 43 406
529 720 441 264
498 441 506 500 264
504 510 358 161
500 501 498
466 720 525 707
44 672 365 672
266 9 506
452 529 529 332 406
506 62 141 666
246 504 161 569 500
720 555 324 7 666
141 504 699 359
488 922 922 913
674 430 19
267 570 8 466
360 549 19
407 503 358 502
498 43 502
500 499 502
452 358 707
488 922 487 529 499
7 720 700
407 466 374 501 406
674 7 707 213
12 8 8
707 765 498
525 700 498 573 11
249 160 8
452 358 707 674
913 951 141
332 141
430 430 246
266 466 649 499
501 569 498 529
700 498 573 11 360
602 569 602
11 247 11
359 7 608 267 661
569 707 332 720
754 84 649 466 266
555 720 498 430 249
19 504 441 707
43 407 265 7 19
359 529 9
674 265 7 525 707
504 406 264 141
957 700 499
293 8 430 506
707 9 9 699
358 264 359 525
265 19 569
9 466 451
359 496 466
293 754 720 466
502 661 502 506 672
266 407 43 358
267 265 9 674 19
503 358 504
500 406 503 506 856
9 754 360
362 506 332 406
499 7 525
666 160 778 569 570
247 246 608
451 466 804 565
267 570 569 7 529
406 264 569 161 161
913 44 430
529 452 8 661
406 504 967 504 11
500 358 608
9 529 265
506 462 430
7 569 500 502 8
608 265 500
267 19 661 754
956 7 466 406 406
558 487 466
558 84 441 324
11 293 525
505 499 374 503 498
7 504 430
9 358 247 19
19 504 407
359 360 754 510
503 502 506 500
452 9 765
498 160 466
674 569 43 502
7 8 441 666
505 499 8
8 9 359
505 332 499 452
44 502 359 700 247
503 407 358
12 573 8
529 421 765 249
504 500 374 856
566 707 332 9
249 602 183 362
672 406 358 566
498 466 649
12 247 700 264 7
672 672 141 661 441
707 872 307 872 707
44 81 44
19 366 521 823 265
451 566 43 569 674
19 513 474 249
504 407 265
265 466 487 452 830
19 570 8 566
365 506 498
700 661 293
407 7 833 44 951
246 44 359 498
358 332 504 500 502
699 141 141 502 499
19 452 570
407 499 19 421 765
558 856 823 19 754
9 957 141 729
555 265 498 602
754 62 856
573 141 529
504 359 11
265 804 498
498 707 9 213
498 9 487 805
19 525 504
358 406 506 365
19 11 421 488
374 466 64 11
11 213 359 502
569 19 11
12 358 913 707
19 754 360
7 11 566 570
565 12 19
720 525 8 672
9 661 518 11 358
161 496 451 265
213 213 452
141 11 265 9
430 569 430
504 406 358 502
141 672 141 569
19 674 267 608 213
213 951 525
19 265 452
452 19 555
430 365 7 765 498
12 11 602 569 441
502 11 530 11 19
525 266 266
44 8 7 264 19
11 247 246 765 44
11 754 44 43 569
161 496 161
566 247 566 11 324
555 754 293 8 12
661 823 971 8 566
265 804 11
573 573 525
506 661 661
7 8 293 765
827 506 406 525
441 8 566 499 699
502 504 19 856
529 359 44
487 452 358 43
247 570 7
569 11 529 265
7 500 466 324
365 569 674 12
332 487 9 502 661
44 42 19 267 608
7 358 406
332 502 332 7 324
649 452 358 700 267
8 452 161 452
12 7 12 452 700
498 44 754 466 358
265 213 358
506 466 720
661 441 566
499 407 566
7 754 466 510 141
265 498 11 420 362
502 500 466
674 504 374
359 498 8 823
11 525 529 529
267 674 9 525
707 359 529 441 720
452 971 893 971 504
19 265 11
141 407 44
358 502 500 406 525
967 44 293
672 406 506 7
573 213 496 161
266 267 265 11
7 956 7 324 19
249 365 293
500 699 529 502
293 765 504 856
374 293 141
264 141 8 672
707 957 707 498
365 141 11 666 11
661 9 720 765
488 466 504
506 332 141
7 504 11 266 141
951 525 266 246 266
499 500
501 500 9 264 570
666 19 570
264 499 488 922
499 9 406 525
720 525 406 499 504
700 661 666 161
358 729 358 765 506
823 674 569 12 700
530 11 141 265
700 238 498
649 649 452 43
213 720 466 525
44 529 359 264
265 500 506 500
707 720 9 8 672
661 502 359
19 19 161 141
44 246 7
661 707 913 967 504
570 823 8 11 506
365 569 674
44 12 264 570
7 956 213 913
913 213 608 720
488 529 265
7 502 503 374 44
525 498 506 407
500 502 504 8
213 358 161
358 525 510 8 430
