68 80 474 66 146
189 941 189 146
550 667 508
187 106 81
952 509 184
287 896 81
509 418 287 184 551
418 287 800
710 69 473
474 663 663 508 81
299 69 551
189 81 287 536
474 121 540 509
710 747 424 747
747 513 509
747 549 188
710 187 932 68
190 87 427 473
549 189 467
418 549 667
69 477 90 66 67
508 480 69
69 69 68
690 160 582
747 615 21 966 189
540 82 747
189 189 549
747 509 467
184 509 473
287 82 190 299
81 418 287 536
69 667 69
184 115 87 509 81
68 220 74 105 550
551 298 549
509 667 189
189 508 710 710
549 934 549 800
187 366 215 23 480
69 952 69 715
184 253 671 747
184 81 184
287 68 678
473 301 747
81 671 509
188 549 582 667 550
184 627 184 667
81 160 748 62 480
747 671 253 17 189
418 81 911 81
68 667 188 69
509 972
67 146 549
189 667 582
911 81 81 467
710 187
508 184 287 189
549 747 189 187
540 549 678
189 287 549 540 549
663 81
184 536 287 189
299 509 184
299 551 549
747 509 325 508
667 184 188
779 146 299 69
69 299 551
877 81 911 222 188
81 911 81 473 187
800 409 90 474
68 16 64 69
509 710
877 549 540 184
508 710 188 69
187 152 183 146
91 356 509
146 779 146 21 690
287 69 710
627 678 184 582
667 549 187
467 69 551
467 85 146
663 69 409 371 549
418 473 184
69 287 494 68 474
747 663 747
184 21 480 480
69 424 69
287 81 81 287
69 69 667 188
68 679 189
536 184 287 299
550 44 28 952 540
551 189 911 81
710 508 299
549 459 549 818
509 509 287
184 968 968 968
146 549 287 69
969 184 549
298 299 69 190
540 952 710 187
549 189 747 667
418 68 550 187
69 710 509 958
549 184 329 69
480 69 287 494 68
549 627 667
690 400 690 400 678
710 896 303 81
710 69 299
549 710 69
67 146 146
747 69 299 710 189
549 298 536 189
418 187 663 549 800
298 507 298 184
747 69 311 184
550 19 184
467 107 597 546 299
480 667 473
190 299 968 968 299
91 357 474
190 418 68
911 189 519 465 189
690 690
91 110 91
67 66 328 514 474
549 549 778
473 256 81 508
189 473 299 509
509 87 474
476 112 474
474 112 476 474
473 434 189 549
958 69 710 509 958
582 106 129 187
818 549 68
473 299 710 747
473 551 663 663 508
146 533 333 41 474
187 667 105 69
287 549 67
952 952 952 28 473
287 418 747 418
69 184 142 474
549 667 473
473 166 282 68
184 418 582 667
509 969 509 969 509
968 299 299
187 710 509 667 747
747 678 747 667
189 941 189 190 549
713 81 3 81
473 189 454 189 818
480 143 420 115 474
551 298
549 69
68 287 800
952 952 509
678 627 667
509 671 509
68 184 298
69 550 69 549
747 509
188 189 467
418 549 582
418 187 667
710 69 467
855 549 184
509 190 509
474 494 68 418 287
184 366 187
678 747 549 67 146
958 509 508
549 509 958
81 4 971 799 549
779 549 418
710 81 166 480
509 81
549 418 467
549 268 513 747
550 189 582
550 69 299 551 298
582 103 104 549
551 184 968 968 184
747 424 747
536 287
189 225 225 1 146
473 536 298
779 549 189 69
550 288 550 667
418 508 68
418 509 667 549 480
509 190 296 190
68 671 69
551 299 551
678 747 678 747
710 710 418
710 509 710 188
187 80 549
91 329 474 473
184 13 118 667
189 540 971 627
690 549 800
146 549 508 188
184 301 225 189
509 282 68
146 120 146 299
710 69 671 187
190 533 800
509 108 509 184
188 679 679 663 81
188 106 190 549 508
287 549 550
146 66 477 375 474
189 533 818
509 508 81 287
184 299 299 298
69 69 287 800
747 513 615 800
678 627 473
189 225 283 107 480
550 187 667 747
540 952 710 184
188 710 896 638 81
188 671 549
189 465 549
81 911 81
747 710 187 549
68 301 747
550 667 187
549 747 69 287
189 80 62 747
958 69 188 710
188 679 187 69
549 80 69
299 80 663 508
299 145 591 419 474
952 952 952 952
81 184 418 747
184 473 114 215 189
184 678 627 627
418 549 877
663 679 188 663 747
474 419 81
187 667 747 550
473 536 473 299
184 747 550 480
467 189 663 747
146 549 678 549
299 418 508 418
418 509 747
968 299
184 549 298
509 189 222 911 189
508 582 418 69
187 518 107 690
549 480 667
187 62 68
188 473 667
551 184 299 299 146
299 298 549
81 533 551 663
710 189 508 189
509 287 536
69 184
779 146 21 690 549
146 189 663 474
549 710 549
550 549 67
690 316 160 287
667 582 671 690
800 185 800
800 287 68 418
69 306 81
540 121 301 189
189 190 533 818 189
549 299 69 325 69
69 287 20 68 287
474 68 549
710 189 941 189
69 187 418 549
189 255 453 607 81
473 667 189 190
189 155 855
508 533 326 473
69 715 799 160 298
551 106 550
678 509 508 663
91 11 22 127 189
508 373 508
968 299 418 287
81 189 467
187 494 474
778 549 549
69 550 434 258 474
690 549 549 184
818 301 169 137 81
778 549 189
877 533 818
778 549 678
509 287 298
799 447 690 189
187 366 187
473 299 298
68 68 69 550
287 298 551
190 418 710
480 107 747 509
509 551 473
509 400 81
747 613 747 508 667
855 86 68
536 189 667 189 418
189 20 81 713 69
69 68 508 473
473 473 509 508
549 460 169 129 184
582 160 549 508 189
715 20 121 187
81 299 298 536 298
299 710 508 549
473 113 62 187 418
508 550 473
69 710 509 68
189 549 663
540 189 690
536 473 418
298 287 69 549
508 710 418
184 473 508
667 549 298
69 715 799 189
582 671 471 473
287 549 663 508 418
81 607 471 671 69
474 66 474
690 549 779 549 778
480 508 480 121 189
480 80 188
508 667 533 508
81 409 69
549 190 296 363 187
81 184 678 184
480 549 667 508 663
480 23 367 473
68 92 480
663 679 81
509 678 509 958
299 710 189
69 551 189
549 671 690
508 667 13 514 474
184 184 418
509 282 333 62 68
67 189 671 509 972
69 671 187
68 418 710 509 480
81 518 188
549 299 287 189
184 486 106 582
474 932 21 189
549 248 422 184
81 663 189
713 69 184
508 549 189 454 189
958 962 958
710 188 62 818
189 434 189
476 329 105 667 68
190 296 495 473
877 81 69 473
549 69 508
509 678 747 678
663 747 549 298
184 536 473
474 110 108 474
690 447 473
188 671 68
473 509
189 146 67 549
799 160 108 190 418
467 418 69 356 549
189 311 260 509
473 249 473
549 540 509
473 404 420 661 549
747 667 473 188
81 357 356 69
690 366 184 627
969 509 68
473 508 480
747 509 710 549
968 299 298 184 473
299 287 509
68 16 187
549 19 473
627 184 190
551 299 299 184 710
690 215 400 509
667 81 667
508 679 663
715 20 187
187 533 189
473 147 173 87 69
678 68 69
536 473 508
818 62 187
81 81 473
189 663 187
474 128 226 222 188
779 820 546 536
509 952 952 952 710
189 663 69
81 713 509 184
509 972 509 972
549 418 287 418
972 509 81
67 66 469 91
467 418 68 550
190 121 189
969 509 190
663 69 467 189
189 69 663
91 357 478 476
627 549 189 311 190
509 551 184 68
467 189 663
146 85 778
69 549 248 549
952 540 189
188 74 218 549 69
549 627 189
67 146 299 968
299 298 507 298
969 509 958 69
952 952 540 952 952
509 549 779 146 299
678 549 800 287
474 932 474
418 68 663 663 747
536 473 299 298
582 549
418 68 549
68 20 287 68
667 189 799
188 418 467 509
747 612 311 188
952 69 480
467 549 146
184 82 474
549 473 418 81 188
508 418 189
184 678 69
549 64 68 508
509 10 69 952
508 80 671 690
627 667 582 667 69
69 434 408 137 298
189 679 189
91 375 64 68
188 222 690
663 551 298
69 663 81
549 551 184
187 667 68
663 679 663
474 68
189 418 473
549 287 184
667 627 549
536 189 215 747
189 509 952
189 540 549 678
678 184 190
298 137 249 81
81 184 747 508
509 549 627
184 188 81
480 480 509
627 549 146
690 86 67
69 777 134 6 667
189 671 80 82 509
551 434 288 549
81 460 467 189
184 69 69
778 85 778
81 69 715
67 146 67
508 325 508 81
800 287 549 800
81 16 282 747 184
509 678 69
509 473 299
184 253 671 747 663
509 710 747
508 259 818
69 679 375 671 551
663 68 64 105 81
68 550 187 550
184 166 473
146 615 180 83 536
184 355 473
81 509 509
627 473 211 480
190 189 627
287 81 952
473 447 461 118 549
710 189 508
667 747 418 62 480
68 671 747
188 663 474
713 509 467 509 551
508 299 184 747
418 287 184 551
550 189 508 509
799 166 742 166 184
549 855 549
69 473 188
667 69 287
549 779 549 480
663 187 146
509 260 508
189 818
747 663 508
184 5 184
474 409 474
81 161 661 141 81
715 799 549 480
467 418 188
549 690 671 68 287
299 418 508 418 190
190 459 519 189
184 509 287
189 459 498 710
509 259 536 287
877 184 549 467
818 533 40 39 480
473 189 549
81 184 540 86 855
189 537 189 69 467
509 747 710 299
299 549 667
678 747 80 480 550
189 453 189
509 958 69 287
81 300 68
540 952 28 301 747
298 287 299 298
549 356 69
418 299 551
190 509 969 184
690 316 160 287 184
69 187 663 663
287 509 713
509 671 551
81 509 710
549 508 747 69
184 551
509 747 418 549
187 671 68 550
188 80 747 710
287 184 253 607 81
509 473
480 184 540 189
627 473 190
188 80 549
473 419 91
473 474
299 551 299 509
550 107 418
473 29 361 62 188
480 143 91
747 424 434 63 81
190 418 467
187 549 678
551 160 454 107 690
952 540 952
508 679 679 68 509
747 508 679 189
667 187 710
188 189 287
188 420 184
551 663 69
474 333 627
549 68 474 91
747 418 187 667
467 62 81
298 299 184
595 52 314 106 473
509 87 509 81
550 44 28 952
551 189 818 549 540
189 67
800 287 418 710 509
473 184 747
190 509 958
509 509 958
184 299 710 189 188
467 418 287 184
184 188
550 549
418 480 549 747
467 106 249 187
509 253 189
187 679 508 184
473 340 282 69 710
473 187 418 299
473 642 473
474 112 112 91
747 142 184
187 549 710 418 299
627 333 473
69 190 549 467
540 184 187
69 189
509 958 69 287 189
551 69 777 69
418 409 418
69 160 480
508 667 189
800 549
146 189 508
969 509 434 190 184
69 551 299 81
715 69 713
184 115 184
184 418 480 549 747
536 287 299 80 663
187 69 550
190 494 287 549
958 69
549 299 81
298 287 418 190
81 400 306 550 189
582 473
551 299 855 473
549 550 508 549
480 107 747
549 189 312 189 799
467 20 68
298 287 184 582
690 106 494 287
550 187
508 81 424 509
549 162 81
298 536 473 184
184 68 678
968 299 509 418
509 62 820 143 480
509 667 549 667
690 86 818
68 301 473
690 160 690
188 189
189 966 189 799 715
627 678 509 952
189 799 166 536 473
678 68
663 679 69
189 911 189 551 663
474 469 66 478 81
549 690 189
187 679 69
549 162 15 216 509
509 69
474 932 21 189 81
540 509 299 508
188 69 710
184 536 473 508 710
189 667 508
969 509 710 747
189 454 189 941 189
473 545 37 39 480
287 92 160 778
81 911 189
188 971 799
582 549 627
190 86 480
779 146 779 549 540
68 549 540 184
509 508 81
690 189 551 299
187 663 508
184 678 69 160 67
690 20 462 106 187
189 184 81
551 723 173 69
715 20 189 473
189 540 971 627 189
540 509 299
480 66 329 476
549 74 480
189 222 420 69 189
549 218 166 184
678 68 508 710
299 287 92 818 189
508 582 189
508 710 710 747
550 508 667
474 84 474
747 508 550 81
508 480 184 480 678
188 679 69 282 509
68 21 188
188 679 187 69 473
287 896 710 69 473
68 21 189
968 968 299 508
68 106 480
480 671 480 509 299
800 287 418
69 325 509
663 474 422 533 818
747 69 715
508 86 189
549 480 550 667
467 549 67
549 184 969 509
480 549 663
418 549 67
187 549 189 549 68
187 459 549 778
473 473 550
188 549 690
549 582
298 549 67
188 170 81
190 311 69
81 679 663 747
188 508 550
81 184 582 189
188 473 551
81 911 189 467
627 189 189 911 189
474 256 30 473
480 23 31 142 187
184 311 69 952 710
663 81 509
551 184 68
818 259 536
799 549 268 549
549 799 971 710
189 69 287
710 952 81 549 187
146 549 81
187 667 747 549
184 509 747 678 549
473 17 146
188 82 747 667 509
81 114 129 418
473 190
69 679 81 896 710
549 19 549 710
189 184 536
473 627 667
549 299 287 418 187
189 508 663 189
184 747 418
536 287 418 187
551 679 549
68 509 190 296 190
184 667
473 747
550 249 550
69 671 690
667 480
968 299 418 287 184
968 968 968 968 299
536 298 287 189 582
480 671 68 508
747 184 287
690 107 68 550
549 747 710 188
536 20 188
189 911 81 62 747
551 299 508 69
91 375 480 549
551 434 288 549 582
999 145 283 373 508
189 799 447 799
188 184 190
189 418 480
69 10 971 778
473 460 189
550 189 454 189
184 508 550 667
549 550 106 467
184 173 260 508 69
68 68 80 357 480
473 549 299 509 969
473 489 473
146 66 480
627 184 115 184
549 627 473
747 282 690
508 679 679 508 582
474 514 474
418 129 81
778 85 85 467
855 299 508
188 710 69
667 508 480 480
299 298 473 299 968
146 316 187 550
418 62 467
467 549 188 473
418 287
69 105 159 434 467
68 549 184
467 189 710
480 418 160 877 81
190 459 222 222 81
418 480 357 91
81 663 549 465 667
473 549 800
81 713 69 187
81 952 509
508 550 81
189 184 189
667 533 616 533 473
473 42 187
184 969 509 513 474
190 366 747
667 184 419 434 81
418 473 301 747
536 287 92 80 68
189 941 189 184 747
189 667 68
550 187 667
667 187 146
549 460 189 818
877 81 69 473 508
69 952
184 299 184
480 638 480
713 69 551 299 81
627 189 582
747 249 187
549 663 508 184
68 418 710 509
509 68 420 474
952 710 952
69 550 69
508 549 549
68 671 509
188 671 551
480 107 747 509 551
81 287 69
146 549 800 549
549 287 800
778 549 799 549
189 467 222 311 184
68 508 710 549
509 253 184 969 184
81 713 81
952 69 715
690 549 667
67 533 679 551 549
69 424 17 189
190 105 550
81 375 91
509 710 508
184 81
91 108 509 69
67 108 67
81 287 536 287
540 549
550 667 68
710 509 287 509
968 968 299 418
627 189 189 911
81 478 477 91
298 299 80 187
549 173 154 86 68
146 166 480
298 299 184 627
509 518 405 42 81
747 663 747 189
667 189 253 189
184 107 690 189
299 549 146 187
480 184 536 184
710 509 189 710
536 298 507 507 298
549 800 287
550 69
480 480 667 747 418
911 222 189 551
189 549 508 480
298 549 299 299
855 473 184 877
550 549 855 473
184 419 434 81
81 81 663
550 160 778
184 710 747 424 747
299 298 551
69 259 508 68 509
474 38 170 160 877
473 141 213 155 81
667 509 958
710 187 222 188
467 189 549
184 536 298 536 298
287 298 287 299 190
146 146 779
69 108 67
81 713 69
678 747 80 480
467 20 22 21 188
710 509 69 952 81
187 459 42 667
969 184 480
690 106 582 189
551 671 329 187
189 941 189
551 303 81
81 108 91
550 288 550
188 184 627
550 68 184
710 509 473
418 710 508 81
184 142 187
467 189 941 189
187 80 287 298
81 184 190
299 508 299 146
91 108 477 474
582 667 473
549 188 508 550
473 80 287
474 615 253 106 81
189 537 20 480
509 184 877 81
69 958 509
69 287 298
582 971 63 184 678
69 473 299
473 418 81 188 710
418 69 747
509 473 299 549
189 671 582 184 418
187 20 259 818
509 747 678 69 68
667 549 298 473
710 81 28 952 81
710 189 941 189 184
184 173 651 420 190
509 549 299 190 69
473 508 188 418
67 549 68
91 110 110 474
710 189 184
146 549 306 69 287
299 184
68 508 69
508 663 187
663 80 473
298 299 69 952
69 299 81
187 21 467
663 551 679 663
690 400 509 678
818 549 190
509 190
299 968 299 418
818 86 184
549 710 952 69
551 69 107 518 81
287 69 663 679 188
508 679 971 582
467 21 615 747
187 710 896 287
467 21 83 81 188
68 549 81
667 118 409 184 184
540 549 800
958 509 69
667 509 509
877 549 779
799 189 459 498 710
678 480 69
549 550 549 69
969 184 536 189
473 549 287
299 299 146
190 418 188 184 747
551 106 46 81
474 357 112 896 81
187 146 187 69 467
69 710 747 418 710
69 550
663 549 81 952
418 190 509 81
189 533 818 549
663 137 298
747 663 549 418 549
418 287 549 550
480 106 189
550 480 418
551 679 549 550
188 971 184 69 713
508 69 480
474 84 62 190
299 549 800 409 69
508 679 508 188 667
67 108 91
508 69 299
474 212 518 187
190 69 480 418 190
799 447 799
968 968 299 146
299 287 509 958 69
474 23 474 473
508 747 105 69 473
509 189 190
473 28 39 480
800 287 509 667 81
146 18 177 601 480
146 67 146
69 551 106 298
189 80 68
187 710 952 540 184
69 549 818
549 671 189
287 536 184 536
549 855 299 146
81 952 710
549 69 424 17 189
877 549 418
663 679 188 533 188
540 509 418
747 494 448 409 184
540 952 509 710
474 41 85 467
67 189 287
287 68 508
190 509 713 69 81
184 540 549
690 106 519 189
952 69 299 968 299
747 667 68 508
68 549 540
418 183 480
187 473 419 91
473 189 911 81
747 663 68
713 509 473
549 81 375 663 747
69 64 376 283 81
69 81 544 81
69 710 299
81 188 710
418 480 418 299 418
287 20 137 81
189 508 549 190
184 551 298
474 80 473
418 160 877
549 189 81 287 536
299 184 710 549
877 549 299 190
713 509 467
958 962 958 69
189 187 316 187
188 667 188
747 162 287
550 508 184 190
972 509 952 952
69 184 419 91
690 549 509 418 184
540 549 44 549
690 160 168 82 184
287 81
551 473 549 690
715 69 549
188 710 299
187 549 550 68
184 19 473
549 299 299
69 958 962 958 509
184 971 778
549 299 190 549 540
480 160 146
582 106 188 81
549 173 68
298 507 298 551
779 146 549 184
480 223 74 188 418
91 183 13 509 299
968 299 549 287 800
968 968 968 184
508 710 896 287
188 663 551
189 710 81
184 582 106 184
81 356 434 69
952 81 357 107 480
818 189 627
81 162 747
81 108 509 710 189
146 160 418 68
184 549 187 189
747 189 551 679 549
81 607 589 671 549
298 299 549 508
474 514 13 474
747 142 424 474
467 971 188 679 68
509 958 69 480
190 299 184 627
509 969 509 969
69 306 86 601 146
663 69
678 69 188
536 184 184
467 69 173 69
509 710 81 184
549 325 400 690
418 710 299
474 340 10 564 480
473 187 418 473
509 713 509 969 184
189 966 189 582
550 160 467
778 549 188
480 671 69 184
799 189 941 189
189 86 747
184 287 536
81 21 966 189 81
81 549 187
551 298 184 968 968
800 549 287 184 667
549 799
190 564 10 508
690 549 690
69 952 710
146 189 663
473 459 74 187
473 189 549 189
952 540 549 855
678 678
474 328 375 81
184 184 69 710
287 81 81 287 184
540 184 298 184
189 508 81 141 473
747 550 81
508 80 189
189 799 715 799
549 690 549
184 162 107 418
299 184 536 298
298 184 473
747 418 299
627 184 68
184 678 678 184
509 710 187
184 6 211 473
69 188 518 81
627 678 184 582 549
800 287 536 184
81 420 509
627 627 549 184
188 549 818
69 329 81
187 316 253 189
190 184 188
972 509 972
190 311 69 467
299 298 536 184 299
549 173 184 877 81
91 357 671 690
690 400 509 678 549
536 287 184 549
508 679 508
81 146 81 69
189 966 189 582 189
536 298 184
551 679 189
549 189 81 509 710
189 69 299
184 299 508 299 287
189 17 87 509
747 121 316 690
146 299 968
747 550 473
91 375 340 106 582
550 189 287
474 663 81 299 509
509 184 127 189
473 418 549
747 678 69 311 678
184 627 86 855 473
189 69 679 549
69 69 187 663
550 667 550 667 747
69 418 473 299 509
189 671 551
508 69 551
549 69 418 189
968 968 299 298
287 184 549
747 249 162 184
969 509 549
710 69 287 68 287
68 550 508
877 549 779 146
473 412 971 20 81
91 143 474
299 546 155 188
549 747 667
146 160 582
549 81 952 81
968 299 146
184 418 190
68 509 549 299
508 549 162 190 299
188 215 81 877
189 671 68
188 21 325 260 508
952 540 952 81 710
509 549 855
508 480 121 189 911
779 146 187 365 187
298 299 69 952 952
877 549 540 952 81
189 799 549
187 256 546 299
187 121 792 121 190
187 1 549
69 299 710 189
189 663 68
299 710 509
190 108 81 911 189
91 64 105 509
187 121 189
187 80 671 80 473
480 69 509 713 81
480 405 183 146
480 550 107 418
474 249 184
184 80 68 667
190 69 299
549 509 713
551 69
81 188 418 69
299 190 549
474 356 480
690 222 81 467
187 671 690 189
747 418 710 710
508 582 184 667 69
540 952 69 550 508
952 69 418 187 663
190 418 188 184
189 287 418 549 779
287 80 508
476 112 80 20 287
187 183 81
190 509 678
747 418 710 952
690 106 582 189 467
418 582 189
690 301 189 671 509
509 480 69
799 549 299
627 678
678 509 952
582 473 465 667 68
690 549 627
690 107 671 357 68
474 91 356 564 190
911 189 966 189
69 311 678 69 667
298 299 968 968 184
550 21 581 473
68 69 550
474 68 306 69
549 190 184
667 105 280 81
549 550
188 69 550
713 69 551
663 508
508 710 747
418 473 299 509 508
189 747 678
551 189 188 189
81 418 582 473
549 934 549 778
299 549 187
67 549 747 418 480
81 638 81 710 710
81 80 188
540 971 540 189 663
474 233 107 68
184 62 62 509 184
747 215 189
81 509 713
690 160 298 287
550 747 549
582 418 69 747
473 69 952 710
551 160 818
188 42 188
550 189 508
678 678 627 678 747
582 184 287
190 549 508
189 508 667
184 582
551 298 184 480 678
480 21 72 259 508
298 536 184
678 480
299 508 509
911 189 549
972 509 259 536 287
509 509 958 509 418
189 726 121 474
509 969 509 549 877
81 188 81
473 533 800 549
184 69 190
81 663 187 663 551
710 299 508 299
287 189 582
299 80 663 551
818 549 473
549 418 142 467
68 679 188
540 82 190 473
188 189 818
911 189 540
536 184 513 269 473
299 710 189 667
189 941 189 536
690 222 467 549 747
190 108 66 329 476
747 509 713 69
480 550 69 418
549 465 473
540 952 69
184 127 107 467
68 508 747 550
582 184 480 418
710 188 69
69 187 418
551 509 952
713 81 671 509
715 20 189
298 299 299 146
509 87 190
69 550 549 184
189 188 311 189 799
678 69 160 67 146
480 550 667
663 69 259 508 68
551 184 968 299
667 69 69 663
667 69 184
799 189 17 282 190
480 549 550 549 189
778 971 799 715
81 299 190
69 189 189
81 679 482 160 690
509 69 80 480
184 184 69
187 418 509
474 357 108 509
189 418 62 467
663 747 189
958 509 713
508 69 166 184 299
69 747 550
184 69 69 187 663
540 121 222 911 81
551 299 299 184
189 911 189 671 582
549 663 663 81
190 549 550
188 74 107 303 551
298 287 418
299 298 287
418 549 480
298 184 509
69 260 509 69
678 678 69
663 69 418
480 107 187
189 710 299
747 678 68
747 473 166 474
189 911 81 189
710 896 303 81 550
298 551 299 551
551 21 966 21 551
549 779 146 779 549
146 67 189 799 549
473 249 283 758 91
467 189 550
549 298 299
509 969 509 81
68 494 480
189 551 663 189
551 509 473
582 582 418
81 300 329 473
627 189 222 81
747 473 333 932 187
81 508 418
81 418 473 667
473 471 671 188 184
287 184 551
710 747 418
188 189 551 434 189
189 82 509
189 663 69 473
473 189 911
549 779 146 779
473 80 663 460 473
536 189
190 69 287
747 671 189
473 747 710 184
184 366 188 184
474 68 301 747
747 418 549 667
549 818 189
299 968 968 299 549
81 108 90 91
81 508 184
509 418 287 418
69 550 667
473 299 509
549 818 549 184 747
189 536 184
778 549 710 189 69
663 460 81
473 298 299 287
667 189 418
69 189 473 299 509
551 723 92 68 69
188 671 17 474
952 540 549 855 299
747 106 473
287 549 667
69 509 551
663 551 434 190
184 969 184 549 508
81 184 540
299 171 299 184
536 86 551 189 911
550 81
418 68 287 800
68 424 747
418 69 356 549
747 549 627 549
473 106 46 155 188
509 190 366 188 81
877 549 69 473
509 958 509 299
188 671 582
678 92 480
418 508 189 188
549 460 189
68 300 118 549 189
184 184 418 189
184 486 106 582 473
81 189 473
68 287 536 298
187 189 81
467 549 67 146
972 509 969 184
480 80 287 69
299 509 420 69
667 184 81
418 81 685 81
509 184
667 187 550
678 400 259 260 508
473 28 419 473
509 62 189
715 799
710 509 958
474 434 106 190
81 474 474 375 663
81 329 91
473 549 779 549 189
467 17 173 723 551
81 107 400 92 68
189 663 188
418 142 418 68
418 480 549
184 549 298 473
188 418 190 418 187
298 42 42 333 474
551 69 418
68 184 69
184 551 671 69 952
551 663 189
799 160 467
663 508 509
418 253 80 68
663 69 747
473 19 184 184 418
710 184 189
474 143 480
188 418 187
69 306 400 690
508 710 747 69 184
747 508 480 508
799 715 20 690
184 418 549
467 81 663
747 613 747 69
549 818 549 509
91 108 91
715 69 508 663
146 549 800
69 10 20 306 69
146 779 549 540 952
287 299 69
81 212 550
187 418 582
667 161 667
550 81 460 663
549 747 671 480 678
549 189 710
418 549 779 146
188 508 418
710 509 189
480 678 549
473 28 21 467
710 184 678 69
189 667 627
549 663 747 508
189 667
550 508 549
299 968 184 969
69 105 166 81 418
663 189 508
480 21 480
69 418 473 299
473 509 473
473 189 549 189 69
473 184 509 678
298 184 540
190 366 68 184
710 184 968
188 81 509
184 536 287
68 184 298 536
551 298 551
474 282 31 96 474
81 509 713 509
418 68 306 550 473
549 627 184 536
146 166 187
68 282 509
958 509 509 969 509
549 509 418 184 509
474 469 89 91
69 189 582 189
184 311 678 69 958
549 473 509
287 189 536 184
551 663 375 476 474
184 189 818
474 356 356 549 187
549 550 121 473
663 69 551 299 190
68 667 465 465 667
667 81
467 549 81
287 896 107 81
473 189 941 189
69 299 298 473
551 299 184
69 418 549 582
968 299 287 299
508 184 509
968 299 298
91 514 971 188
187 42 41 85 778
667 42 226 42 184
663 187 434 81
69 259 818
678 400 400 81
663 474 186 533 667
81 375 663
582 106 747
710 81 146
184 287 68
480 667 187
663 747
187 146 549 678
299 508 69 551
667 627 667 509 713
549 747 418 480
663 187 69 190
473 767 13 483 473
69 188 81
473 299 287
508 710 549
474 357 184
184 69 190 473
68 21 68
299 418 68 508
690 671 68 287
540 509 480 184
68 106 828 87 187
81 188 473
287 106 494 480
667 480 480
663 551 184 536
972 509 952
474 663 188
81 69 190
551 509 160 68
550 667 189 253 189
473 536 473 299 298
667 582 549 508
550 549 189 67
540 121 222 911
189 747 549 299
855 86 67 189 710
877 155 877
582 184 582
710 409 409 667 69
747 509 747
81 108 409 81
550 106 184
480 509 69
549 671 357 184
418 189 189
184 627 473
667 473 549 550
536 189 667
299 710 509 184 81
69 551 663 508
473 537 189
480 184 536
480 69 509 713
509 518 188
184 508 679 679 68
480 549 550
551 533 818
81 222 459 86 69
480 678
551 184 299 299
299 146 147 189 551
480 508 663
473 627 189
146 189 550 69
952 952 540
184 42 474
582 508 663 187
69 166 184
582 473 68
418 6 191 494 287
189 81 518 187
710 509 549 778
299 81 549
474 90 494 509
710 188 42 188
473 326 326 143 480
184 69 747
877 533 508
69 141 81
551 184 160 454 189
146 81 69
69 551
855 549 480
188 473 190
474 513 121 474
189 190 160 480
69 356 480
467 460 467 189
146 299 81 81
551 671 549 551
551 106 550 480
480 671 690
190 418 508 189
81 129 105 509
778 971 188
480 549 299
68 287 896 107 81
299 509 81
778 569 81
508 667 68 357 474
69 260 508
69 952 509 184
81 287 298 473
81 184 747
473 340 531 473
549 690 301 189
690 106 188 311 184
418 81 188 710
418 549 80 187
952 952 28 952 509
418 747 509 747
287 509 508 473
549 212 508
550 68 671 582
187 42 474
188 971 184
678 627 184
299 418 287 800
627 189 818
667 118 420 509
779 549 480
549 667 189
69 473 509
480 508 188
690 549 779 549
582 582
189 453 62 467 81
188 710 184 287
508 188 189
509 678 747 678 549
68 68
91 329 69
549 298 536 298
69 10 409 447 473
474 859 105 550
509 81 300 329 473
69 747 282 690
81 81 287 184
549 248 260 69 715
69 287 536
710 509 667 747
69 777 259 818
958 509 81
747 710 299 508
69 671 509
418 68 663 663
81 62 812 298
188 486 21 550
190 296 363 187
188 160 298
187 667 582 549 508
473 141 69
509 958 509
779 549 189 473
713 69 473
582 508 259 536 287
473 963 473 551
190 282 121 184
184 184 710 747
549 800
549 299 855 549
68 20 467
799 189 911
146 66 67 189
184 187 146
473 498 405 173 184
184 160 454 189
69 418 183 20 188
189 187 146 533 473
81 467 418 508
190 105 199 301 818
663 68 663 81
509 958 509 551 298
473 105 69
877 81 62 812 298
69 549 818 549 184
508 550 549 287
747 69 190 459 549
187 418 549 778
551 189 540 952
473 189 667
473 280 206 62 818
667 188 508
81 299 298 536
536 298 549
298 137 81 81
509 747 663
473 509 713
710 187 679 663
476 329 69 141 69
549 747 663 189
287 299 418 299
480 69 418
473 747 710
480 184 69 678
549 679 508
690 282 375 476
69 952 540
68 142 467
184 551 299 299
667 160 20 536
508 509 958
68 671 589 142 480
747 613 747 508
549 68 212 550
480 20 536
69 287 549 855
536 20 301 818
480 509 69 952 69
799 447 690 316 549
877 549 299
911 222 467
184 187 107 69 549
68 549 418
473 35 129 28 81
91 96 259 509
480 667 549 187
187 418 69 551 189
69 480 184
68 287 509
190 564 876 564 480
189 80 287
549 779 549 190
187 249 661 549 778
184 68 418
778 549 146
508 184 190
480 356 638 495 473
69 952 952 28 952
509 299 418
184 287 509 678
190 299 299
299 184 298 299
189 189 184 184
184 508 710
189 467 81 146 299
968 184 69
855 473
480 971 582 160 480
474 62 818
184 549 671 690
81 162 287 184
69 509 713 81
184 549 467
480 66 474 81
473 188 81 710
81 160 690
189 695 222 911
549 779 549
189 747 184
550 667 550
81 81 356 107 187
81 105 69 549
81 299 298
678 549 551 299 710
299 968 299 473 509
690 106 518 81
188 189 188
818 189 818
509 509 540
780 84 474 663
473 545 255 222 188
190 105 190
509 508 550 549 287
418 509 551
540 952 69 550
184 21 68
81 189 551 69
188 311 17 474
299 80 184
549 287 299 184
747 80 747 663
81 69 287
298 507 507 298 299
536 184 551 298
678 747 189 508
473 582 160 81 467
184 667 473
418 508 582 582
67 549 779 549
473 747 69
67 74 480 509
187 667
582 103 104 549 509
549 778 549
582 189 508
710 418 184
710 710 509 473
480 667 189 146 189
68 68 21 187
473 28 81
189 184 184
480 671 582 418
969 509 667 550 480
476 375 663 68
480 69 187
473 549 508
713 81 467 69
473 418 187 418 549
189 786 519 160 747
509 189 710 418
418 189 188
473 549 779 549
509 969 509 747 663
582 418 184
190 121 187 418 747
480 667 160 474 474
474 13 184
187 363 81 911
418 467 509
189 509 958
188 679 189 540
667 69 160 106 467
550 667 747
536 287 298
778 549 877
418 69 473
187 363 508
68 287 68 678
779 549 540
68 68 287 536
299 69 952 952 952
509 467 509 551 549
187 663 187
549 465 473 667 69
582 508 710
68 418 508 582
582 667 188
549 465 549 298 551
582 473 418 287
509 87 509 952 81
190 189 667
189 312 189 799
189 81 287
473 549 667
536 20 187
188 81 509 747
81 564 480
747 509 473
189 467 971 627
189 537 21 480
287 536 189 215 747
189 540 509 480 184
299 710 189 188
952 69 69
690 366 190
480 678 747
189 20 536 298
188 215 747
508 533 551
509 549 467
187 932 474
663 747 69 551
68 494 287
187 679 375 679 188
299 298 536
189 473 189
667 509
184 420 186 474
81 189 582
536 184 422 269 474
188 222 16 68
508 299 298
184 253 607 81 710
189 551 434 189
81 189 467 549 298
184 19 268 106 287
418 710 299 81
779 549 877
91 477 69 81
287 299 80 663
184 80 287
187 679 69 710
747 189 187
972 509 972 509
877 184 549
189 465 549 710
187 316 187 710 747
473 106 549
551 86 690
146 146
663 69 473 68
474 108 476
508 549 877
747 971 480
189 215 747
747 549 67 146
188 710 710
146 368 146 187 667
69 663 160 143 480
474 91 357 671 690
69 418 747
287 418 189 911
551 299 968 184 667
188 20 87 249 474
549 299 508
582 582 184
418 299 710
549 298 473
549 627 627
