662 404 768 98 100
662 84 662 185 98
935 353 100
125 708 404
618 100 98 185 323
100 662 97
100 97 354 404
404 124 353
371 323 618 662
124 97 124
640 185 354 185
354 354 101 185 662
354 404
618 353 99
99 434 99
124 101 353 662
97 404 768 125
768 353 937 937
98 708
97 5 100
100 640 371 768
404 640 371
353 770 353 709 185
98 185 99
101 83 101 100
97 640 353 98
687 107 162 323 98
618 185 125 640
185 97 768 125 354
708 99 353 937 353
708 100 101 98 353
101 100 353 354 125
687 185 323
708 124 100
354 100 92 100
100 371 98 100
662 353 937 640
687 100 687 185
404 371 371
937 937 100 618
99 124 185 100 185
97 768 404
640 99 768
371 708 323
125 768 371
100 98 97 97 618
768 708 708
354 125 354 323
185 97
768 185 100 640
404 125 937 99 101
768 708 768 353 937
662 323 662 97 662
125 124 185 354 323
97 353 99 97
618 100 124
768 323 371 125 124
125 99 353 640 125
185 618 125
99 185 687 185
662 662 371
125 125 708 125 935
935 768 323
687 404 125
125 935 353
618 185 404
185 101 768 935 353
353 100 323 98
768 404 353
708 768 125 97
937 125 124 99
124 662 371
687 107 356 282 124
937 100 99 101 101
323 353 98 768
100 592 429 124
100 185
99 97 353 709
185 98 97
354 97 185 687 100
640 185 709
371 353
124 618 97 97
125 98 97
98 97 101 768
662 662 97 125
618 618 98 185 662
323 99
98 185 371
371 353 98 404
618 618 98 640 124
323 160 353
97 768 353 935
404 353 185 353 709
100 768 124 185
353 100 98
662 323 662 97
768 100 185
185 640 99
100 98 98 618 185
935 125 125 98
640 353 185
98 101
97 125 708
353 185 640
185 768 99 185 687
98 99 708
185 709 353 353 935
124 640 185
101 353 937 404
185 708 99
354 323 98
100 125 640 97 323
97 353 100 662
185 353 768
404 618 353 434 768
662 185 124
708 98 323 654 323
640 353 770 353
100 640 185
97 101 354 124
124 100 618 185
101 353 935 100
709 185 687 353
323 353 124
353 371 99
404 353 662
124 139 99 323 124
640 937 100 354 354
97 768 404 353
323 124 768
98 125 371
404 640 98 323 100
125 354 101 185
354 100
354 100 662 404
768 708 99 768
640 937 125 99 708
708 100 354
353 709 353 98
768 101 125
99 97 768 708 768
99 185 640 124 97
124 640 353
404 354 125
124 323 100
185 662 404
100 100 97 640 371
101 354 185 618 323
404 185 323 353
640 404 371
97 124 185
101 97 662 97 98
124 618 125 124
935 353 323 323 768
100 117 100 185 125
404 354 185 353
100 354 101
323 98 768 404 709
99 708 708 371 97
618 125 354
354 354 185 618
100 354 185 768
640 371 98 101
404 709 404 100
124 101 97
97 100 99 404
100 142 100 300 101
404 640 640 937 125
99 185 708 97
101 120 101 98
354 97 124 166 404
100 768 323 185
185 125 124
687 353 662
124 353 937
640 97 662
404 353 101 353 97
371 98 708 97
97 99 937 353
185 125 354 125 354
768 185 404
100 99 121 15 353
125 404 185 709 404
768 935 353 354 353
185 709 185 662 662
97 100 618
185 768
618 100 97 124
371 121 278 908 124
100 323 98
353 662 323 185 687
99 124 354
580 580 580
125 937 99 101 125
640 97 99
124 125 101
97 98 404
709 353 662
124 405 124
371 97 125 354 125
371 353 640
371 323 98
354 185 353 185
125 354 124
185 768 371
185 323
124 185 125 185 125
98 404 709
708 100 687
97 125 640
185 98
353 770 353 640
662 100 687 100
98 353 100 97
353 434 190 494 404
618 97 185
354 354 100
662 353 618
404 709 353 124
708 768 124 768
353 99 371
98 97 768 404
99 708 768 708 98
185 708 768
768 125 124
371 28 254 371 98
97 640 404
124 300 100
124 100 371
404 16 404
185 354 101
125 100 97 640 404
124 185 354 323
709 353 166 404
371 662 662
404 99
97 354 185 662
125 101 98 98
100 353 99 937 353
404 709 185 354 353
353 125 708
662 618 353
353 768 185 97 185
354 354 353 662
99 371 97
185 353 768 935
99 708 353 101
99 404 494 100 937
125 640 353 99
935 125 185
185 708 768 708 124
185 125 98
101 323 323 323
97 97 618 662
353 15 125
687 353 640
404 662 353
662 97 125
101 125 98 100
640 64 98 124
125 353 662 124 371
371 46 434 269 404
708 353 124
98 99 124 404 708
124 404 125 99
124 101 353
354 323 618 185
323 323 768 371
708 98 97 768 404
98 97 101 768 99
354 124 323
124 354 125 937
709 185 124 97
371 100 124 405 124
100 354 323 185 100
98 101 100
124 185 353
99 99 708 404
640 323 125 640
101 768 353
185 97 768 125
99 708 371 640 100
100 354 97
708 768 100 125
770 353 101 768
708 353 935
124 97 618 98
618 404 100 100 768
185 687 185 404 97
98 98 99
185 353 708
101 125 100 662 97
404 640 64 98
100 98 768
185 371 662
124 404 612 404
404 185 687
768 101 353 185 768
97 102 4 183 371
709 185 687 353 99
353 687 353 768 935
101 371 640
353 618 185 640
662 185 709
404 768 125 100
323 353 662 353
100 371 100 354 185
97 768 97 125 124
708 100 768
640 185 662
185 98 124 101 99
125 937 353 768 404
97 101 102 97 101
124 618 97 97 768
99 100 618 353
708 185 708 323
640 97 768 99
662 185 709 404
708 185 662
618 97 97 768 371
98 640 125
709 185 768 100 353
354 64 937 353 709
125 98 97 353
371 100 354 125
371 323 708
768 125 353
124 353 770 353
353 354 354 353 687
100 937 937 99 124
768 97 662
404 963 643 404
125 125 937 125 100
708 768 708 124
618 353 404
618 323 662 662 618
101 353 640
371 97 125
125 708 99 97
100 86 531 173 124
125 935
937 640 937 125 185
323 447 334 15 404
101 353 709 185
125 185 404 98
709 353 365 371
124 97 98 62 125
618 618 124 404 354
101 125 98 618 662
101 125 125 768 708
371 662 353 770 353
97 124 353 101 404
101 353 125
353 937 100 768
404 708 98 101
185 101 404
100 125 323 662 618
97 662 124 404
371 125 185 99 768
99 101 185 640
371 98 708
97 662 97 98
185 353 687
100 97 354
100 768 935 936 935
354 323 102 101
323 662 618 662
97 99 937 100
99 937 99
100 640 125 100 687
125 98 640 125
99 101 97 640 100
354 185 125 124
101 323 354
97 185 768 101
99 768 323 353
99 353 185 97 768
124 98 100
353 353 98 323 404
640 937 640 97 768
404 160 353 353
640 353 97
99 185 371 99 98
354 185 101
124 706 124
124 353 101 102 101
618 185 640 98
125 640 640
99 98 124
371 185 98 371
371 98 404
185 124 100 371 768
662 97 404 768
125 708 125 323
125 185 404
353 124 98
98 102 323 618 97
404 640 404
99 937 100
353 98 100 768 97
99 640 125 125 640
404 98 618 353
98 98 404
404 98 404
708 353 796 353 768
97 768 100
124 98 708 98
662 97 124 708
618 185 124
125 937 99 185
640 125 371
937 404 640 937 100
662 618 98 618
124 97 768 98 124
185 98 353 709
125 125 768 708 98
97 323 185
98 125 935 100
640 353 98
125 99 768 185
353 708 97
97 102 101
124 838 124
97 323 404
97 101 100 354 97
97 300 100
323 99 97
371 353 618 185
99 100 937 404
687 185 709 185
404 353 101
101 124 125
98 101 99 353 97
708 98
687 353 768
404 654 323
354 354 323 353
618 353 101 404
640 323 768
100 97 640 404 371
404 662 662 618 97
185 125 354 125 768
97 100 687 404
97 125 618 618 125
371 708 97 708 125
937 937 640
101 323
101 354 353
640 937 99 937
353 618 618 124
323 97 323
99 708 371 640
404 99 100 935 125
323 101 354 185 618
125 125 935 125
100 354 354 125
97 97 323 185
770 353 101 768 124
768 935 125 323
99 125 124
640 125 125 125
185 768 185
353 618 97
768 100 768
353 937 640 937
768 323 371 97
124 97 618 124 371
100 323 662 97 768
708 371 640
323 618 323 84 404
353 937 937 100 100
185 533 249 404
618 125 404
101 323 125
100 937 937 125
98 768 935 100 100
371 97 185 618
708 98 640 125 100
185 687 353 768
97 101 768 99
185 125 618 124
97 99 101 185
185 323 662
323 125 640
404 640 99 185 125
640 640 100 98
709 353 371
354 125 937 99
98 353 404 323
708 98 100
100 662 323
124 323 160 353 687
99 371
125 353 709
353 185 618 124
768 185 618 618 98
371 125 100 768
371 211 21 371
935 125 935 768 185
708 97 404
323 124 101
98 125 125
99 768 125 125
935 100
97 99 185
100 353 97 708
125 124 100
371 97 618 125
662 618 100 371
937 937 640 371
708 62 371
404 100
662 662 353
353 101 353 97
768 101 353
354 124 323 99 371
371 100
354 185 768 323
371 185 98 97 185
404 708 125 98
708 185 323 102 98
97 124 185 640 353
687 185 618
98 124 768
98 404 662 353
618 662 618 353
99 768 708 185
101 97 98
125 354 125
353 97 354
935 100 768 99
353 97 124
935 936 965 936 935
371 185 708
371 768 404
97 185 708
404 282 124
687 353 935
185 353 124
323 708 404
124 97 708 708 97
100 937 640
185 662 97 100
97 662 323 404
124 125 100
770 353 99 323 97
323 125 640 353
371 185 640
768 124 185
640 640 98
662 300 371
97 185 768
618 124 101
640 124 97 708 98
97 97 97
99 937 99 98
125 100 97
98 101 353
323 640 125
354 124 98
98 768 935
353 97 768 97 99
404 709 185 124 97
101 125 935 125
662 97 323 708
353 618 404
100 185 125 100
323 354 125 404
124 354 185 709 404
404 708
935 768 100 124
101 98 124 404
404 124 353 354
640 97 662 97
124 97 97 98
937 353 125 618 323
937 99 101
323 708 708
323 640 100 97
124 101 353 662 100
100 640 124 354 353
404 768 371 99 185
98 86 98 101 97
770 353 662
404 896 124 97
371 708 185 125
640 937 100 353
662 662 618 97
185 709 353
99 323 97 371
404 353 101 353
100 97 640
323 125 640 353 99
125 618 618 98
640 45 335 97
124 124 353 770 353
97 97 768 371
371 212 490 371
100 98 768 97 354
404 687 100 768
640 100 354 124
640 125 618 618
618 97 353 404
124 99 97 640 323
98 101 323
185 99 97 353 99
97 125 768
618 404 353
99 97 708 185
97 300 100 708
353 687 185 125
97 768 98
937 99 640 125 125
371 125 937 125 99
618 97 662 662 124
371 125 185 99
124 125 935 768 185
353 99 937 640 124
101 371 323
770 353 100 371
640 185 124 97
185 708 323 100
662 185 98 353
354 125 937 100 124
100 687 404
101 124 100
709 185 708 97
354 97 371
404 124 838 124
323 662 124
98 100 323
937 353
404 709 353 371
935 353 770
124 371 353 709
708 98 98 371 185
185 687 353 768 708
323 185 662
100 354 354 101
101 101 354 185
185 708 768 708
354 354 323 371
404 125 937 99
124 768 708 768
100 124 662 124
353 937 100 768 353
640 100 404
768 353 937 937 100
640 371 98 97 354
101 120 101 97 768
97 99
100 935 768 708
618 125 185 662 371
99 937 640 99 100
768 353 354 125 101
354 125 354
185 662 323 353
618 124 99
687 100 687
662 97 102 100
371 100 99 100 937
708 124 97 124
640 323 125
124 124 768 185
101 323 353 768 404
404 97 371 640
98 125 353
353 768 97 185
101 419 170 5 323
97 371 640
618 323 185 709 353
98 185 640 97
97 354 354 323
99 424 125 708 97
99 768 125 323 323
323 354 185 618
125 354 185 98 404
124 708 185
99 101 101 185
97 98 97
708 768 100 125 100
404 354 100 662
185 124 100
768 99 185 687 353
404 640 404 323
404 640 100
404 154 269 404 662
768 101 98 768
353 125 354
935 353 125
640 937 125 185
640 185 98
708 97 125
97 708 708
99 97 708 125
124 125 768
687 404 323
185 100 687
371 708 97 708
124 354 323
662 618 185 100
404 768 371
124 300 100 124
98 353 935 768 97
353 99 937
353 662 662 100
124 97 618
709 185 708 125
708 100 768 98
124 768 98 185 662
353 770 353 354 100
125 618 185 708
98 353 100
124 101 97 662 97
101 101 99
404 97 97 97
124 125 100 97
708 353 662
353 618 323 354 101
185 124 97
662 323 404 709
662 97 354 354
371 185 709 185
100 97 371
708 62 99
768 125 354 354
323 323 185 354
353 99 371 125
323 618 97 124
100 687 100 708
100 354 124
353 618 100 97 662
662 323 323
124 662 618 404
353 97 99 101 185
371 45 301 100
101 768 125 935 353
353 185 100 99
353 371 371
100 618 662
937 125 937 640
768 185 124
371 137 249 404 640
768 101 353 185
99 768 98 768 100
124 640 98 768
100 125 404 185
100 101 404
100 687 100 768
662 185 100 371
709 185 640 404
371 353 796 353
935 353 101
125 323 185
937 125 98 97 353
100 768 708 99 768
371 662 323
101 124 97
404 125 353 770
97 768 99 100
97 300 100 97
124 354 185 100 185
709 353 618 323
404 618
185 353 768 98 124
662 353 708 768 323
353 323 662 662
937 353 323
99 708 371
371 174 371 100 618
101 404 121 125 353
99 97 640 640
124 708 371
353 97 99 101
99 708 404 323
125 99 185
323 371
101 125 98 98 708
353 354 97 434 100
124 404 185 125
100 618 353 937
404 121 125 353 640
708 768 353 937 640
100 300 100
768 353 937
404 98 768 99
125 98 618 100 618
97 404 323 323 100
640 937 99
353 124
125 708
125 97 618
640 99 768 935
353 185 353
323 768 99 937 99
185 640 124
101 125 185 99
404 323 354
353 353 935
708 708 353 124
100 98 768 98
937 353 768 404
371 99 100
708 100 97 768
101 155 546 404
640 353 935 100
125 100 99 640
99 185 371
353 124 354
101 185 662 353 618
371 45 371
404 687 185
371 353 100 100
353 354 323 323
323 768 98 768 323
97 125 371
618 98 404
709 353 99 404
125 937 404
662 662 353 185 640
185 371 371
618 97 662 662
770 353 828 233 404
125 640 99
99 62 518 371
354 124 323 99
353 709 185 371
97 768 708 185
937 99 62 100
371 125 185 99 97
99 323 185 640 640
323 618 97 98 640
768 98 640
662 353 100
371 828 371
125 354 125 354
371 353 618
97 708 98 708
371 97 768 935
662 97 371
98 185 353
404 640 64 98 124
768 98 101
101 83 404 124
353 125 618 618
97 768 100 124
124 618 100
404 125 937 100 98
640 371 768
404 618 323 640 937
353 768 935 353 687
124 97 618 98 618
97 125 768 100
371 185 371
100 98 98
640 640 353
935 353 323 323
687 353 124
323 353 662 353 101
98 768 99 99 323
124 353 185 124
125 98 101
662 185 125 354 125
354 354 97
98 640 185 100
354 125 768 353 354
662 662 353 708 768
662 97 101
618 97 100 99 404
97 124 97 99
618 124 404 354
99 99 124 124
124 125 98
100 124 618 100
618 185 97 768
97 662 323 404 709
97 101 354 185 125
124 100 708 323
640 99 937
99 353 354 101 101
354 125 708
99 100 937
98 185 323 662
354 354 354 323 353
371 662 353
100 768 101
323 124 353
323 323 323
371 185 768 185 768
98 768 185
353 404 353 937
353 404 708 97
99 101 97 640
662 618 618
353 709 185 640
124 97 618 98 100
125 353 770
353 640 353
124 404 404 708
404 586 233 404
125 371 125 937 353
662 97 662 97 98
100 124 354 124 323
323 100 618 100
768 97 185 709 404
937 100 101
323 618 125 100
124 708 708 371
124 708 708 323
185 708 124
768 99 768
98 124 101
662 84 404
770 353 99 937 640
100 353 768 101
185 354 404 100
125 937 99 125
354 323 640 937 99
708 97 708 125 124
97 100 97 354 185
662 100 935 768 353
404 424 100
937 640 100
371 101 185 125 185
100 708 323 354
100 125 640 371
404 708 371
101 185 687
662 62 404
353 125 354 101 185
404 687 100 97
640 640 100 404
404 98 98 768 371
768 185 97 768
371 124 371
100 97 125
768 371 98
323 323 353
708 599 132 252 404
768 125 185 708
353 618 125 97 768
937 937 100 618 662
99 124 323
353 768 935
100 353 323
768 185 101
842 96 100 101 768
709 185 800 185
99 290 531 121 371
323 97 640 353
404 185 708 371
404 125 618 124
640 323 354 353
371 932 963 404
97 768 323 371
101 97 97
687 353 768 935 125
404 98 640 125
404 768 371 99
124 98 404 97 768
404 99 101 353 937
125 185 709
124 99 290 283 125
97 124 662
618 98 124
98 101 768
97 99 353 618
353 709 185 662
404 404 107 100
185 768 404
99 353 618 125
323 97 768 100
354 100 371
101 98 618
99 97 124
98 98 102 101 99
185 708 100 354
937 125 185 404
354 100 371 97 768
185 640 124 97 708
404 354 125 124
935 125 185 618
662 323 708 185 662
618 124 97 768 124
125 935 100
323 708 768 935 100
662 100 353
125 937 99
97 662 662 404
97 640 353 98 353
768 185 640 124
708 185 98
768 708 708 98
323 662 86 353
662 618 323 323
99 937 640 371
662 300 124
708 353 129 533 185
640 937 404
97 354 354
353 708 768
125 404 160 353
100 494 173 404
662 100 768
404 97 768
101 124 323 160 353
101 185 101
935 353 404 662
323 100 618
124 354 124 662
687 353 796 353
323 100 124 98
404 62 662 185 640
353 97 100
937 937 353 354
100 708 97 640 99
100 353 97
618 97 125 708
97 98 618
404 100 102 97
125 353 124 354
687 100 937 99
97 640 640
125 97 124 98
125 185 353
98 708 125
100 708 768 371
935 125 323
99 101 100 768
404 98 618 185 371
354 185 709 404
100 100 687 185 323
937 99 125 99 185
99 101 100
708 124 640 124
98 125 708 125
101 99 937 640 100
99 353 935 768
371 98 640 404 99
618 97
101 100 124 371
353 618 98 618 662
353 185 97 768
354 124 98 708
100 662 404
97 708 185 323
101 185 98 618 125
98 124 99 98
353 101
125 98 101 768 124
618 185 97 768 708
125 937 99 185 100
185 99 98 124
708 768 97 618
353 323 662 662 371
101 98 125
185 99 768
125 708 97
125 185 768 100 354
99 371 708
662 323 353 101 125
354 64 87 404 687
353 768 125
323 640 125 101
404 618 353 404 708
100 101 768
371 45 640
371 404 125
640 185 101
99 404 185
353 618 353
185 640 125 125
125 708 708
687 100
125 101 323
935 125 101
100 618 98
354 353 937 640 937
709 185 708 97 97
101 99 937 640
100 640 937
100 101 98 640 97
101 97 640 100 354
100 125 404
100 353 937 640
404 98
937 640 353 770 353
371 97 768
98 125 708
618 100 124 98
768 99 99
101 124 124
100 124 100
185 800 185 687
125 937 404 353
662 97 98 125
98 618 404
125 768
937 100 768 353 323
125 185 662
100 97 354 185
371 125 768 98
99 768 371 768
101 97 300 101 99
98 640 98
185 709 353 99 404
371 640 640 124
124 99 97
353 687 353 796 353
97 768 404 353 371
709 353 100
618 124
99 353
354 101 125
768 708 98
100 98 404 662
404 98 768 708
708 185 687 353
708 768 935 768 353
404 708 100 937
353 937 125 371
935 100 662
708 125 99 353
404 640
371 323 323
98 97 353
937 99 640
100 102 101
100 353 640
404 152 548 371
98 353 640
353 97 354 323
640 124 97 371
353 323 768 97 708
99 434 300 101
404 125 353 770 353
101 371 828 353
323 768 125 124
98 640 937 937 125
101 124 101 125
323 64 318 615 404
125 15 45 371
185 101 100
100 618 353 101 404
404 99 101 353
100 125 97 100
99 323 98 98
125 404 185 323
371 185 768 124
100 101 371 323
99 708 185 354 354
124 353 185
101 125 935 125 354
353 935 125 768
371 99 97 708
125 371 125
371 99 101 97 640
618 323 99 708
371 100 618 618
768 124 353
618 97 353 97 323
323 99 101 124
353 937 100
98 323
354 97 662
371 768 98
185 100 687 100
640 124 353 353 98
323 97 640 371 125
353 640 99
404 82 708 768 99
353 937 937 100
185 662 618 100 404
185 99 353 935 353
404 101 98
98 98 100 937
124 371 99 640 97
323 102 101 371
124 124 100 618
662 323 404
708 97 98
935 125 99
98 101 768 124 124
125 937 100
662 371 640 937
640 100 101
101 99 353 354
640 185 101 768
937 99 125 124
404 98 125 708
404 937 100 98
323 185 768
101 125 98 98
371 323 101
935 768 323 708
937 353 770
937 100 98 404
323 323 662
371 99 708 100
100 937 100
618 185 371
98 107 404
708 124 768
708 98 99 937
99 768 708
935 936 935 768 371
98 100 768 97
353 97 98 353
768 125 101 101 124
323 84 404
125 124 323
185 125 185 404
97 768 323
99 353 640 937 404
640 640 124 640 937
404 185 618
97 618 124 371
323 124 404 612 404
353 353 662 97
353 354 124 404
100 618 353
125 618 618 125 371
618 353 185 687
708 768 97 618 125
323 371 97
371 708
124 354 100 101
618 100 708 323
323 124 185
353 937 125 97
708 98 323
404 354 124
662 100 935 768
97 98 640
185 709 185 687
98 102 97
98 100 353
125 125 768 708
371 365 353 708
97 708 708 97 662
124 282 687
404 404 950 404
768 353 354 323
100 97 662
640 100 97 97
371 99 185 371 99
768 404 768 371
404 97 101 100 354
100 640 640
323 100 353
371 768 185 371 185
98 100 371 98 100
185 687 185
618 100 640
353 354 354
185 768 101 353 185
100 404 768
618 185 353
371 99 404
768 185 687
101 354 185 125 124
354 323 125 708 125
708 768 99
353 937 99
124 768 935
708 404 323 768
125 125 98 98 101
404 125 708 708
100 708 100 99
100 99 937 404
768 125 354 354 353
323 102 102 98
662 404 97 323
708 185 618
768 708 125 935 100
100 354 185 768 323
97 99 99 97 640
185 100 354 323
323 185 354 185
662 323 353
99 323 98 185 404
640 124 640 937
768 185 640
185 353 768 101
708 768 101 323 125
768 125 101
125 937 99 125 124
124 708 708 124
97 97 768 185 708
354 353 687
768 353 709
353 662 100 618
98 125 100 101
404 950 404
371 353 770 353
97 98 353
935 768 708 125
618 97 353
353 124 185 709 185
323 97 662 662
185 618 125 618
354 185 98 768 404
124 173 124 404
640 640 125
185 99 185 709 353
101 353 935 100 323
662 100 768 124
708 97 640 99 404
708 404 323 124
101 101 354
100 97 640 404
125 708 124 708 323
125 101 98 98 618
640 640 640 100
124 706 124 404
185 618 185 768
124 98 353 125
100 354 185
708 125 404
371 640 99 125
97 768 125
354 185 100 185
101 185 124
100 618
100 100
97 640 98 100 618
97 353 770 353
618 100 353
125 768 99 64 640
98 323 185 662
100 618 353 101
97 662
100 86 708
98 100 708 97 640
708 708 768 124
768 97 185
100 98 323 662
98 768 125
98 97 185
100 100 687 185
640 97 323
185 354 353
708 98 97 768
185 323 323
353 124 98 97
99 100 937 125
323 125 618 97
124 124 98
709 185 640
404 373 115 820 618
640 185 124
640 99 185 125 937
640 353 662
124 404 640
371 640 125 125
185 101 125 708
125 935 125 354 354
125 708 124
323 99 708 768
100 935 768 353 354
97 99 708
98 640 404 99
124 768 323 662 97
618 353 101 371
353 640
124 708 125 99
185 125 353 323
185 354 97 371
353 185 101 768
662 124 618 125 100
371 99 97
125 618 124
354 185 404 371
97 618 353
99 98 97
354 323 323
662 662 124
404 373 239 373 404
709 185 97 404
323 100 323
124 354 354
353 662 353 101
768 100 97 323
354 353 662
124 768 99
371 768 353 354 125
124 100 768
101 98 768 935 100
98 124 618 323
99 353 937 937 353
640 371 98
101 354 185
662 124 371
185 353 768 935 353
323 185 101
404 474 142 353 124
185 709 185 687 353
768 125 371 323
97 125 98
125 101 101
98 323 618
937 100 353
768 98 125 100
99 768 935 353
404 185 353
100 101 354 125
100 185 124
640 100 124
323 618 98
404 97 97
371 137 249 404
640 100 354
185 100 185 404
97 708 98
618 100 117 100 371
937 353 687 404
98 640 97 662
323 618 97
124 100 640
323 662
101 124 101 125 99
124 82 225 226 371
99 125
185 98 768
404 518 86 708
185 618 618 98
709 353 404 353 937
708 708 768
125 323 662 618 100
185 125 640
185 708 353 640
640 124 662 97 124
353 354 404 709 404
323 185 687
98 99
618 404 100
353 662 97
708 99 97 768 125
353 796 353 124
708 323 354 100
371 662 618 98
99 371 371
97 708 185
97 100 640 125 353
353 125 708 124
124 125 935 768
768 99 107 404
101 99 434 371
618 185 354
323 97 768
98 102 101 99 97
353 99 124 429 100
404 708 353 796 353
708 97 768 404
404 323 708 323
100 100 935 936 935
125 98 100
97 99 125
768 97 618 97 353
97 618 100 354 125
371 185 709 185 640
353 125 708 99 97
354 354 353 687
101 371 99 371
618 100 97
100 708 124 97 124
124 838 45 640
185 640 124 97 640
618 100 124 99
708 323 192 323
937 937 640 371 662
125 354 354 100
354 125 768 353
708 97 125 618 185
323 185 708 124
768 185 98 97 640
768 935 100 124
323 640 323 662 618
770 353 768 97 618
101 97 323 100
687 353 640 937
371 185 99 98
618 124 125 98 371
100 354 125
618 353 937 100 101
708 125 101 185
101 353 770
185 687 353 124
125 768 99
404 97 662
101 185 101 371
125 354 97 100
687 353 687
354 185 99 101 97
125 354 353
125 404 98
101 323 353 768
353 86 404
708 100 371 45 640
618 97 768 124 353
124 100 618
100 101 768 323
125 101 101 124
371 662 62 404
97 404 323
101 97 125 97 124
124 100 708 124
371 768 99
353 828 233 404
185 618 97 185
371 101 185 125
99 708 323 101
353 98 640 124
935 100 640
404 101 100 124
709 404 101
101 125
101 100 98
98 185 323
708 97
353 640 185 99 99
185 124 706 124
768 125 97
100 101 101 300 371
125 125 640
404 98 99 98 323
124 125 353 709 185
323 404
185 354 185 98
353 935
101 98 100 323 662
640 353 770
323 97 97 640
404 185 404 98
708 100 99
185 98 124
125 185 125
768 353 935 125 768
768 323 323 768 99
124 838 124 353 101
101 768 97 101
100 354 97 100 640
662 323 185 768
101 404 121 125
371 323 100
404 101 185
371 125 618 97
98 353 124 98 97
323 100 935
99 99 100 618 353
687 185 99 185 687
768 99 937 937
99 101 353 937 404
98 100 98
323 353 98 768 185
125 99 937 640
124 768 708
98 125 99
98 100 662 323
371 185 371 640 404
125 99 353
353 97 323
323 618 97 353
354 185 371
768 125 371
97 125 618 618
185 618 185 100
323 768 125 98
124 323 371
124 97 125
687 185 323 354
125 101 100
937 125 937 640 371
404 98 353 935 125
323 98 100
687 353
662 662 366 65 101
98 768 708 99
100 687 100
124 97 99
640 98 323
371 254 23 166 353
97 404 97 640 124
768 935 100 100 687
97 618 98
99 125 100 99 640
185 99 768 125 125
125 185 97
404 708 98
99 424 371
101 768 97
937 353 100
185 768 100 5 323
124 101 101
353 185 124 125 185
371 125 935 125
97 768 98 98 98
98 768 125 935
404 474 404
99 323 125 708 100
618 98 353 709 353
618 125 185 662
708 185
404 97 97 97 185
98 97 99 937
100 98 97 371
125 125 618
323 98 185 404
98 100 937
768 98 353
708 185 662 618 98
768 100 768 708
768 185 97 185
353 323 768
101 124 97 97
768 124 618
709 353 97
124 354 323 98 185
371 323 323 708
124 185 708
937 125 708 353
404 618 100 353
99 97 640 323
98 98 99 125
937 100 618
125 100 354
323 101 354
98 124 662 371
687 353 618 618
125 101 354 100
371 768 353 354
618 100 98 185
125 98 371
185 125 100
99 124
100 98 97 97
404 937 100 125
125 323 662
99 98
99 708 404
353 125 101 101
662 323 708 185
124 354 354 185 618
404 640 99 185
353 99 185
99 708 100
618 125 124
768 100 768 124
708 100 107 687
185 618 98 708
100 708 99 708 323
125 640 124 125 371
371 355 83 82 353
618 100 354 125
687 185 353
354 353
768 353 662
101 185
101 97
124 838 124 708
404 937 404
371 351 106 371
100 99 708 97 98
709 185 323 100 937
125 937 353 687 404
687 353 100
101 120 101 97
768 708 185 97
100 354 185 101 98
97 125 354
124 662 323 323
323 768 97 100
98 185 768 101
97 124 404 353 770
185 709 185 708 97
323 533 422 404
371 97 768 97
125 125 185
97 640 97 371
404 937 100
185 99 371
99 100 185 709
124 618 100 98 185
404 937 640 371
185 101 99 323 125
353 354 353 618 185
618 125 97
100 687 185 618 97
935 768 97
404 937 353 709 404
124 592 933 592 353
618 124 768 371
97 708 124 640
404 125 708
353 69 353 687
371 99 708
353 687 100 937 99
708 124 768 935 125
404 124
404 404 371
371 640 97 124
618 323 101
99 768 935
353 129 533 185
353 434 768 101
618 618 98 371
100 937 99 125
618 323 99
98 98 102 97
99 100 97 100
185 708 97 97
125 708 125
97 124 354 101
185 354 100
768 101 323 125
100 98 125 618
100 640 125
124 640 100
124 100 323 125
99 98 323 404
937 99 185 100 687
98 185 662
404 160 353
404 185 404 98 768
124 768 125 640
98 185 662 618
98 97 371
323 708 125
371 125 124 100 98
618 353 770
124 97 708 708
185 323 640
709 185 124 97 662
371 100 97 125 371
125 185 354 354 124
124 404 404
618 100 640 640
125 937 125 185 404
618 323 404
708 98 323 618 125
618 125 101 353
768 125 937 99 708
371 82 124 124
100 125 323
404 323 99 101 124
371 185 354
371 640 640 353
124 282 662 323
99 640 640
124 101 768
99 98 404 618
125 97 354 323
371 125 937
99 768 97
125 937 353 935
185 354 185 708
125 353 709 185
618 618 618
125 640 97 323
708 100 124
323 100 937 99
125 124 124
768 434 97 354
100 708 708 125
687 100 124 662
687 100 768 708
353 125 935
640 640 99 323 125
97 323 125
353 768 371
708 708 97 185
323 323 97 640 404
99 185 125
101 97 323
354 101 99
618 185 640
404 185
185 353 768 98
354 124 662 618
768 935 100 101
101 97 97 768
371 46 447 473 371
98 353 935
125 768 371 100
354 353 618
662 404 185 404
101 100 935 125
937 99 185 100
708 323 100
124 768 935 125 97
99 353 100 98 98
404 687 404 640
354 404 404
404 709
354 323 618 98
100 185 98
99 185 125 937 353
185 99 101 97 323
100 768 353
323 618 185 354 100
100 935 768 353
768 101 323
640 98 768 98
404 98 97 708
687 404 896 404
97 768 185 708 125
404 101 323
937 100 768
404 323 323
768 185 618
125 768 935
404 97 101
371 124 768 353
101 768 124
101 404
125 768 125
687 185 404
323 353 101 125
353 98 353 353
97 125 97 124 98
100 98 768 97
98 323 353 768
185 708 97
99 708 323 124
935 125 354 100
125 354 323 618
125 98 640 640 100
353 365 371
124 323 662 185
371 100 708 768 371
768 708 124
708 124 708 323
404 687 185 99
662 97 98
768 124 124 354 124
98 99 937 353
353 185 353 99 97
124 99 371
404 323 124
937 99 125 708 404
124 323 323 101
100 640 124
640 99 323
98 640 640 100 97
687 100 97
640 114 424 99
371 208 371 708 323
937 353 354 124
353 937 125 937 640
354 124 185 618
404 98 618
185 353 125
100 640 404 233 404
640 97 662 353
100 768 708 185 687
371 100 768 935
97 100 618 323 353
770 353 97 101 353
185 353 100 323
371 768 97 618 353
371 662 124
371 323 124
125 354 323 618 618
618 618 124 125 101
353 618 662
353 125 935 125 185
97 102 100 353
353 937 100 101
640 371 353
618 618 125
100 404 372 404
125 100 99
371 363 495 641 371
371 708 768 97
100 124 354 124
100 687 404 354 185
125 100 371
101 98 98 618
937 640 371 323
125 935 768 371 662
125 935 100 354 323
98 185 687
353 97 124 618
768 708 185 354 353
124 124 371
98 99 768 99
124 98 102 97
935 125 98 323
709 185 768 99 185
371 97 768 371
708 768 124
101 354 185 618
354 124 662 618 404
353 185 98
662 353 770 353
371 708 185 97 404
98 708 97
97 100 687 185
125 618 97 323 618
404 687 404
640 185 354
323 640 125 618 100
371 101 101 101 323
99 768 99
768 353 354
935 353 770 353
100 662 124 662
323 323 768
185 124 99 99
640 124 353 353
768 124 768 125 354
99 323 98
354 125 124 185 354
98 708 99 97
404 354 185 371
185 354 100 98
768 98 98 98
662 404
101 185 662 185
98 124 354
404 937 99 323
371 768 185 98
100 124
937 640 97 768
99 937 404
99 768 99 125 618
404 640 98 323
185 662 371
124 662 100
100 708 99 64 354
125 125 708 125
708 124 100 640
371 87 62 662
404 353 937 937 125
662 100 353 354 353
768 98 768 323 100
662 662 404
323 185 640 404
687 404 354
97 125
97 708 371
99 100 618
101 185 98
640 100 494 340 371
125 640 98 768
709 185 768 100
101 124 97 97 371
662 97 662
97 662 100
185 640 640
708 353 708
101 97 125
185 353
687 185 98 768 404
101 97 354
185 354 97 99
100 185 124 371
125 185 99 768 125
353 100 768
353 828 353
937 100 125
100 687 100 768 353
353 937 404
371 323 371
323 708 768 935
640 97 353
101 101 97
768 434 97
708 125
125 618 185 618 662
125 618 618 97
618 404 709 353
404 323 98
708 97 353 99
618 662 166 662 404
371 13 98
618 100 354 101
99 97 353 709 185
640 99 97
185 99 185 709
404 768 185 618 323
124 98 353 124 98
618 98 353 709
353 353 662
185 323 100 323
125 353 768 185 100
353 354 125 101
354 185 353 185 618
371 125 5 99
99 708
125 404 323
98 185 640 638 124
99 121 15 353
97 102 98
101 125 353
768 101
640 323 768 323
124 662 100 935
768 323 323 768
