592 140 428 216
447 139 933 322
322 45 139 448
139 322 139
579 592 46
269 404 932 45 461
461 461 322 676 428
579 334 274 15 15
15 164 46 812 140
428 446 139 461
272 216 139 541 15
461 592 592 274
592 760 592 334 15
428 140 592 274 269
448 322 794
272 140 541 15 45
269 322 933
164 15 541 140 617
735 592 447
448 273 322 933
933 448 735
448 428 269
592 38 915 38 579
140 139 269 657 269
322 447 273 46 322
164 335 335 45
579 216 428 45
579 448 447 461 139
273 448 448
461 447 676 428 676
139 269 429 140
216 579 321 579
446 428 216 448
461 322 335
272 429 579
448 446 447 579
592 592 461
428 446 334 592
657 269 429 334
273 13 15 446
140 428 579
592 617 592 46 446
164 15 760
579 272 334
272 322 45
428 216 592 428
45 45 274 273
164 334 322 933 448
273 448 735 164
46 405 15 269
272 272 273 46 461
140 274 46
164 140 139 139
164 448 273
579 447 448 461 139
335 794 335 579
448 461 446 322
461 819 140
334 274 216
272 216 429
447 334 272
335 933 139 819
933 429 164 272
592 446 269 446 216
461 461 15
46 428 15 272 334
272 579 448 139
269 592 15
269 274 139
617 448 139
447 335 447 429
592 164 322 334
428 676 428
272 409 448 617 272
461 335 322 322 448
139 592 269
334 429 273
139 461 139
269 273 45 45
446 335 794
334 448 322
448 579 428 446
579 929 335 929
334 140 448 617
592 322 272 447
334 448 274 334
447 139 269
334 429 216 274
447 933 592 274 15
579 929 322
592 273 274 448
929 579 428 140
139 335 45 933 46
322 273 429
273 140 447 428
461 269 274 428
164 429 322 447 164
15 448 322 139
448 335 164
794 335 447 335 322
929 334 334 164
272 579 335 15
933 334 448
617 272 429
447 429 929 579
216 164 139 139
446 334 933 335 15
139 334 272 45 447
272 334 446
269 216 15 46
269 447 272 322
933 334 274
933 46 164 273
164 273 140 592
164 579 334 46
269 929 335 929 334
164 216 272 15 429
269 579 334 139
15 429 592 735
579 216 45
46 322 461 735 164
735 592 592
46 139 139
592 447 461
45 15 448
45 461 447 273 322
269 140 819 461
447 273 448 45
592 429 216
448 735 322 322 45
617 272 322 447
592 164 140
933 335 45 448 322
446 335 929
933 322 794 322 929
216 446 335 428
929 429 429
335 164 429
592 448 140 929
216 592 617
322 448 735 592 269
335 164 429 216 140
216 15 461 446 448
428 428 461 461 448
322 592 15
272 45 428
334 269 272
140 164 446 272
139 216 428
335 274 15
274 335 794 322
428 448 322 448 735
272 164 334 933 335
335 428 428 579
447 428 269
273 140 139
429 429 269 322
428 15 272 334
819 422 166 269 269
446 592 334
269 15 322 429
334 335 794
45 448 269 617
429 273 216
446 334 164
45 164 447
760 15 164 273
164 216 461 461
461 46 46
269 446 139 448
269 273 429 334 933
429 273 45
592 334 933 139
269 139 933 933
334 579 579 216
933 448 617
446 15 334 46 461
335 592 216 274
46 137 164
15 15 579 273
269 513 355 46
592 322 461 216 448
46 274 334 140 322
429 579 429 446 139
139 592 335 322
273 592 335
45 335 933
46 429 45
933 139 140 819
335 446 335
617 272 429 273 216
428 448 617 272 429
446 15 140 447
334 334 274 216
617 140 139 933 15
216 164 107 64 216
579 429 273 273
272 334 429 428
429 447 46
140 735 461 428
273 140 617
139 448 447
139 335 448
933 446 164
269 428 46
592 322 164
592 933 447
322 273 273 448 735
933 446 428 139
735 322 446 15
139 164 335
461 448 140 617 269
139 164 140 428
448 428 446 15
929 140 322 933
429 166 446 429
322 929 592
15 334 164
429 933 335 164
579 429 461 461
429 272 273
273 216 579
428 164 564 164 929
322 448 164 735 322
933 933 322 592 617
760 335 794
164 447 15
273 429 15 429
929 335 334 335
272 592 461 15 428
322 335 334 929 933
140 139 140
334 322 461
617 448 735
428 46 45
46 428 335 929
429 428 216
929 322 447
446 428 322 676 428
760 592 617 592 46
592 216 139
322 335 335
139 124 592 216
335 274 448 274
819 140 272
448 812 428
140 429 322 461
933 592 448 46
322 933 269
448 15
447 272 140 592 335
139 592 446 579
272 617 448 461 335
579 448 461 735
322 335 428 447
322 273 461
446 461 428
140 819 273 579 579
322 429 335 794 322
15 760 335 428
933 929 15
15 579 579
446 335 592
272 461 446 139
929 579 273
45 448 15
428 272 812 461
335 140 735 140
657 269
139 428 216 448
592 760 15 579
272 617 140 140
579 164 447 15
334 579 216
335 322 46
45 273 429 929 429
933 334 164 592
592 461 273 592 272
428 140 448
15 541 541 15
139 273 322
428 812 448 933
592 592 446 447
274 429 428 446
448 271 45
657 269 428
139 269 617 269
933 335 139
579 929 269 429
429 579 448 428 164
45 448 735 140 429
335 139 140 269
140 461 216 446 216
45 273 447 15 272
45 140 164
140 322 334
448 322 461 461
428 164 139 15
592 322
273 322 929 140 139
272 447 676 428 447
335 929 164 216 140
45 335 461
428 446 46
334 579 448
447 579 579
461 335 794 335
461 322 139 216 448
45 273 447
735 164 929
794 335 429
448 429 592
322 461 216 216 15
447 140 46
592 933 46
46 428 140 617 592
164 424 281 164
428 447 676 447 272
429 322 334
269 446 45
429 15 448
273 164 929 929 933
461 592 592 461
428 335 461 216 446
322 446 140 929
46 429 933 933 15
139 461 428 164
428 447 164
269 448 269
447 428 579
46 461 735 461 735
273 461 735 461
46 16 164
322 334 335 929
429 273 812 46
164 335 794 335
334 592 929 334
579 428 579 335 45
448 322 929
838 45 272 579 447
140 322 933
272 448 592
838 45 273 819 140
592 428 335 429
429 334 579 216
46 139 274
579 335 933 929
272 334 579
335 447 428
592 322 461
335 139 334
140 335 45 272
428 140 273 428
579 428 579
164 929 929 929 140
46 272 272 429 579
592 140 428
447 446 429
15 429 45 216
461 335 335
429 139 139
46 592 461
334 322 272 428 164
933 322 735 140
15 272 334
461 429 428
139 446 447 428
334 164 592 428
322 140 735 592
269 45 428
334 334 272
592 448 429
139 334 272 45
929 334 579 334 592
273 592 461 216
429 335 929 164
269 657 269 164
140 334 164
929 334 139 335
15 334 335 164 448
272 140 617 592
617 269 335
429 274 592 273
448 446 322
461 429 429
46 371 640 124 139
447 579
140 446 579 335 929
45 164 164
269 216 579
461 592 929 579
216 273 322
269 274 140 269
335 461 335 164
164 335 334 46
322 139 216 448 45
447 322 429
139 461 735
334 46 140
447 335 322 428
139 448 322 428 592
269 446 15 461 15
429 273 273 448
140 139 933
269 140 139 139
335 164 46 446 216
929 164 335 322
735 140 335
45 322 428 676 428
429 124 353 796
657 269 139 273
929 322 447 592
272 592 617
429 429 448 46
447 46 592 592
322 448 16 121 46
617 592 448
335 335 164
273 819 273 447
448 322 448 735 322
447 473 46
216 273 274
447 273 886 273 819
164 929 322 933
933 933 334 447
592 334 274
322 335 933
46 446 429
794 322 45
274 335 15
15 579 429
46 428 140 617
676 428 139 273
273 164 273 448
461 118 116 533 335
216 428 274 448 461
269 448 592 139
164 170 164
274 272 21 210 269
46 447 45
46 447 269
447 448 334 272
269 216 461 447 15
335 579 579 46 933
322 139 216
592 273 428 272 45
760 335 447
139 447 446
446 140 273
461 428 216
274 216 446 334 446
334 322 592 592
46 273 269
461 269 617 272
45 46 139 216
216 446 446 447 334
334 592 140 428
929 164 335 334
334 334 579 929
461 448 933 447
164 269 933 448 448
322 428 45 216
447 45 272
447 676 447
140 272 584 272
139 819 139 322
933 46 448 448
272 183 410 160 448
933 592 933 45
15 164 446
592 139 124 429 335
164 447 461 273 45
269 735 322
933 929 429 429
272 429 579 429 448
428 273 819 461
269 335 592 46
45 322 461 335 448
274 428 322 269
794 335 269
45 322 461
46 933 335 447 933
617 140 269
140 929 429 46 446
428 15 139 428 335
933 335 334 322
140 429 15
139 446 45
933 89 933 334
269 617 272 273
461 273 819 140 429
15 322 447
46 579 273 164 929
461 322 929 592 269
592 140 448 273
592 447 933 139
272 216
335 140 448 15
448 447 45
269 448 46
322 446 429 335
428 45 447
45 447 461
335 428 676
657 269 513 355 46
429 322 794 335
164 164 269 933
429 273 322
274 273 216
269 429 933 929 579
15 209 139
735 448 164
579 929 933 45
334 579 592
216 592 216 45
322 933 446 216 216
45 139 139 164
929 579 15 579
657 269 592
272 45 216 164 447
933 334 447 139
15 447 322 334 335
322 461 428
46 216 429 216
216 46 164 139 446
274 46 579
592 735 592 592
428 448 735 269
461 812 3 46
164 429 273
139 15 592
735 269 164
735 140 335 579 335
933 335 45 46
164 164 45 429
933 446 15 592
15 322 794 335 760
334 448 335 448
335 448 269
448 579 334
617 592 447 448
140 819 139 819 273
592 447 461 448
164 322 735
429 461 812 46
933 322 676 447
322 273 461 335
448 446 461 428
592 139 45 140
322 448 446 216 139
139 592 164
139 592
428 46 139 45
335 334 429
140 273 140 447 428
139 428 446
447 15 140
334 446 448
322 429 429 448 46
461 15 933 139
929 592 216
274 334 933 335
322 592 428 448 140
429 446 45
592 322 335
322 164 447
929 592 429 322
448 448 429 274 428
579 335 448 429 334
428 46 461 735 461
15 760 335 794
15 140 592
272 448 272 461 335
322 273 447 140
45 273 322
272 447 273
46 155 429 272 446
269 448 446 579
933 448 274 448 579
429 322 735 269
461 15 175 174 854
46 322 273 46
448 446 429 216 448
428 446 448 617
164 160 446 933 46
334 139 592 272
269 164 96 236 269
676 428 447 446 579
429 579 272
272 45 272
579 164 447
446 461 140 269
447 334 322 139
273 271 323 447 447
274 216 579 46
272 6 139 448
269 428 274
448 87 812 447 46
429 448 461 447 428
273 269 140 334
335 140 274
273 83 140
592 448 322
334 46 164
15 46 273
592 334 929 140
447 933
164 335 579
448 592 617 140
592 46 428 164 929
216 140 272
273 271 210 46
164 429 448 448
760 335 274
216 273 579 447
164 592 269 322
461 15 46
45 461 15 592 269
335 15 16 269
448 933 448 272
448 484 448 272
448 484 448
45 424 139 273 216
164 429 334 274
139 428 164 15
322 735 461 592 139
448 334 933 447 448
592 446 447
139 140 334
461 140 46
461 216 274
46 434 651 428 322
428 322 334 929
273 272 447 45
140 335 592 448 617
140 735
45 46 322 15
617 592 428 46 447
448 140 429
429 579 929 929 164
933 929 592 579
216 428
139 448 579 448
46 128 388 379 164
322 322 448 15
334 579 579 579
461 272 13 461
335 929 140
760 592 929
216 273 429 15 429
269 933 448
140 448 164
334 429 428 140
794 335 428 447 429
140 448 139
322 447 461 461
448 334 335 322
269 420 105 424 448
164 579 273 273 461
274 272 812 448 461
46 107 216 461
139 216 448 45
272 216 461
676 428 448
46 132 46
448 847 448 46
592 140
428 446 334
272 140 273 140
15 448 45 447 446
139 15 933 15
273 461 735
334 334 15 139 448
269 274
461 428 446
140 541 140 617
429 335 139 335
334 335 335 429
322 13 322
428 272 45 838
15 461 819 461
929 334 334 164 46
334 429 448
139 99 404 15
272 274 429 335
272 428 45 428
461 624 461
334 592 933 929
933 335 124 838
322 929 592 760
428 676 322 428 461
447 322 794 335 335
335 461 819 273
15 45 461 447
269 139 216 446
446 592 269
216 15 760 335 45
272 183 418 142 46
579 335 579
429 322 164
15 760 592 140 735
592 760 335 933 592
269 429 45 428 448
933 15 272
447 429 155 269
272 164 335
334 929 164 272
933 322 592
334 929 140
216 140 139 592 269
592 429 592 428 46
428 139 15
446 461 273
461 216 273 15
272 334 15
448 812 447
164 735 592
46 322 735 592 334
322 140 274
273 448 274 334 448
335 794 322 592 273
461 216 446 322 676
139 322 272 592
274 140 819
45 447 334 46 140
140 334 272
428 461 216 216
657 269 579 38 592
461 735 164 429 447
269 274 216 164
429 448 46 334 140
335 15 447 446 45
46 592
579 335 15 274 15
429 335
335 140 45
15 446 45 429 139
46 273 46
216 269 428 461
448 933 139 140
139 447 15 428 272
448 735 164
933 446 13 461 447
579 446 335 429 274
461 735 322 140
45 461 216 429
15 461
933 334 334 448
428 139 269
140 139 933 15
735 592 272
15 272 429
448 424 448 216
322 592 428 45
139 933 322 676 428
15 15 447 428 448
447 592 448 428 216
933 335 447 933
592 273 428
164 447 592
657 269 322 322 448
322 139 45 164
429 140 216
216 139 269
322 46 447 164
428 164
429 335 45 448
592 929 429 15
46 933 15
592 216 269
579 269 273
461 592 461
322 933 929
46 579
139 15 269
269 164 592 164
446 15 933
334 929 429 334 322
933 592 269 140
273 322 334
46 140 45
45 139 428 45
15 139 322 461
273 140
140 461 335 334 335
322 794 322 334 322
592 269 335 429
335 429 274 273
461 735 461 140 46
322 322 428 45
676 322 15
46 273 429
322 933 447 322 139
45 139 446
139 273 428
819 461 15 15
592 46 461
15 273 216 592
592 272 461 322 334
269 643 269
216 592 760 335
15 447 335
15 334 140 140
322 322 428 139 216
448 269 272 46 140
269 448 429
448 164 448
429 446 334
579 334 334 269
216 446 216 274
676 322 933 446
446 334 15
216 164
579 216 428 322
447 447 579 448
933 15 933 929
446 15 46 269
269 657 269
46 447 46
164 735 140
272 447 15 269
933 139 15
592 269 322
933 592 269
15 933 446
592 274 15
322 322 794 335
592 428 335
139 107 139 46 429
461 15 933
139 46 447
272 592 272
446 446 461 140
45 447 335
272 579 929 579 929
617 592 735 164
334 335 448
592 446 335
45 216 216 164
428 274 592
334 334 334 46
592 273 271 210 46
269 448 335 461 335
428 429 164 428
461 447 273 819
273 139 139 592 334
429 929 929 335
447 334 15
335 164 322 446
269 644 269
448 461 447 140
164 335 794
269 446 448
164 446 45
272 269 269 657
140 429 273 812 46
15 272 216 140 45
335 322 676 428
272 447 579 273
334 448 446 216
428 15 429
592 760 592 272
322 929 335 429 929
272 322 933 45 46
269 322 933 269
428 45 447 592
46 447 447
45 428 676 447 139
447 461 429
272 272 46
15 541 405 46 429
216 269 513 272
933 322 735 322 461
139 592 216 448
447 676 428 461
269 929 322
274 448 617 448
461 429 45 124 592
272 409 272
579 592 929
273 592 269 428
269 272 334 579
929 164 216
46 322 428
322 272 428 274
273 274 428
322 335 933 139
617 140 334 334 15
140 617 592
428 461 272
139 216 446 579 929
140 334 579
448 15 760
269 428 676 322 269
322 533 461 269
273 819 139 446 447
164 429 216 140
139 322 933 322
164 735 322 272
322 933 447 322
448 447 322 15 164
854 174 46
428 448 617
322 929 933
446 160 592 140 269
15 579 429 322
140 644 166 139 274
448 617 272
592 461 461
269 45 446
269 447
15 322 735
15 929 335 164
273 45 429 273
269 15 446
272 592 760 592 334
461 461 429 929 929
274 139 428 140 448
579 272 63 854
164 448 45
448 139 322 13 164
322 428 461 448 933
428 139 819 273
592 322 335 164 335
139 216 446 446
140 139 139 46
334 272 584 272 447
735 448
334 15 272
274 269 929 592
447 273 448
447 139 273 139
273 322 428 274
216 15 15 322
269 592 933 334
933 139 335 760 592
139 933
447 428 45 322 428
819 461 139 447
216 140 335 45
592 269 644 140
322 272 140 269 322
929 929 15 335
273 13 15 164
429 579 15 272
428 274
15 140 819
45 461 448
448 429 45
334 334 579 579 273
447 322 428 140
933 15 139 429
45 140 461
461 140
335 429 15 272 272
429 579 269 45 428
164 929 592 579 929
45 15 461
448 446 579 446 933
933 322 273 274
335 429 140 164 448
15 164 45
216 428 446
274 216 140
334 335 929 592 139
335 139 216 140
592 216 448 446
335 933 139 429 592
447 269 929 929
140 428 429 164
164 273 164 164
334 334 164
429 933 322 676
617 140 819
448 335 269
322 335 429
322 15 461
273 140 461 272
322 447 447 447 45
579 273 273
322 322 45 46
429 933
45 164 535 164
794 335 334 335
322 140 139 447
929 592 617
139 933 933 322 933
273 447 322 461
446 164 322
819 461 429
429 335 140 269
428 812 447
216 592 322 272
46 137 272
933 45 448 735
335 428 447 273
461 428 676 322
335 335 794 322 140
46 429 448 592
164 446 429 140 334
273 429 429 269
461 819 461
794 322 592
272 63 272
46 448 933
216 164 448 140 269
216 216 45 140 929
335 448 579 46
15 424 16 448
933 269 334 269
760 335 335
429 46 446
45 461 812 272
322 334 272
617 140 322 592
15 446 933 446 446
335 334 448 735
46 140 929 933
272 140 541 15
46 216 592 461 15
929 269 46
446 45 447 139
461 446
447 139 140
446 446 448
617 269 303 46
429 272 617 272
45 461 15
164 428 216 216
592 15 447 272
592 929 269 139
46 933 334 429
448 735 140 274 428
15 461 428 164
322 446 322 447
428 461 118 461
592 272 46 446
429 216 428
676 428 216 164 140
269 428 448
139 274 429 45 448
15 429 579
428 428 15
429 45 429
929 335
139 164 139 592 735
216 139 140
429 164 929
273 272 164 929
273 447 273 448
46 428 812 174 15
446 592 273 272
592 15 334 446 322
933 335 15
216 428 428 15
446 429 447 45
273 140 140 428 272
322 273 274 216
273 447 140
428 45 335 429 429
592 933 334 447
15 448 45
274 273 269
46 15 273
272 429 274
15 592 216 274
335 760
15 448 273 140 140
334 429 272
216 273 322 447
322 46 139
322 933 447 334 933
592 933 933 446
735 164 269
273 819 140 447 448
447 447 592
592 760 15 139 429
461 819 140 272
274 429 45
617 592 322 45
335 428 428
269 334 274 272
579 579 929 335 933
140 2 164
428 322 322 322
461 429 929 579 273
592 617 272 563 272
322 446 461 269
448 274 263 16 269
929 592 929 164 216
335 428 164
461 118 461 45
216 274 428 274 140
446 164 45
15 322 933 447
45 446 15
274 269 617 140 269
428 592 735 164 140
45 140 139 140
429 334 933 447
274 45 15
140 448 448
273 15 272
273 45 269
428 446 140 269
933 592 164
46 15 448
579 335 15
335 760 592 140
335 429 929 933 933
592 579 579 164
676 447 676
838 45 461
448 933 334 46
216 461 447 461 139
45 335 322 735
448 139 164 335 274
140 139 216
929 322 933 335 428
272 447 45 46
735 592 273 819 273
335 461 15 46
335 334 933
15 140 617 140
334 448 428 448
140 45 273
272 310 272 334
272 446 140
446 322 322
760 15 461
461 273 447
428 651 272
269 428 45
273 592 735 592
139 592 334
592 617 269 334
45 274 273 140
592 274 448
428 447 429
164 448 933 269
676 428 447 139
269 269 216
322 334 322 46
461 335 447 335
735 461 735 461
592 428 322
15 45 447
929 334 139 335 269
579 929 579 335 447
139 592 735 448
272 429 273
428 579 13 446 447
335 794 322 429 429
164 579 929
322 592 322
272 334 447
164 592 429
819 273 429 272
322 446 335
322 446 334 579
322 334 335 428
428 335 428 592 760
447 273 273 139
274 45 447 273
447 428 592 447
272 446 216 272
592 448 447 334 446
335 794 322 139
216 592 139
335 334 929 933 322
447 812 448 335
461 447 429 929
272 334 592 272
140 335 335
164 322 429 335 794
428 45 216
140 428 447
273 579 579
164 273 461 272
334 335 592 448
447 334 46 216
272 21 274
269 513 272 140
592 274 273
216 273 448 933
216 140 429 933
446 46 273 819
933 139 819 273
461 819 139 428
334 164 269
448 46 216
579 164 592 164
46 592 448 446 461
273 461 140 15
216 274 139
448 428 579 592
592 273 46
15 15 322 334 429
429 429 139
794 322 933 933 335
322 164 428 592 139
929 929
579 335 164
461 592 216
273 272 164 929 322
269 448 139 216
272 584 272 592
46 16 46
139 461 322
334 447 15
15 446 592
579 446 334 15
461 812 46 334 335
273 139 274 429
429 592 429
592 933 45
46 592 269 164
592 322 273 447 140
269 46 303 15
579 272 272
429 424 269
273 819 140 429
447 322 269
854 420 269
461 429 272 447
46 355 405 15 933
273 164 322
794 322 429 592
334 274 140 428
579 334 335
46 140 216
272 164 334 933
273 272 592 617 448
216 448 164
929 592 334
269 303 15
272 140 273
592 15 760 15
273 819 461
322 592 334
140 274 140 322
448 139 933 46
429 429 448 461
429 579 929 929
461 273 428 335
140 929 269
933 15 933
592 334 140
929 929 140
428 429 274 45
15 162 15 274
140 461
335 461 273 819 140
929 164 929 592 448
216 164 15
592 429 269
335 164 748 164 446
139 139 216 140 139
933 447 579
164 15 447 592
164 446 272
334 322 273 448
448 335 592 735 461
273 272 269
322 272 428 274 428
448 933 15 933 929
164 335 335 579 216
429 216 164
933 334 447
140 273 272 447
592 929 334 429
164 216 428
428 446 46 216
335 447 335
334 579 334
448 446 140 140
933 933 322 335
269 428 335 933
592 448 272 428
164 15 933 15
140 46
461 272 461
429 579 335 322 461
448 424 448 216 164
447 15 216
140 273 447
140 447 461 735 322
45 424 139 335 448
46 446 272
335 933 45 269
46 272 164
139 164 448
139 139 933 592 617
269 334 322 334 448
334 592 140
794 335 335 446
164 281 520 164
273 592 448 45
447 933 446 45
429 273 139 46
273 274 216
933 322 429 46
272 273
164 46 216 274
461 735 140 819
164 429 447 446 592
164 335 322 933 269
46 429 272
46 334 139 461 45
838 124 429 447 447
139 124 592
272 164 272
269 447 448
273 322 46 273
446 461 592 760 15
272 274 335 45 428
428 335 15
929 269 45 164
448 335 164 46 446
335 461 819
447 45 216 139
269 64 183 424 269
45 933 139
15 447 592
164 272 140 269
45 447 461 216
428 592 735 164
428 447 446
46 428 446 15
429 592 334 929
461 216 139 334
273 448 592
429 139 461 461
15 45 424 139
429 15 461
929 929 592
819 273 429
429 15 429 322
933 447 45 272 164
579 334 139 334
269 107 269 274
15 211 56 3 272
461 273 592 446
461 447 447 592
273 428
139 447 140 139
592 461 140
164 139 216
579 334 446 322 448
796 405 162 15
448 139 140 429
139 273 461 592 579
933 592 448 446 448
579 334 334
269 933 269
322 272 592
579 46 447 579
735 164 929 164
448 15 334
933 322 592 617
335 269 322
933 335 428
334 322 45
274 335 335 933
269 273 448
322 676
46 447 676 447
429 428 45 139 140
933 447 140 929
334 447 334 46 429
735 140 446
446 139 448 322 164
461 273 592 446 164
428 140 334 929
15 335 760
46 15 15 216
272 447 409 710 272
322 735 322 273
592 429 446 579
446 579 592 273
164 139 216 461
216 216 448 216 448
461 139
273 461 428 676
45 45 216 139
322 273 429 164
933 446 139
448 269 273
429 273 448
140 335 794 335
429 124 838 45
933 429 592
273 272 447 45 46
334 322 428
272 592 334 929 322
334 448 273 269
46 272 322 322
735 269 164 334
592 273 428 461 446
273 269 657 269
272 812 461
838 45 335 933
269 335 429 274
322 45 274 216 46
164 592 164 929 164
164 429 15
15 164 429 334
448 461 429 274
335 274 15 274
929 929 140 216
335 929 334 15
428 269 335 461 322
139 45 429 322
929 140 164 273
428 812 273
929 429 428 15 334
819 273 447 322
933 89 933
429 272 428
272 140 269 322
15 592 933 139
447 15 335 579
322 794 335 429
819 273 461 735 164
448 579 216 273 448
140 272 429
429 139 933 46
140 45 335 760
592 461 139
933 929 592 579 335
140 929 579 335
446 322 334
46 139 216 140
579 216 46
447 45 461 592 760
273 140 592 429
447 15 140 322 429
448 15 45
929 140 274 273
579 428 335
334 448 140
274 273 819
429 579 579
429 164 428 216 216
164 592 216 273
272 461 335
933 933 447
461 735 140 334 335
272 584 272 273
335 446 139 273 461
139 933 335 794
164 273 140 819
929 579 335 322 164
322 933 269 334 269
592 139 446 216 272
216 216 45 140
461 428 269
273 448 272 274
335 334 448 429
448 617 592 428
164 446
164 335 322 933
929 592 579 335 15
274 216 446 334
819 139 45 46
794 322 334
448 16 46
15 428 45 447 164
794 322 334 429
448 446 139
322 46 273
592 273 45
273 592 46 139 428
322 322 933 269 334
446 139 448 933
15 592 446 322
446 592 272
448 274 216
446 334 446 592
322 448 428
819 140 617 592
676 322 46 334
322 794 335 428 447
429 461 735 448 428
140 819 273 461 735
428 676 428 579
794 335 322
269 428 676
592 933 139
164 592 428 46
269 933 45
592 322 335 164
269 643 269 657
164 447 473 447 46
269 428 322 448 428
448 461
269 140 429 592 448
428 140 139
269 461 735
272 269 140
334 15 446 45
428 335 322 929
15 139 446
15 461 819 273 45
446 322 334 269 428
322 933 139 446 335
933 448 274
429 164 446 45
592 447 46 274
322 461 269
140 272 15 139 322
819 140 164
15 322 735 592 592
140 735 322 322
45 124 429 45 274
735 140 735
461 447 164 139
929 929 579 428
461 447 429 428
334 164 446 46
335 139 139
617 592 446 592
448 216 216 273
335 269 216 140
139 428 461 592 140
46 274 46 448 446
15 429 592 429
273 216 592 139 45
819 139 273
579 429 448
45 272 334
269 140 929 929
322 794 322 929
15 335 933 45
428 446 448
46 447 447 322 335
447 461 592 592
272 429 272
273 216 592
461 447 933 335
164 579 15 269
216 461 448
617 140 446 46
838 45 164
760 335 447 139 819
15 592 446
216 164 735
269 447 446 269
139 273 272
15 216 461 269
929 929 334 46
446 45 273 274 272
448 45 447 446
164 216 269 617
447 933 446
15 269 448 335 461
15 16 46 579
272 446 592 272
448 140 929 140
216 273 579 448
45 139 933 933
272 447 933
15 139 429 334 15
139 322 272 446
273 301 140 735
322 447 164
735 322 269
447 164 174 854
933 334 334 579 929
335 322 322 448 15
269 16 424 124 592
322 933 322 794 322
45 446 933 45
461 819
322 447 448
272 334 322 735
933 322 676 428
45 447 933 429 269
447 428 335
140 83 46 334 933
428 216 273 461
446 335 933
448 847 448
448 428 274
579 929 269
448 933 929 429
45 162 45 428 676
274 216 15 929
272 273 273
838 45 15
592 274 592
335 447 933 335 794
446 428 15 322 735
933 447 579 447
735 592 933 429
273 216 461 819 461
269 272 334
929 322 735
579 592 446
334 15 322
269 322 448
447 139 46
45 140 428 447
429 579 929
447 446 461
273 461 592 592 461
216 139 819 461 139
139 592 617
45 424 139 273
46 428 107 45
933 929 140 735 322
272 461 448 448
429 274 269
579 447 446
46 216 429
428 428 216
760 592 929 592 269
933 334 274 592
139 334 164 45
274 549 274
429 274 334 46
140 448 216
929 322 446
334 274 334 140 164
272 446 592
428 446 429 273
45 46 322
335 448 447 812 448
592 429 429 335
334 933 335 15
139 933 447 448 45
322 46 334
335 933 448 139
140 819 273 15 933
164 429 579 216
322 164 140 929 164
139 933 46
446 13 461
322 139 15 541 15
139 429 448 447 446
448 334 139
216 429 164 322
446 446 322 794
592 272 461 322
428 447 139 273
164 429 139
164 535 164
164 428 592
46 473 371 174 164
446 447 579 929
428 335 933
461 269 45
446 269 446
272 579 164 216 429
447 447 447 45
429 140 322 447 448
15 446 269
429 272 272
15 429 164
933 269 334
139 448 273
322 139 15
447 429 428 447
448 447 335
269 139 322
272 617 140
164 428 447
592 335 164 429 273
447 592 15 272
335 461 448
579 448 46 461 735
274 429 322 461 272
272 272 617
45 335 929
446 322 448
269 164 139
140 429 46
448 617 140
929 15 322 933 447
617 592 334 334 429
139 447 446 164
448 269 617 140
15 592 322
428 274 46 139
461 322 15
933 335 164 334 592
272 164 269 446
273 13 322
46 273 140
579 429 335 139
933 322 446
933 335 933
448 274 46 579
269 579 334 139 334
592 933 334
579 592 15 760
269 174 269 139
447 140 216
322 929 15
335 428 447 46
446 933 139 447
929 429 929 140
657 269 617 269
45 46 16 164
140 334 579 164
819 273 15 933
46 322 273 819 139
45 448 461
216 139 819 461
15 164
428 592 274 592
322 933 269 933 929
735 269 15 929
334 322 676 322 269
15 216 46 164 139
164 63 520 89 933
335 760 592 15
322 429 216 592
592 446 322 322
461 735 461
274 428 579 15
269 929 140 735
164 929 334 579
335 335 334 15
446 46
446 322 269
428 140 592 322 447
429 461 429 269 735
322 164 428 139 216
164 335 139 322
139 448 272 579
139 461 45 140
579 46 429 334 448
269 446 579 335
139 819 273 216 579
760 15 164 273 46
139 139
592 429 164 446
322 448 579 216
335 933
760 335 164 447 269
322 933 446
334 579 428 335
735 461 447
929 322 45
933 335 929 269
579 216 140
448 592 164 269 216
794 322 15 216 140
335 929 164 335 334
446 428 429
164 272 269 269 657
446 15 334
446 447 579 272
15 429 272
45 164 140
46 933 448
579 334 334 272 617
592 446 592 735 269
274 273 592 335 446
46 164 447
579 446
448 735 140 448
140 819 139 216
446 428 447
448 812 46 461
45 828 796
139 446 164 164
448 164 139
428 676 322 735 322
446 272 15 929
139 322 272 216
15 933 447 933 46
429 428 15 334
428 579 579 592 929
140 461 624 461 735
428 160 362 956 933
446 429 428 164
429 929 335
461 429 448
274 335 140
46 140 448
46 216 592 461
933 447 334 929 929
15 269 933 139
45 139 933 933 929
140 272 592
322 272 15
428 428 429 269 447
448 335 592 269
335 334 15 334
139 335 140 448 446
334 448 216
929 429 448 216
447 272 140 592
592 272 448 735
139 322 429 45 461
933 45
592 929 335 461 273
139 428 676 322 140
45 335 428
139 424 164
335 929 335 933 15
461 448 335 592
447 322 45 274 216
216 579 335 579 46
274 263 527 424 139
273 273 274
46 300 269
461 429 273
447 335 446 139
46 272 272 334
274 334 933 933 334
838 45 139
447 461 216 446 322
274 269 929 335
335 45 838
140 592 274 269 735
272 617 592 15 322
164 579 334
447 335 592
446 447 164 428 15
273 45 461 15 429
164 447 139 107 139
448 448
794 322 929 579 273
139 581 139 334
428 140 592 274
461 429 45 139 428
335 592 15
579 579 579 272 164
139 45 140 272
933 322 794 335 760
447 428 15
164 322 933
592 322 592 447 429
334 274
334 592 579 334 334
46 216 164
164 446 447
322 272 448
447 461 735 592
676 322 140 461
15 579 164
461 322 46
45 933 46
592 15 760
216 273 579 447 429
446 334 579 446
592 273 592 269 428
15 929 579
429 929 429 164
269 473 269 933 334
334 322 533 461
45 447 334
46 334 579 448
335 461 15 322
592 269 164
139 933 592 617 272
273 273 15
448 592 140 448
428 812 448 933 322
335 446 446 461
592 274 46
794 335 760 592 140
45 335 335
140 541 140 644 140
272 45 269
15 541 140
46 448 45
139 216 273 429 933
164 429 272
216 428 461 429 428
272 322 322 461
461 429 429 139
45 139
269 216 579 216
676 322 45
929 15 273 461
335 322 269 269
448 140 461 273 429
15 334 429 269
274 429 45 448
461 273 429 274 273
579 46 933 334 429
448 448 484 448 272
164 322 794
933 139 140
273 269 428 448
446 139 447
929 592 447 45
735 448 447 269
322 461 592
140 216
15 579
272 140 735
164 13 13 164
322 794 322 429 933
933 15 446
335 164 273 15
272 140
933 139 139 447
429 461 269 45
164 216 46
15 273 592 274
579 429 446
216 274 334 592 164
216 429 429
448 140 428
428 579 428
272 164 335 794
428 592 273
446 15 273
139 216 446 272
139 335 45
335 592 46
139 46 428 447
447 448 933
272 579 579 579
429 164 929 579
140 929 164
446 164 448 933 15
45 812 461 45
334 164 592
139 447 269
334 139 429 139
929 579 335
335 448 446 448
46 828 46
446 335 446 269
216 446 139 448 933
335 164 46 446
447 428 579 335
447 140 617
273 269 107 45 139
592 274 335 933
322 322 933
272 274 429
269 933 592 269 140
428 140 592 322
140 140 819 273
272 461 447 45
579 579 216 428 322
322 322 676
164 334
164 96 4 812 45
45 838 124 335
274 140 301 428
446 446 429
929 335 164 16 45
45 273 819 140 15
446 579 929 335
139 428 428
15 760
448 617 592 617 272
140 274 428 322
335 933 269 274 216
45 429 45
429 448 448 429 274
273 592 269 428 322
446 429 274 334
274 334 334
929 592 447
46 273 272 274
448 592 139
269 334 933 46 448
429 448 335
929 933 929 269
760 592 617 592
446 579
446 335 461 335
269 272 428
676 322 269
274 428 429 164 428
461 592 592 461 273
447 140 164
46 46 446 45
272 272 428
334 929 579
334 272 272 273
139 933 15 273
140 64 164 929
273 139 274
579 272 812 140
446 140 429
335 322 929
164 429 272 46
676 322 272 447 428
269 216 592 933
461 735 592 269
447 933 448 735 461
579 592 322
447 322 929 15 335
322 592 447
334 929 592 929
929 334 274 335 164
139 334 164
15 592 272 46
274 592 461 448
933 322 269
