242 926 158 210
963 158 233
235 252 234 233 210
210 926 926 927
209 83 233 494 233
158 239 238 963
599 708 599
244 244 241 209 631
243 210 238 159
930 927 241 241
210 211 238 158
244 84 243
927 241 240
209 158 639
239 238 243 238
234 235 610 235 234
319 236 234 238
242 926 963 926
210 810 87 236
243 930 669 5 242
234 242 234
235 234 319
234 639 234 239
242 242 210 244
241 236 241 237
926 158 238 930
963 240 159 926
243 236 242 977
244 241 242 963
239 63 210
243 209
234 5 211 240 241
238 235 210
931 963 240 241 158
210 241 240
210 927 926 237
158 926 931 930 235
564 242 879 242
930 235 233 637
926 931 599 209 963
158 158 238
235 319 235 234
234 233 241
237 963 926
927 234 927
243 237 587 209
244 243 244
209 240 159
159 963 242 241
241 963 930 930 243
927 234 963 209
631 159 927 927
564 164 13 210
159 244 243
931 931 243
243 235 238
238 241 241 243
931 240
236 963 930
233 441 360 235 238
233 366 249 87 236
234 927 210
210 159 159
564 242 235 963 243
241 237 241
209 241 244 159
209 235 209
238 302 238
235 242 234
240 243 931 234 639
235 158 105 243
240 931 931 963
599 132 158 158 238
233 58 159 963
241 241 234
209 599 132 599
977 977 209 242 243
238 963 926 158
209 631 159 233
238 241 233
234 828 234 235
927 930 158 237
159 963 236 238
237 5 242 238
209 237 244 243
243 930 235
242 236 243 159 963
233 252 237
234 240 237 159 238
243 241 238
238 238 235
236 242 209 158
963 238 241 963
242 879 242 242 963
564 304 599 242 233
158 926 927 237
235 238 931 927 237
237 209 977
244 234 926 210
244 158 241 210
233 242 241 238
158 159 963
235 242 236
209 631 631 631 159
244 241 240 241
241 241 963 241
239 238 963
930 963 243
158 233 241 210
210 158
234 931 158 564
239 3 55 950 963
236 243 252 241
963 319 319
158 927 930
930 243 241 927
233 235 243
235 234 637 233
244 420 5 215 159
241 244 158 235 319
234 237 963
209 209 599
244 963 236 210
238 210 242 926 931
244 236 241
631 209 242
210 159 931
241 238 209 209
963 234 235
243 58 305 137 210
564 242 209
234 244 241 159
239 233
159 243 238
631 209 240
240 236 235 243
234 282 210
930 931 930 243
158 546 850 546 158
238 242 210 235
158 235 236
242 159 931 158
238 209 599
931 927 159 243 963
235 233 238
930 927 963 243
241 158 209 158
637 637 637 234 240
927 159
210 305 89 159
237 927 237 240
158 926 927
240 242
236 243 507 243
931 927 241 241 241
234 64 466 86 963
244 13 236 587 237
210 283 209
242 963 87 546 963
158 159 234 931
234 637 637 637 234
236 233 239
927 930 931 234 637
930 669 930 931 963
235 360 235
209 319 234 931 158
930 236 240 235 158
210 927 963 236
238 930 234
234 159 244 159
240 242 926 963 926
242 963 926 159
243 930 243
631 159 926 931 238
963 209 564
158 237
963 242 879
931 238 239
238 963 237
159 244 158 82 209
926 963 154 963
930 235 233
242 210 238
210 244 303 210
977 977 242 235 238
236 243 241 244 159
233 243 240
233 243 158
927 927 241 242
209 241 210
234 5 305 243
209 977 977 209
963 244 233 637 637
235 610 235
240 235 5 235
927 158 963 160 234
238 235 234
237 319 237 158 927
209 244 420 209
159 234 926
159 238 931
639 234 238
209 159 210
209 236 238
159 233 236
237 319 158 243 237
238 233 637 637 234
234 930 238 210
158 235 240
209 587 237
242 234 637
240 158 234
241 242 926
243 244 238
599 931 240
241 963 237 963
159 927 926 926
926 926 930 158
240 963 926 158
234 926 159 244 243
238 236 235
242 879 242 241
237 240 11 159 244
926 930 158 244
926 926 963 236 244
930 235 319
234 927 241 240 159
159 927 927 930
239 234 242 977
244 234 639 639
242 234 931 234 241
240 242 158
244 236
963 241 234
238 234 240
235 242
243 159 252 238
243 926 931 963 241
209 159 159
931 927 237
235 244 244 235 234
238 237 234
240 931 931 599
159 927 927 158
243 241 240
234 96 242
233 159 240 240 209
242 106 210
159 927 926 963
233 244 244
158 237 963
234 931 238
238 158 241
159 963 236 238 239
236 235 234
926 926 210
242 243 926 234
159 238 233
926 242 240 236 930
963 319 963 243
233 158 930
931 930 235
927 926 926 242
963 241 234 158
241 237 237
963 236
159 234 159 210
210 927 930 931 234
926 927 237 159
237 243
963 319 236 241
926 158 236
236 241 233
631 159 158 237 926
209 235
236 930 243 241 927
931 159
159 238 241
930 158 239 243 926
234 242 927
158 234 238
238 159 242
240 237 244
209 82 209 631
210 233 240 963 242
631 209 236 209
233 84 210 242 241
237 209 235
235 240 242 879
237 319 235
233 233 241 209
238 243 244 963
238 158 158 244
926 931 930 235
234 237 240 236
241 234 926 926 963
237 926 159
237 963
158 926
926 210 87 236
236 238
637 234 927 210
963 237 159
242 235 244 209
238 963 931
240 241 244 241
209 240 241 238
926 926 158 243
210 158 243
879 242 241 238
209 241 963 237
234 82 210 233
158 239 158 238
235 238 930 930
244 238 931 238
319 234 931
926 926 237 963 235
926 159 244 244
238 235 244
158 62 238 159
930 243 240
237 238 243 235 244
210 235 238
242 927 931 963
564 686 301 963
239 158
234 158 639 234 926
243 237 241 927 930
210 300 158
159 927 931 930 236
238 931 243 242
244 237 240 234 234
209 249 3 599
926 926 930 930 235
244 158 159 209 237
237 236 159
243 859 243 239
236 158 243
237 240 963 926 158
931 243 244
159 963 240 233 234
238 86 238 158
238 239 13 238
235 238 0 0 238
238 243 58 612 963
158 931 158 931
319 963 158 210
930 927 926 927
240 241 244 235
242 927 237 234
237 237 159 233
238 159 238
209 286 635 137 210
159 236 319 209
236 46 300 145 234
931 926 234 233 233
963 926 927
158 159 159
238 243 238 931
159 238
963 236 238
930 926 930
319 235 244
244 210 244 209
963 142 236 158 238
243 235 930
238 159 963 235
158 236 233
234 931 301 930 926
210 233 234 159 158
158 931 210 210 159
234 158 319
237 963 158
158 931 159
210 927 930 931 210
209 977 242 879
237 319 963 236
234 96 236
209 64 926
241 237 159 244 238
926 927 210 234
234 930 927 237 210
158 159 927 926 242
158 926 930
234 241 238 237
210 160 963
158 564
244 13 239
242 234 637 234
234 927 931
243 209 209
240 235 158 159 963
239 243 233
927 963 238 64 234
639 639 639 158
233 70 84 244 209
879 242 210
926 234 233 174 158
234 237 233 240
240 237 209
158 319 319
240 931 931 963 927
243 235 240 209
158 930 926 158
930 234 926
235 234 239 243
209 160 158 963 237
926 242 927 159
931 243 243 209
158 950 243 930 238
235 319 319
235 240 209
159 926 926 963
240 242 235 242
930 158 237
236 241 234
926 159
237 240 234 234 210
242 237 927
210 244 237
158 158 239 233
319 243 236
977 242 241 210 238
237 159 237
159 926 931
209 637 234
239 373 240
319 243 963
210 241 209 236 242
240 159 210 236
158 158 244 243 235
599 158 238
236 159 159 237
209 977 209 977 209
926 926 927 210 209
237 242 879
233 932 237 209
236 963 238
238 89 809 132 234
209 236 210
239 234 242 235
234 637 637 234
963 931 926 242
236 242 927 234
209 319 319 158
238 235 242 158
963 927 234 927 210
931 159 159 242 241
963 242 879 242 240
927 927 927
238 159 159
244 243
963 242 235
234 235 242
209 236 235
233 88 304 599
240 234
209 237 234 209
631 209 631 159
931 926 210
926 159 241 238
926 243 210
210 927 963 236 210
159 927 930
930 963 927 926 210
236 249 210
209 812 209
159 931 240
159 927 926
233 158 639 158
234 242 235 158
209 564 242 879
927 927 963
244 159 963
236 242 963
242 879 242 238 237
963 931 234 159 927
234 637 234 96 236
930 236 240
237 927 242
159 926 926 963 236
158 240 931 159
238 238 238
240 237 236 244
209 235 319
234 828 612 963 158
639 639 234 239 243
159 242 977
243 963 243
241 927 930 158
926 234 319
159 238 930 234
209 158 244 235
240 242 158 209
234 234 927 930
963 546 158
233 63 209
235 159 931 238
209 137 194 238
243 238 931 243
879 242 209 243
931 243 209 210
243 926 927 241
209 546 158
927 930 927
209 158 963 235
234 930 931
158 963 927 234
243 234 931 210
237 243 240
236 62 820 159
237 159 631
158 89 89 132 242
931 301 930 926
599 158 237
233 237 244
927 241 963 209
158 159 963 236
927 158 243
159 926 926 237 963
243 234 237
927 241 238
240 159 242
963 238 64 234
631 159 210 234
233 233 241
238 622 238 235
238 930 158 159
237 927 237 240 241
210 927 234
242 234 931
234 319 237 237 238
240 931 930 963 242
210 236 241 238
240 57 252 233
241 241 927 963
209 233 366 233
239 3 210 244
239 243 235 159 238
879 242 977
242 233 233 240 235
240 931 930
930 931 210
159 242 240 242 234
235 159
159 234 930
241 236 241
238 930 927 234
599 242 241 234
158 963 241 238 963
243 963 963 244 243
242 243 233
963 963 210
210 290 643 963 237
237 242 132 599
159 243 241 210
637 234 927 963
210 132 234
963 931 963 241
631 209 637
239 234 926 927 159
238 242 235
210 255 210
209 303 210
244 234 319 209
238 159 926 926
927 210 240 240 233
243 244 159 234
963 926 234 240 237
242 236 243
233 238 233
926 930 926 926
241 240 241 243
158 927 158 234
158 240 235 234 637
243 235 236 240
210 300 210 237 234
234 927 930 235
233 166 233
158 931 599
237 926 210 244
926 930 235
244 64 234
209 242 564 564 158
238 239 243
243 241 158 319
637 637 234 243 234
158 63 233
236 241 237 236
599 242 210
209 234 96 242 234
210 183 210
927 159 237
243 233 243
930 158 159
238 244
158 319 243 240
963 240 963
241 238 930
238 234 242
240 159 210 236 238
238 234 241 158 930
927 210 238
234 243 234
963 235 159 236
236 930 927 210
209 209 159 927 926
209 977 242 879 242
158 236 244
238 235 240
244 243 926 210
210 209 159 238
210 252 159 926
159 926 963
926 237 159
599 209 128 303 209
158 239 243 235
235 244 159 242 233
159 243 235 236
927 931 930 236
159 236 244 963
242 233 240
233 158 319
926 234 233
209 319 160 158 209
158 241 242 233
210 242 963
927 926 237 926 930
233 243
233 586 131 963 319
931 234 931 158 564
237 240 237 158 240
238 238 158
243 236 241
158 931 158 239 238
243 237
158 926 927 930
158 237 238 963 236
158 926 159 209
159 241 234 242
210 158 233 234
238 62 237 234
159 159 234
233 243 238
927 931 927 159 241
242 121 234
233 70 84 244
244 158 82 209 209
158 237 926 243 963
243 241 927
238 210 158
963 927 926 926 158
158 132 158
927 931 599
233 243 235 242
209 963 238
210 233 236 158 233
210 233 238
931 234 238
930 927
963 243 242
159 931 926
243 242 234 158
237 238 963 236
927 241 241 241 237
241 234 963
238 235 242
243 237 927 210 158
927 926 963 243
243 859 932 233
159 237 240 159
927 926 927 234
237 162 252 243
233 441 233 234
233 236 236
240 235 238 158
239 234 237 241
233 243 252 241 241
931 210 158 210
243 319 236 234 238
158 210 240
243 240 242 240
240 11 209 210
243 963 931 926
963 240 931 926 159
963 931 926 926
159 926 931 930
237 927 926
241 209 637 637 233
319 235 242 243
240 931 234 963 236
242 235 242
158 319 237 237
931 234 235 240
243 233 239 234
210 235 158 926 159
238 239 158 243
234 82 445 160 237
927 242 210
234 159 210
926 931 5 931 234
235 240 241
319 209 637
963 930 930
243 238 158 241 233
240 931 159 243
235 930 926 927
243 241 233 637
930 930 235
242 241 241 243
159 234 239
236 244 243 926 242
319 963 926 242
240 158 244
926 931 927
209 234 243 158 210
210 254 404 234
158 927 242
234 926 930 927
239 243 240 242
233 234 242
319 243 240
237 242
931 927 931 926 927
242 240 234 639
234 238 210
930 926 930 236
243 244 237 240
930 963
963 238
159 963 240
234 252 83 70 233
209 159 243
209 83 233
926 927 237 238
210 158 930 927 963
234 236 211 240
238 235 234 243 926
244 238 241 237 243
237 927 931
234 242 240
977 242 564 242 242
239 243 235 159
241 240 241 210
234 639 158 209
234 930 238 235 234
319 209 424 210
244 159 243 235
158 237 159
930 926 927 210
236 158 599
241 159 210
238 209 236
210 241 209 236
209 42 209 210
241 242 158 236
240 931 243 926
243 238 243
927 927 926 963 234
235 159 236 158 243
927 930 926
241 234 926 926
240 235 158 159
158 927 926 237
927 234 82 210 233
234 236 240 240 240
930 930 158 926 243
234 210 238
209 241 236
239 3 210
159 237 237
234 926 930 926
243 159 242 927
233 159 931
237 319 963 236 244
241 498 241 963
930 243 233
240 241 158 158 234
235 244 241
159 237 242 132 599
238 159 963
926 237 319 319
235 963 243 926
237 926 242 237
210 963 237
240 210 210 235 158
237 927 931 243
599 242 879 242
930 927 926
210 926 242
319 319 319 319 209
158 926 237
238 235 238 931
242 235 236
234 159 158 237
963 235 159 236 158
637 234 209 977 209
242 926 237 5 237
931 963 236 930
963 244 243 244 234
209 249 209
210 240 237 159
599 708 86 166 242
234 241 159 242
240 233 233
963 931 926 927
235 244 210
234 239 243 240
240 241 238 209 209
927 241 963 209 234
159 235
210 243 241 244
210 931 240
963 158 210
234 927 241
963 612 2 158
237 927 234 930
564 876 564 564 242
242 977 209 131 209
236 587 237 240
244 303 210
240 242 879
930 926 234 240 158
243 507 243 209
235 930 926 242 926
210 931 159 240
244 159 927 158 233
240 241
637 234 963
234 237 587 209
210 926 158 242
210 242 210
242 977 242 926
241 244 241
159 242
241 236 242 927
927 159 963
931 210 183 513 210
236 243 241
242 240 233 235
159 160 338 564 209
930 158 244 236
319 236 243
930 930 301 926 158
241 963 926 159
158 159 235 240
244 236 319 209
235 5 235 240
241 927 927 158 236
242 237 238 158
237 927 210 158
639 234 235 242
210 926 158 159
240 931 210
243 241 159
240 233 637 234
963 236 241
237 319 319 236
159 159 235 238
564 158 927
564 304 564
599 931 927 158
209 631 209
238 963 236 241
235 233 244
234 158 241
210 234 159
235 303 242 235 233
236 243 241 240 241
158 926 159 234
931 240 241
159 233 237 240
233 612 404 234 236
240 241 243
243 159 235
235 234 243 926
963 235 240
926 242 105 236
159 243 210
879 242 234
159 241 927
242 159 237
319 963 158 238
158 927 241
631 209 977 209
242 159 243
234 963 319 963 243
963 930 243
210 46 210
243 210 235
963 926 242 927 234
210 244 244
236 587 236 210
927 159 234
240 159 243 241
234 233 233 234 210
209 82 209
236 587 237 209
210 237 240 158
158 930 238 234 240
963 159 931
241 237 243
243 158 241 243
234 637 234 234
210 243 210
927 927 210
234 963 234
963 158 241 244
234 930 927
209 234 930 238 210
931 243 926 930
233 243 159 243
242 235 159
242 879
159 240 931
236 237 243 209 234
237 210 290 643 963
158 137 4 239
242 241 233
236 930 963 319 236
239 238 243 209
930 208 481 83 236
235 233 241
927 237 234
233 244 236
926 159 244 243 963
209 240 234
234 242 243 244
159 158 237 926
319 235 5 236
158 319 319 243
158 241 237 927
927 930 926 234
927 241 233
241 159 158
210 931 210
242 879 242 926 243
234 930 236
879 242 13 137 210
158 89 215 434 233
237 926 243 233
242 238 241 237
243 242 234
931 599 3 599 158
243 159 209
242 233 932 237
319 235 236 319
242 209 243
242 963 926 927 930
237 234 930
159 927 927 963
926 931 930 927
931 159 243 234 237
927 926 931 238
237 244 233
242 132 236
242 599 931
631 631 631 159 234
927 927 927 241 236
159 89 10 564
237 237 209 238
209 244 963
159 241 927 210
235 159 238
234 233 159
158 243 233 241
209 238 237
237 209 639
242 241 236
926 243 931
236 252 84 243
233 210
243 319 243 926
234 587 238
931 963 240
319 209 424 210 241
236 237 243 209
237 926 930 926 926
243 237 210
243 105 243 237
237 243 926
564 208 434 236 158
931 294 931 210 233
319 158 244
237 238 963 931
238 236 83 236
931 243 613 243
319 243 537 243
158 319 243
242 241 242 879
243 64 209
963 404 518 405 158
234 243 159 235
236 158 639 158 930
237 210 209
926 963 963 931 930
236 240 240
234 931 159
234 242 235
241 158 319 243 240
927 926 926 158
233 242 233 233 241
234 963 234 963
243 58 58 546 209
930 158 931
243 244 241
236 963 242
240 159 927 931 159
238 243 236
930 158 319 319
243 241 210
210 209 158
243 235 319 319 158
931 210 158 599
209 924 209
930 963 241
244 158 242
241 240 234
931 234 931 234
242 240 240 159 243
243 963 926
241 237 927 159
158 238 235
159 244 237 158
237 926 926 930 930
931 931 927 237
159 434 64 234
243 319 235
240 242 240 240 159
234 241 236
243 240 159 210 236
235 240 236 238 243
930 963 241 927 926
242 926 931 930 963
244 963 243
927 234 926
209 241 240
159 62 233
244 158 238
241 963 931 931 240
159 238 241 209 637
564 589 282 210
234 244 233 88 209
235 234 240
241 210 240
930 927 159
158 564 209
236 159 926
210 233 236
599 209 963
236 209 241 234
963 235 930 158 639
209 242 209
158 237 963 931 927
210 255 105 243
233 254 404 234
631 209 238 236 159
209 637 234 235 238
963 931 927 237 158
237 234 828 234
319 209 236
242 233 158 242
963 234 239 158
931 234 319 158
158 235 243 244
158 926 930 930
242 233 233 241
236 244 243 926
239 13 121 654 233
234 242 240 209
238 235 319 236
926 243 244 235
639 234 319 237
926 930 930 926
233 158 242 927 241
241 241 244
241 158 237
159 242 238
158 963 237 209
210 927 237
244 58 131 963
236 963 319 209 209
926 930 931
209 210 963
237 209 158
237 927 210
159 252 611 5 237
233 460 233
963 319 243
639 158 931
240 241 210
926 210 210 236 235
931 240 241 159 158
631 159 926 931
159 241 158 319 243
158 931
244 237 926
234 235 240 424 237
210 234 238 237
236 158 926
243 236 210 240
233 460 233 158 158
879 242 977 242 926
240 963 241 240
243 930 234 931
234 242 926
243 158 237 233 239
235 234 240 209
210 305 210 234 210
234 930 926
926 931 240 931
210 931 159
210 244 84 209 599
926 930 236 243
209 209 238
963 234 240
235 252 244
237 242 210
927 930 931 234
234 244 244 241
931 930 235 238
242 242 927 158
243 537 781 537 243
319 158 242
210 241 234 963
319 319 963 234
233 238 622 238
244 420 244 238 239
963 404 615 243
599 931 963 237 209
244 210 244
209 564 242 879 242
244 233 159
234 242 243
963 235 158
926 210 16 210
244 238 241 237
963 235 210
243 242 158 62 238
238 234 241 158
240 243 930
244 810 210
244 234
238 241 233 237 210
963 963 159
237 210 963 927
234 242 879 242
926 930 236 240 235
159 238 241 158
209 56 921 930
242 963 926 159 244
637 637 637 637
159 237 241 242
930 158 242 963
240 158 241 240
927 963 237
158 434 87 62 209
931 599 242 234 158
240 236 237 243 963
931 926 927 237 159
209 319
631 209 631 159 927
637 234 926
242 963 242 210
238 234 319 319
239 243 241 233
242 241 242
963 926 242 599
235 244 209 639
210 241 240 233
234 241 237
237 62 236
210 927 963 244 234
319 237 963
209 233 244 238
210 638 158 236
243 233 241 240 159
243 239 238
210 210 300 210
240 242 233
159 209
243 241 240 241 210
158 235 930 158
159 235 930 926 242
210 931 159 240 931
237 243 159 631
238 234 159
209 242 159 233
237 243 159
237 209 233
236 303 58 373 243
240 235 234
233 234 159 158
159 963 927
243 158 243
243 238 158 319 237
242 235 963 243 159
926 234 240 158
243 963 238
242 234 234 930 930
210 238 158
963 209 234
210 3 160 83 209
930 963 930 236 238
209 977 209 977
210 927 242 238
158 639 158
233 601 209 319
236 930 243
233 234 319 235 238
241 242 599
209 637 209 209
159 927 927 237 158
233 254 129 210
240 158 240 210
926 931 301 931
243 963 319 243
210 114 166 209
243 238 210
930 208 236
158 237 963 931
237 159 237 158
237 244 234 244
234 236 240 240
233 252 238 209
235 319 237
237 963 931
238 506 856 83 963
233 209 174 158
233 366 233
241 927 926 963
210 158 930 234
209 237 236 209
236 234 236 211 240
927 926 931
159 303 121 242
236 240 235 158
159 236 158 243 236
927 237 244
234 931 294 931
926 926 930 930
241 244 810 210
158 238 234
637 637 234 930
963 243 926 243
234 239 238 239
159 210 236
639 639 234 236
236 319 319
926 210 233 236 158
233 243 235
240 240
243 319 234
244 810 244
639 158 927 158 234
927 210 236 242
240 234 963 82 236
977 242 599 242
159 244 159
631 209 271 412 243
242 209 977 242 879
158 159 931
926 931 930 963
234 930
931 5 931
963 963 236
244 235 236
236 963 931
931 926
234 236 242
927 927 926 242 159
926 242 210
243 319
930 243 237
242 926 237
210 210 236 235
233 932 236 236
240 234 926
234 58 243
210 238 241
926 927 159
977 209 209 158
159 234 242
239 243 158
234 927 210 238
927 242 240 159
931 240 209
233 242 238
158 963 926 931 930
240 241 240
930 931 963 236
963 158 926
637 637 234 926
879 242 236
564 158 159 158 158
237 158 243
879 242 599 209
931 240 242 564 209
242 241 241 159
963 238 233 235
238 963 931 927
159 926 926
234 238 236
236 238 241
963 244 243
963 158 238 243 241
209 240 241
158 241 236 159
931 210 160 319
319 243 233 209
926 234 927 927 927
236 209 237 238
210 233 240 963
239 158 160 128 209
930 158 174 237
963 930 930 243 240
242 233 237 233
244 236 242 235
963 930 236
237 238 243
159 159 927 234
963 932 249 209
237 240 236 244
236 209 963
240 210 303 244
926 931 238
238 241 963
235 243 237 159 631
243 243 238 243
243 244
930 236 241
599 3 239 243 319
242 243 931 158
241 242 879
926 242
319 236 269 810 210
235 242 599
319 236 158 159
158 238 210
233 166 426 82 210
210 233 243
210 243
243 252 241
236 62 238
233 174 158 239
237 240 158 158
931 240 931
930 238 930 927 234
233 62 242
963 234 241
241 210 252 237
926 931 926 158
209 235 610 610 235
158 319 107 319 236
243 241 244 159
235 238 235
242 233 158
243 926 237
243 236 210
237 319 158 599
242 240 233 637
244 233
234 236 241 236
244 237 241 237 319
237 234 639
159 440 399 183 210
238 930 926 930 236
243 234 931 930
238 931 927
637 234 234
977 977 242
926 926 930 158 244
599 158 931
879 242 237
319 237 243
209 243 158
963 963 237
879 242 240
963 927 927 931
235 240 240
233 234 159 158 237
233 433 233
234 927 241 241 236
241 241 963 930
241 238 236 235
319 237 237
237 587 209 599 209
927 241 241 242 243
242 240 240 159
234 639 639 234 242
233 244 64 234 238
238 235
319 235 240 235
238 252 237 209
963 319 963 243 963
236 241 927
242 235 242 158
158 243 241
564 263 686 564
235 236 319 236
930 301 926 158
233 532 132 532 233
242 241 927 963 963
210 174 62 209
233 234 243
233 254 142 210
209 241 209
927 234 145 233
238 931 927 237 240
977 209 234 210
242 233 235
242 234 639
159 927
926 926 926 210
963 926 931
209 241 159
927 158 963
240 241 238 457 238
235 243 234
930 930 243 240 963
926 210 159
631 159 926 931 930
235 240 233 238
210 242 564
210 238 234
234 159 158 158
931 294 931 243
234 963 241 236
238 159 236
236 209 237
209 546 209 236 930
239 234 242 235 158
209 977 977
236 930 927 930
926 926 158
963 241 159 210
240 241 236 963
927 963 963 241
236 238 931
240 237 926
159 234 639 639
237 244 243 926 210
210 3 236
240 236 237 243
209 243 239 158 244
158 238 210 84 233
242 926 931 158
235 930
235 233 637
243 132 243 244
930 931 927 963
977 242 977 209 209
319 236 241 233
233 236 234 236
210 235 244 159
243 233 233
158 132 106 210
244 159 209 240
237 927 234 145 233
319 237 319 237 158
931 926 926 930
210 303 244 233
926 234 319 158
158 239 233
242 234 927
242 132 208 210
963 932 236
236 240 237 209
931 158
159 236 244 963 926
599 242 233 242
233 932 237 209 235
209 209 159 927
963 241 244
237 158 930 243 158
158 963 237
236 87 484 290 210
977 242 599 242 977
599 3 599 158
239 158 963 209 244
926 237 238 244
564 158
243 859 303 242
931 240 241 210
241 237 242 243
209 42 209 237
238 235 963
963 237 244
931 963 242 236
235 234 240 158
244 235 238
963 319 319 237
236 238 234
238 210
210 303 244 233 159
242 927 926 159
930 927 926 926 926
242 238 622 238 237
233 158 319 319
243 234 931
599 242 210 926 210
927 927 927 241
240 243 237
159 963 235 244
243 236
233 637 233 238
963 238 243 210
963 234
233 159
241 158 930
241 927 927
236 235 240 242 879
210 252 237 233
930 243 242 132 234
963 926 159 244 244
233 424 209
158 62 159 926
319 319 243 926 210
209 240 236 237 319
238 252 209 209
158 242 209 319
236 243 159
236 235 244 963
233 174 210
158 931 234 244
243 820 820 243 963
240 237 234
243 239 233 237
210 236 930 243
564 190 282 210
319 235 234
240 237 237
239 158 963 241
158 639
236 209 243 926
977 242
926 210 210 236
235 242 209 209
931 927 159 238
240 234 637 234 209
242 210 238 243
210 237 158 963
209 174 158
963 234 158 926
209 160 209
242 234 474 234
236 159 927 931
239 238 236 244
243 240 235 236
241 240 234 963
241 159 234 926 926
209 963 240
927 234 930 238 235
209 631 631 209
241 158 319 158
240 241 159
931 927 159
927 931 599 242 234
639 234 239 243
240 159 242 242
931 5 243 243
210 638 564
234 927 158
238 242 243 242
927 926 242 240 236
159 927 242 599
234 926 927 159 159
210 210 234 210
233 243 242 879
234 269 592 241
242 132 242 233
237 243 209
236 319 243
963 930 963 242 564
927 241 234 926
599 304 564 564
234 238
239 158 233 235
319 235 243 238
240 235
242 238 234
242 234 244
237 243 209 234
159 240 240
930 236 233
236 159 926 242 233
244 237 240 209 210
159 210 926 927 237
209 237 240 235
237 927 926 931 238
927 927 159 241 242
237 319 234
241 963 243
159 243 234
240 234 587 234 209
237 926 930 236
926 927 210 209
233 637 234
158 963 241 238
564 242 927 242 240
237 238 243 235
977 977 977
244 237 162 237
241 240 233
599 3 89 158
977 242 238 235 242
963 927 926
963 241 234 963 963
236 930 234 319
926 242 233
233 158 242 927
243 209 637
239 238 236
926 242 240 236
237 927 930
237 244 210
319 235 319
233 474 154 963 236
599 481 252 243 233
240 236 237 319
238 241 210
243 411 864 411 243
233 238 209
158 963 240
242 210 238 243 158
243 930 927 926 927
236 587 234
237 238 931 930
244 241 209 631 631
963 241 233
963 927 242 879 242
243 42 190 564
240 242 879 242
977 209 235
234 209 240 237
243 239 158
243 209 303 159
243 210 963
240 210
234 242
233 241 240 241
243 926 963 963
931 301 930 926 159
931 159 240
209 637 637 233 235
319 243 240 159
159 241 158
237 238 236
639 638 158 639
243 373 243
240 963 927 926
241 210 252 237 233
233 234 319
209 209
236 158 234
234 244 237 241
233 434 158
930 926 930 238
599 158 210
637 637 637 637 637
236 319 235 319
238 931 930 158
240 235 234 637 233
240 963 240 210
639 158 235
238 239 238
158 240 234 963
236 233 241
237 5 5 243
926 930 158 244 236
242 238 210
977 209 160 209
963 242 159
159 210 240 158
238 210 159 235
209 237 244 210 237
926 963 926
234 234 240
209 174 158 963
209 963 319 209
631 209 236 209 209
242 963 243
210 242 234 235 319
930 235 158
926 930 243 238
210 234 243 242
238 233
233 241 241 237 241
209 160 158
931 927 158
637 637 233 244 209
236 154 236 159
233 243 235 244 209
233 424 210
210 927 926 237 926
242 599 209
879 242 927
564 158 930
238 241 158
159 927 158 159 926
233 158 240 236
210 158 240 931 159
926 210
927 159 238 238
243 159 631
927 963 930 926
159 244 158
210 234 238
209 977 977 977 209
930 926 930 931
931 159 237
238 238 235 240 241
244 159 209
209 236 930 927
319 319 234
926 930 930
233 637 233 637 233
235 238 239
236 208 132 210
233 601 238 963 240
242 927 927
930 158 159 927 926
238 239 13 238 241
234 319 243 963
235 319 237 241 927
210 236 242
239 243 243
238 963 927 963 210
963 236 930 930
931 599 209 963 242
244 241 210 233
927 931 963 931 931
234 233 233 234
240 234 319
242 927 234 234
926 237 244 209 240
240 233 637 234 639
244 159 243
963 87 546 963
637 637 209 159
241 209 963
239 243 244 238
210 963 240 240 241
236 963 234 241
235 158 243 963
927 158 239
159 235 930 926
159 963 238 158
963 963 242
233 210 159
238 235 242 210
234 237 240 158
963 950 243 234
234 241 237 209
243 963 242
243 244 963 240
977 977 242 241 242
963 930 926 237
238 236 159 927
210 242 879 242
241 158 209 158 241
158 209 209
241 159 159
931 240 242 564
210 237 158
930 926 210 242 241
237 927 210 236 242
210 209 977 242
243 243 930
236 235 930 926 927
234 241 210
158 132 236
158 236 241 927
159 237 158 319
237 963 319 235
241 963 209 234
209 240 236 237
210 931 234
158 926 931 930
564 63 169 63 243
243 242 235 234
237 252 241 244
242 879 242 209
233 242 977
237 240 237
242 243 931
963 926 234
241 209 637
210 254 210
238 210 242
963 950 166 252 244
931 931 158
631 159 233
236 236 533 63 599
210 351 94 13 238
234 587 237 243
243 234 637
240 242 926 963
236 269 810 210 963
233 244 238
931 234 159 927 926
240 159 241 927 241
564 2 158
235 963 237 963
236 235 930 927
238 963 931 234 931
242 241 927
931 234 238 158
931 234 637 234
238 158 319 237 237
159 252 234
209 243 926 210
238 242 240 931 243
927 241 241 236
242 236 930 243
564 209 631 159 234
236 243 159 963
235 96 236
233 145 234 209
319 236 241
233 366 233 243
241 236 210
244 963 926 159
599 931 930 236 233
319 963 927 234 931
637 234 145 233
236 235 930 927 241
931 159 235
159 58 159 234
963 243 244 241
879 242 235
977 242 237
240 243 931
209 631 159 243
238 931 158
927 210 240 234
244 159 927 234
235 244 244 235
210 233 210
931 159 927
639 639 234 242
238 622 238 210
235 210 926 210
234 235 158
931 599 3 599
158 243
963 238 930
244 238 86 238
243 158 242
242 879 242 237
234 209
159 931 210
926 242 599
237 963 546 158 930
210 243 241 963
233 158 239 234 237
240 233 238 622 238
639 639 639 234 236
238 758 238
235 233 238 242
564 303 235
210 931 158
241 927 963 963
242 210 244 159
319 158 238 241 237
210 963 240 240
241 237 237 233
242 238 241 237 242
977 242 235 238
235 240 233
319 107 319 236
234 241 237 234
209 424 303 209
963 931 234 241
931 599 209 963
158 240 235 234
209 236 235 319
242 241 210
930 234 244 159
243 244 963 240 210
879 242
234 234 234 158
159 237 5 235 209
243 930 927
926 234 239
599 158 931 926
931 930 236
242 209 963
238 233 159
237 963 210
631 209 564
234 132 210
242 241 158
927 926 242
158 931 243 930
159 209 238
234 234 930 930 158
237 238 244 158
159 235 210
209 237 963 210
239 238 209
963 930 235 240
319 237 234
235 963 243 234 241
238 622 238 587 234
233 237 238
930 926 210 158
210 158 599
236 234 233
930 926 210 235 209
209 319 237
209 631 209 236
238 412 615 963
210 240
599 63 62 159 927
237 234 238
319 234 233 159 234
237 238
241 244 243
926 926 931 210
564 638 210
931 240 236 235
234 236 240
236 235 158
209 424 147 83 210
210 158 237
240 241 209
599 211 402 420 235
242 879 242 927 241
238 62 404 643 963
963 859 194 57 240
977 209 963 242 235
927 927 159 241
243 209 140 46 210
159 237 241
241 158 234 242
159 631 631
240 241 238 236 235
243 234 931 930 234
963 926 927 930 963
242 243 244 237 240
599 3 599
931 243 507 243
209 13 239 158
210 240 240 233
236 240 235 238 158
931 926 927 210
235 159 236
238 239 158 239
319 237 238 235 240
209 319 160 158
238 243 237 159
639 158 927
243 963
930 927 927
209 237 238
931 243 243
159 238 241 233
243 243 319 235
241 210 235
637 209 319
239 234 233 244
236 240 234
233 236 587 238
238 239 238 506 238
927 234 241 237 234
564 258 564
234 242 236 209
159 241 158 241 158
977 977 209 963
243 209 209 599
238 931 159
242 236 238
241 238 931 238 242
931 159 243
209 587 832 587 236
963 160 234 235 158
319 235 240
240 235 319
240 233 235
233 239 243
977 209 243
235 233 282 209
159 927 158
209 241 963 243 233
236 244
237 159 210
244 234 238
240 241 238
963 927 241 963
159 243 235 236 240
234 319 243 963 243
159 926 159 237 233
931 930 927 930 930
243 507 243
233 174 158
238 930 235 244
926 243 243
244 158 238 209
158 237 926 243
