340 922 340
598 521 598
766 134 340
521 553 521 554 553
340 521 598 134
134 598 598
766 134
766 766 521 598 340
134 766 521 134 553
340 134 340
134 133 114 340
554 29 459 340
521 217 521 553 553
521 598 598 134
482 521 554
340 340
482 553 598
521 598 521 553 340
482 777 482
340 848 340
340 553 553 554
521 134 598 521 340
134 598 598
766 766 134 535 134
482 521
553 134 134
340 128 340
340 340 114 424 340
553 554 535 173 340
766 766 766 766
766 521 598 553 134
598 482 340
766 521 598 482
521 554 521 553 598
482 134
521 598 521 598 598
482 340 598 598
598 340 867 134 554
766 134 766 521
482 598 340
598 521 598
134 598 553 553 340
553 521 554
598 598 482
482 655 482
766 340 598
766 766 521 598
598 521 134 598
134 373 134
134 598 598 134
482 134 553
482 521 134
134 134 521 553 553
598 521 598 598
598 340 482
482 554 482 134
482 419 554 340
340 553 134
553 482 340
553 134
766 766 766 766
340 474 340
521 553 553 134 521
134 133 482
554 521 134
482 535 482
134 867 134 553
766 134 554 340
521 598 521 553 340
554 29 459 340
554 134 598
554 553 554
598 521 134
482 777 482 482
598 553 553
340 28 114 340
134 482
521 554 482
340 553 521 340
598 521 553
482 41 801 41 482
554 535 777 134
862 777 554 340
766 134 554
134 521 553 553 134
553 340 867 340
134 554 553 521
554 553 553
766 521 598 482
598 482 340
553 553 553 598 598
521 553 134
554 521 553 521 554
340 598 598 598
598 134 598
482 598 598
482 340 554
521 482 134 553 554
134 777 134
340 553 340 554 134
134 134 598 598 598
553 598 134 554 553
554 521 583 521
340 553 482
554 535 10 777 862
553 482 554 554
340 521 598 598
134 777 554 554 521
521 766 766 766
521 583 521 554
340 217 366 134
340 16 15 823 521
340 553 134 598
553 598 521 553 553
340 521 134
598 598 598 598
134 766 521 482
598 134 766 766 766
583 521 217 521
482 553 134
340 483 482
340 777 482
482 576 482
482 134 134 554
482 134 340
134 535 777 862
583 521 554 521
340 340 521 598 598
598 84 553
583 521 553 482
134 766 766 340
766 340 867 340
521 583 521 340
340 598 521
482 340 554
482 134 521
766 766 134 766 521
134 521 553
340 79 482
482 553 482
521 583
340 134 867 134 554
766 521 553 521
553 553 553 598
766 766 340
482 134 598
598 340 867 134 554
554 553 553 553
340 553 554 340
521 554 521 134
134 598 482 521
134 553 553 521 134
554 482 554 482
598 598 521 598
340 420 340
521 554 553 134
134 134 598 340
554 553
521 598 553 598 134
482 78 581 450 340
134 554 134 553 553
766 134 535 340
134 554 553 134
598 598 553 482
521 482 554
554 482
554 554 482 554
340 114 892 340
521 134 134 340
554 482 340
134 553
553 554 553 553
482 598 598 598
521 615 521
134 340
521 134 553 134
134 521 134 553 134
766 521 553 482
134 867 134 554
554 553 134 553 482
340 419 777 554 521
340 28 114 340
766 340 128 340
134 134 598 598 598
134 482
134 598 553
554 134 867 134
482 598 598 598
554 554 340
583 521 134 482
482 576 482 598
554 134 766 134
482 598 553 521
134 553 340
482 133 134 598 482
862 777 862 777 134
598 521 583 521
482 521 134 554
134 482 521 583 521
553 134 134
521 583 521
553 340 811 340
134 766 766 340
554 521 553 553 598
340 766 134 521
482 134 340
598 521 598 598
521 598 521 553 340
521 554 340
766 134 553 554 134
134 554 553 134
482 482 482 598
521 583 521 553 553
134 766 521 482
554 535 134
598 482 554 553
553 482 521
134 553 482 482
598 598 521 598 482
482 554 553
340 553 340 848 340
340 867 134 134
598 521 554
766 766
598 598 521 598 482
521 134 134 340
766 521 134 554
340 766 521 340
766 521 598 340
521 389 521 583
340 766 340 598
340 867 96 867 340
134 766 521 134 553
340 766 766 340
553 482 521
482 340 598 340
553 482 554 554
598 521 554 554
340 766 340
553 521 134
482 554 482 134
340 867 96 867 340
340 535 482 134 554
482 133 482
134 766 521 553 482
598 521 134
521 554 553 134
553 598 553 553 482
134 521 554 554 482
554 134 553 553 521
521 598 553 482
521 583 521 766 521
340 553 553 553 521
482 419 554
482 554 553
766 340 766 521 340
521 553 521
340 134
340 482 78 482
521 766 766 766 134
521 766 134 482
482 47 79 340
134 535 777 554
553 340
340 553 553 554
554 554
134 134 521 134
134 554 134 553
134 766 521 482 598
482 598 598 340
766 134 521 340
598 598 598
134 134 340
134 598 521
340 134 554
553 598 598
521 598 553 134 598
340 598 521 134
482 134 554 134
521 134 598 521 340
134 766 766
340 371 473 340
766 134 766
521 553 553 521
340 766 766 340
553 553 553 482
583 521 217 521 553
553 521 554 553 482
134 553 521 340
134 535 340
521 583 521 598
134 74 482 553
553 598 553 553 554
340 554 340
134 535 482
134 535 777 862
554 482 598
553 553 521 766 766
598 521
598 134 766
340 134 554 554
554 62 340
766 766 521 598
340 521 553 482
766 340 339 482
553 554 521
521 340 79 482
340 340
134 535 777 862
553 553 553 521 766
340 598 598 340
340 134 867 340
482 340 116 340
340 554 553
598 340 482
598 521 583 521
134 134 777 134 766
340 598 521
482 482 598 134
482 134 134
766 521 598 598
482 554 521
482 593 482
134 553 134
766 521 766 521
862 777 554 134
521 553 553
766 766 521 340 598
482 340 535 554
134 554 340
521 554 521 134
482 419 554
482 289 482
598 521 583 521
521 598 521 553 340
482 289 482
134 598 521 554
766 134 535 134
482 593 482
340 303 340
862 777 340 521
553 553 482
340 325 340
766 521 598 553 134
134 553 482
134 553 340
554 521 766
553 598 553 553
340 134 554 134
340 339 340 598
340 483 167 450 340
482 521 598 553 598
134 867 134
134 598 598 134
554 554 535 554
340 535 134
340 105 340
554 553 554
553 553 482
340 553 553 554
862 777 554 535 554
554 535 554
554 553 340
134 535 554 521
554 553 553 553 482
521 389 14 289 482
340 553 553 554 340
134 134 521 134
134 482 340 554
553 340 867 340
340 598 134
553 553 598
340 521
554 482 301 482
340 535 134 521
340 134 554 554
862 777 535 340
553 554 482
553 553 598 598
340 74 134
134 521 554 554 482
554 419 340
553 553 521 766 766
553 598 134 598
583 521 482
766 521 598 598 134
340 553 554 340
766 134 521 340
553 553 553
134 598 553
521 583 521 340
482 553 340 811 340
340 766 134 521 340
482 483 340
553 598 134 598
134 777 134 766
482 655 482
482 553 482
340 310 581 445 340
598 521 482
521 553 553 521 766
554 340
583 521 554
134 554 134 553
134 134 521
598 598 598
521 553 553 598
482 777 862
554 340 114 340
766 340 766 521 340
553 134 521
340 766 134 521
553 553 598 340
766 134 598
554 521 553 598 340
134 553 521 598 521
583 521 553
134 553 134
134 553 554 134
134 535 10 340
553 553 553 482
340 766 134 554
482 497 340
340 134 867 340
340 554 482 554
521 553 553 598
482 134 766 521
134 535 134 553
521 389 521 583
521 389 317 310 340
340 777 134 340
482 134 554 553 521
554 134 535 482
482 777 340 553
766 521 340 598
554 553 554
134 766 521 553 553
482 521 766
554 419 554 553 554
583 521 553 482
766 521 598 482
134 10 134 598 134
482 419 554
134 553 553 521
134 554 134 553
134 553 521 598 521
482 535 134 134
766 521 598 553
482 521 766 340
482 134 598
340 766
340 554 554 535 554
598 521 554 553
482 777 554 553 340
521 482 497 482
553 554
521 134 766 766
554 777 10 535 482
340 16 15 823 521
340 212 340
766 340 482
553 553 521 766 521
340 766 134 554 340
340 531 482
766 766 134 766
521 134 553 521 340
482 482 482 598
482 777 482
134 482 340 554
482 554 482 134
340 535 482 340
134 553 553
340 531 340
554 340 114 340 521
521 482 134 553 554
521 553
862 777 340
340 598 134 766
134 777 554
521 134 766
340 134 598
340 133 340
340 867 340
482 482 482 598
134 867 340
862 777 134 867 134
554 553 553 553 482
598 134 598
598 553 553 482
553 86 521
340 848 340 134
521 366 62 134
554 553 134 777 554
766 134 554
553 521 583
598 553 554
598 521 553
134 553 521 598 521
340 553 521 340
521 598 521 583 521
766 766 134 554
766 766 134 766 521
134 521 553 553
134 777 554 134
554 553 134 553 482
482 521 766 340
340 598 598 340
766 766 521 598 340
482 134 554 482
598 482 553 553
554 521 766 340
583 521 583 521 340
340 766 521
862 777 535 554
766 134
340 777 482
340 325 5 134
340 256 86 521
554 482 301 482
553 553 521 766
340 867 134 554
482 340 116 340
340 554 482
134 134 766
766 766 766 134 554
554 553
766 521 482 598
554 535 554
482 553 553 482 521
766 766 766 134 340
766 766 340
134 766 521 553
521 553 598 598
521 553 134
134 535 134 553 553
134 777 482
340 553 340 554 134
553 134 134
482 134 554 482
521 766 134 553
482 134 521
521 340
134 134
340 256 80 340
482 340 535 554
134 535 777 554
482 134 553 554
482 134 554 134
598 598 521 598 482
340 86 521
598 553 553 134
340 598 134
521 598 598 521
766 766 766 521
482 134 766 521
482 134 340
340 553
482 134 521
554 553
598 553 553 554
134 553 553 521 134
766 134 766 521 340
340 340 114 424 340
553 554 521
553 482 554 554
766 766 340 867 340
862 777 862 777 134
554 521 553 553 598
862 777 554 535 554
554 554 340
554 134 766 340
482 576 482 598 598
482 133 482
482 340
553 554 521
521 554 553 482
553 86 521
340 598 482
134 598 521 340
553 521 766 521
134 598 521 134
554 340 114 340 521
340 134 867 134 554
521 482 598 598
521 583 521 553
340 521 598 134
340 766 521 340
521 134 134 340
553 340 554 134
482 535 134
554 521 583 521
134 777 134 777 554
134 482 521
482 521 583
482 777 554 340
482 777 340 553
134 521
340 62 134
340 548 340
598 598 598 340
134 535 554 340
554 521 553 521
766 521 134
766 521 340 598 134
521 598 598 340
134 553 598
598 553 553 482
340 310 340
482 598 134
482 598 598 340
521 340 598
482 482 482
554 553 134 553 482
598 134 554 553
766 134 554 340
554 482 301 482
598 553 553 134
340 114 424 340
766 521 134 554
482 535 134 134
553 553 521 766 766
553 521 766 521 554
134 766 766 521 340
482 576 482 598 598
340 766 134 521 340
482 598 521
766 766 521 553 521
340 554 134
340 553 340
598 134 867 134
340 535 134
134 134
553 521 340
134 521 340 79 482
766 134 766 521 340
340 16 340
134 777 554 554 521
598 598 553 482
340 553 553 598
583 521 598 134
521 554 553 553 553
583 521 583 521 340
583 521 554 521 553
482 554 554
134 134 598
340 331 482
340 217 521
340 766 766 766
521 583 521 766 521
482 301 29 331 482
134 10 134 598
554 553 134 553 482
134 134 598
766 340 598 598
766 340 482
482 134 554
554 29 459 340
521 389 14 289 482
482 820 41 482
134 867 134 553
134 777 554 554
340 554 340
340 274 340
554 419 554 553 554
583 521 598 134
134 521 554 554
340 547 340
340 340 521 598 598
340 554 554 535 554
554 521 134
340 339 482
553 553 598 598 340
521 389 14 289 482
134 766 766 134
553 482 521
598 553 598 134
766 766 521 340 598
134 134 554
340 554 134
340 553 554 340
340 217 521 554
482 482 482 598
134 553 553 521 134
340 105 340
553 340 554
766 766 766 521
553 553 598 340
482 482 820 482
553 598 482
134 134
340 598 598 553
553 598 134 554
482 521 583 521 482
340 513 340
134 5 281 105 340
134 867 134 554 553
340 256 80 340
482 576 482 598
521 134 598 340
340 438 482
598 598 598 598
482 553 134
521 583 521 553 553
134 777 134 766 521
482 554 521
766 766 521 598 340
134 554
766 766 521 340 598
482 289 482
554 134 553 553 521
521 583
134 482 521 583
482 483 167 340
583 521 340
521 389 521 583 521
134 134 521 553 553
554 777 862
134 766 766 521
340 553 553 598
554 553 554 521
340 217 340
482 553 482
340 867 96 867 340
482 340 134
340 554 134
521 482 134
340 598 598
340 340 521 598
553 340 848 340 134
598 482
340 554 419 340
482 521 340
340 134 867 134 554
134 10 340
598 598 598 598 340
482 134 134
482 598 598 521
340 553 553 553 521
521 583
583 521 598 482
521 583 521 553
598 553 340 564 340
340 554 554 535 554
340 134 554 554
862 777 134
583 521 598 482
598 521 482 482
134 598 482
766 340 766 521
340 331 482 535 340
134 134 598 598
482 820 482
134 554 553
598 553 340
340 638 340
134 554 553 521
862 777 777 482
482 331 295 521
554 134 766
134 553 554 482
521 134 554
554 482 301 482
553 553 134 521 482
521 340 598 134 766
482 777 554 553
521 583
134 766 766 521
482 598
598 598 134
554 777 340
134 10 134
134 554 554 482
554 777 10 535 482
862 777 134
553 340 867 340
598 598 598 482
340 811 340
482 553 521
521 598 521 583
766 134 535 134 553
340 598 340
340 766 766
766 521 598 340
553 553 553 482
482 483 167 340
521 389 521 583 521
340 474 340
134 553 553
554 521 553 521
766 766 134 766
554 553 482 598
553 521 554
482 134 598 598
482 289 482
482 554 340
553 598 134 554
134 340
766 766 521 340 598
340 128 340
134 553 482
598 553 134 598
553 521 554
521 598
134 766 766 766
521 583 521 554 521
553 134 553 482
134 134 598 598
482 598 598 521 598
521 598 521 583 521
554 134 535 482 340
554 777 733 777 862
482 598 521
340 811 531 367 340
521 553 554 340
598 84 553
554 554 535 340
554 134 535 482 340
554 553 134 777 554
553 482 554
598 84 553
553 598 482
134 134 554 482
134 482 340 554
521 598 521 583
554 419 340
521 554 554 553
553 598 553 553 482
766 521 766 134 482
340 553 553 553 521
340 121 340
340 598 482 554 553
340 483 167 450 340
553 553 554
482 553 553 482 521
134 867 134 521
134 554
583 521 766 521
340 134 867 134 554
766 766 521 134
340 340 521
554 521 553 521 554
521 554 554 482
340 553 482
340 331 482 535 340
482 598 340 79 482
862 777 134
521 766 766 766
340 79 482
482 521
521 553 482
482 74 482
134 554 134
554 554 482
766 134 766 521 340
554 553 482 598
134 521 134
598 482 553 553 598
340 867 340
553 554 553
340 554 554 340
554 553 134 553 482
340 553 134
134 535 482 340
521 554 553 553
553 553 553 521 766
340 867 134 482
134 766 521 134 553
134 553 340
862 777 134 867 134
340 28 114 340
553 598 553
482 482 593 340
134 766 766 766 766
134 553 553
134 766 766 766 340
340 310 340
554 554 554 340
521 553 598 598 340
521 766 134 553
340 133 340
553 598 134 598
598 553 598 134
553 134 598 553
134 134 554
553 553 553 521
340 62 134
766 134 340
482 129 340
482 289 482
134 134 598
553 521 766 521 554
521 134 554 554 482
862 777 554 134
521 134 766
482 134 521
598 553 553 554
134 867 134
340 310 581 445 340
340 554 482
598 598 553
521 554 340
340 554 340
766 521 598 482
598 340 105 340
340 491 340 482
766 340 766
134 766 766 766 340
340 553 482
554 340 114 340 521
340 325 340
134 598 521 554
134 766 340
553 521 766
554 482 554
766 134 766 521
521 583 521 553 553
482 134 554 553 521
553 340
554 554 554
766 521 134 553 521
340 777 554
482 340 598 598
482 777 134 598
521 134 482
553 521 554 340
521 766 134 553
134 535 554 553 553
482 331 295 521
598 340 867 134 554
134 598 598
482 133 134 598
553 521 554 553
521 482 598 598 340
482 531 482
340 848 340 134 554
554 553 554 521
134 10 134 598 134
766 134 598
482 129 340 340
766 521 766 521 598
134 134 554 482
340 121 340
553 521 340
553 553 553 521
340 134 598
482 129 340
482 598 340
134 598 521 134
521 554 553 482
340 867 134 134
482 134 766 521
553 521
340 867 134 554
521 553 521
340 535 482 134 554
583 521 553 553
340 553 553
521 553 554
598 598 521 598 482
134 10 134
598 553 554 340
554 134 553 553
482 340 547 340
554 419 554 553
134 134 598 340
521 553 554
134 134 598
482 576 482 598
598 521 553 553
766 134 553
340 173 340
766 521 134
482 134 598 598
553 553 482 521
521 134 598 521
766 521 554 553 134
521 766 134
340 554 554 340
340 114 892 340
482 576 482 598
134 74 482 553 553
482 340 598
340 303 340
553 340 554 134
340 325 5 134
134 598 521 340
554 553 553 553 598
583 521 598 521 482
521 482 598 598 340
583 521 554 340
766 521 598 598 134
521 134 134
134 134 521 134 553
553 598 521
766 766 521 134 554
766 134 521
134 553 553 553
553 86 521
134 133 134
134 134 521 553 553
340 867 134 134
134 777 554
553 482 554
554 521 134
766 340 766 521
553 521 340
598 598 521 598
340 593 340
482 521 583 521
340 531 340 497 482
340 922 340
340 766
134 598 134
340 777 535 134
766 134 521
521 583 521 554
482 78 79 482
521 553 340
134 521 554 554 482
340 482 78 340
134 867 134 521
134 598 482
862 777 862
554 521 553 553
598 134 766 766 766
134 535 482
598 134 766
134 482 598
521 583 521 583
553 134
134 554 553 521
482 598 521
553 598 598
482 340 116 340
766 134 598
482 820 41 482
340 598 521 583 521
598 340 482 78 340
598 340 867 340
598 553
340 554 419 340
554 553 554
521 482 598 598
482 554 340
134 777 482
134 535 134 553 553
482 134 340
482 553 340 811 340
766 521 553 482
340 521 134
554 521 553 598 340
340 535 134 521
554 340 934 340
553 554 535 173 340
340 114 424 340
598 598 553
553 598 553 553 554
553 598
340 331 482 535 340
554 553 134
521 482 134 553 554
134 766 766 766 766
134 553 553 521
340 811 531 367 340
482 598 482 340
766 521 134 554
482 134 554 553 521
766 766 340 128 340
554 554 521
598 521 598 598
862 777 554 134
553 340 74 134
862 777 862
598 598 134
766 134 521
521 553 482
340 553 553 554
134 766 766 340
553 482 598
340 342 167 340 554
554 553 553 340
598 521 553 553 598
482 134
521 583 521 598 521
598 84 553
553 598
766 521 766 521
340 867 96 867 340
521 554 553 553 553
553 521 554 340
340 766 766 766 521
553 598 598
553 134 521
134 535 340
340 766 766 766
521 553 553
340 848 340 134
521 598
340 593 340
554 134 766 134
554 482 554 482
482 777 554
583 521 217 521 553
340 535 340
598 340 867 134
134 598 598 598
482 535 482
766 766 766 521 553
521 134 766 766
521 134 598 340
482 423 482
521 766 521
134 553 521
554 535 554 521
340 16 340
340 848 340 535 134
134 554 134 553
134 535 482 340
134 554 553 134
134 553 553 553
553 482 521
134 535 554 553 553
521 340 598
482 553 340 811 340
340 554 535 554
554 535 554
482 521 340
598 340 867 134 554
521 134 766 766 134
598 598 598 598 482
598 553 553
766 766 766 521 134
862 777 340
340 521 583
521 766 766 340 482
862 777 340 521
766 134
134 535 10 340
766 521 766 134
521 766 766 340
598 553 482
521 615 521
553 482
482 78 340
553 553 521 766
482 777 554 553 340
554 419 340
134 553 553 521 134
340 74 134
482 483 167 340
340 848 340 134
521 598 598
521 766 134 553 554
521 482 134 553 554
521 583 521 598 521
521 553 553 521 766
583 521 553
134 554 554 482
340 638 340
482 521 554 521
134 133 114 340
482 129 340
554 521 553 598 340
134 598 598
598 521 553 340
482 482 598 482
598 340 105 340
340 598 134 482
766 766 134 598 482
340 766 134 554
766 340 766
554 482 554
482 134
583 521 482
862 777 777 482
598 482 521
583 521 598 598 521
482 497 340 598 340
340 598 482 554
134 482 521 583
554 340 114 340 521
134 867 340
340 867 340
482 554 777 340
340 593 340
340 554 554
553 482 598
482 598 521
340 310 340
766 766 521 340 598
766 521 340
553 598 482
340 553 134 598
482 535 340
340 867 134 554 554
482 598 598 482
598 521 134 598 340
134 74 482 553
521 553 554 340
553 521 583
134 777 777 134
521 340 598 134
482 553
766 521 598 553
340 340
766 134 554 340
134 777 777 134
598 482 340
521 598 521 583
340 777 134
340 256 86 521
134 766 340
521 134 766
862 777 340
340 553 482
598 553 553 554 340
134 521 583
340 548 340
482 228 482
521 598 553 598 134
862 777 340 521
583 521 553 482
766 766 521 553
521 217 521
521 482
340 867 134 554
482 218 482
134 134 777 482
134 554 535 554
553 553
862 777 554 340
134 598 521 134
482 521 598 553 598
482 133 134
340 212 340
134 867 340
553 554 521
134 553 553
554 777 340
340 554 482
340 554 535 554
482 497 340 598
340 521 598 340
553 553 482
482 134 134 554
554 521 583 521 583
521 553 553 598
553 482 521
598 598
134 535 134
340 547 340
134 598 482
340 598 134 766 766
482 535 777 862
766 521 598 553 134
340 325 340
134 134
482 777 554 553 340
598 521 553 553
482 339 482
134 134 777 134
340 419 777 554
482 129 340
340 598 340
553 521 766 766 766
521 134 598 521
482 483 340
340 867 340 848 340
766 521 598 598
340 553 553 553
553 553 553 482
554 553 553 553
482 482
134 598 521
553 553 598
340 28 114 340
134 766 766 521 340
553 482 598
521 553 598 598
766 766 766 521
134 598 521 340
482 598 482 340
340 766
521 583
521 598 553
598 598 598
554 554 535 554
862 777 134 867 134
482 553 134 553
482 301 686 564 340
554 554 554 521
553 521 598 521 583
134 777 134
134 777 554 554
553 554 340
482 598 598 482
340 848 340 134
554 482 598
766 134 482
340 325 340
340 133 340
134 133 134
482 134 553
340 342 167 340 554
134 598 521 134
598 521 583
482 777 134
134 133 114 340
482 553 134 521
554 553 553 553
134 482 598 598
553 553 553 482
340 553 340 848 340
598 482 553 553 598
862 777 482
134 553 554 134
482 777 482
554 134 867 134 482
340 340 521 598
553 553 521 134
554 554 554 554 340
340 548 340
134 777 134 777 554
482 133 134 598
554 134 553 553
862 777 862 777 134
482 497 340 598 340
482 554 554 521
134 340
766 766 521 553
134 482 521
521 482
482 482 598 134
482 554 482
598 598 521 598
482 598 521
482 134 554 482
340 598 521 583
340 142 340
482 134 766 521
598 482 554
340 598 521 583 521
482 554 777 340
482 419 28 115 340
482 134
766 134 521
482 129 340 340
766 521 598 340
340 598
482 553 134 553
134 10 134
134 598 553 553
521 583 521 482
340 521
598 521 554 553 553
553 553 521
482 340 134
554 777 10 535 482
554 134 535 482 340
553 598 134 554 553
482 134 134 554
553 482 598
134 553 553 521 134
554 553 482
598 553
554 553
553 598 134 598
583 521 598 521 482
766 766 340 482
482 521 598
482 777 862 777 134
482 598 598 521
554 419 340
521 340
598 521 554 553 553
134 10 134
340 598 521
553 340 848 340 134
482 482 593 340
340 598 521 583
598 598 340 482
598 340
554 521
553 521 766 521 554
482 482 482 598
134 134 598 598 598
554 554 535 554
482 301 29 331 482
134 535 777 554
766 766 521 340 598
134 777 554
553 521 598 521 583
554 419 340
482 553 521 583 521
340 531 340 497 482
482 553 521 583 521
766 766 766 521 134
554 553 340
340 554 535 554
340 553 554 521
340 766 134 554 340
553 521 766 766 766
482 419 554 340
554 134 766 340
554 134 598
598 598 598
766 766 521 340
553 134 598 553
482 777 554 553 340
766 766 134 598 482
340 598 134
340 521 598 598
340 535 134 521
598 482 521
340 310 340
134 777 777 134
482 531 482
554 521 553 521 554
340 777 554
554 521 553 553
766 134 766 521
340 116 340
521 598 553 134
482 554 482
134 134 554
482 134 554 482
134 133 134
482 134 598 598 482
521 583 521 553 340
134 598 521 134
340 811 340
134 867 340
554 521 553 598
521 554 554 482
553 521 554 340
482 301 482
553 86 340
553 553 521 766 521
134 521 482
554 535 173 340
598 521 598
134 598 134
134 777 134
482 553 482
554 553 521
340 217 366 134
340 521 583
766 766 521 598 340
340 554 482 554 482
340 474 340
521 766 521 598 598
134 523 601 79 340
598 598 598 482
134 535 554 553 553
340 331 482
521 766 766 766 521
134 766 766 766 340
340 777 535 134
766 521 482 598
482 598 482
340 331 482
598 134 867 134
134 74 482
766 521 598 340
598 482 553
554 482 340
340 474 340
134 766 521 340
340 521 583 521 766
553 134 521
553 554 553 553
521 553 521 554
862 777 554 340
862 777 340
554 777 554
598 521 553 553
766 766 766 766
521 86 521
134 340
766 766 766
553 553 521 766 766
583 521 583
583 521 86 521
134 777 554
340 212 340
554 134 535 482
340 553 553 340
598 553 340 564 340
554 554 554 521
134 173 340
598 521 598 482
553 598 340
553 553 134
521 583 521 553 340
554 482
598 598 340 482
766 766 134
134 134 598 340
134 554 554 482
521 134 340
340 598 598 598
340 521 134
521 554 553 553
134 134 521 553 553
554 134 553 553
598 134 340
583 521 134 482
482 554 482
134 134 777 134
134 521 583
340 521 598
554 521 583 521 583
482 129 340
766 340 598 598
598 521 598 482
521 482 521
766 134 535 340
482 134 521
340 173 340
862 777 554 340
340 553 553 553
553 553 521 134
553 134 598
482 340 598 598
598 553 553 340
553 553 521 766 521
598 553 134 598 553
482 535 134 134
340 114 340 521
134 598 521 134
521 134 766 340
521 766 521 598 598
482 218 482 553 134
340 340 114 424 340
554 521 583 521 583
134 554 134 553
134 553 521 598
598 521 553 553
482 598 553 134
598 482 553 553
340 598 482 554 553
598 598
583 521 553 553 482
340 598 340
521 554 553 553 553
598 553 86 340
521 615 521
553 482 340
521 554 554
766 521 482 598 598
553 554 134
766 134 554
553 598 553 553 482
521 554 553 482
340 535 134 521
134 535 777 554
340 867 134 554
766 766 766 521 553
482 133 134 598 482
134 766 521 134 553
482 598 598 340
766 521 134 553 521
340 554 482 554
553 598 598
482 340 554
766 766 340 867 340
766 521 340 598 134
482 331 295 521
521 554 553 482
554 521 583 521
482 438 482
521 583 521 554 521
134 598 340
554 521 553 521
766 521
766 521 553 553
482 437 482
340 521 583
553 553 521 766 766
583 521 553 553 482
554 482 598
340 811 531 367 340
340 598 340
134 134 777 134 766
521 554 521 553
598 134 766 766
340 777 554 134
482 553 134
766 340 482
766 521 598 598 134
340 367 366 521
598 553 340 564 340
340 339 482
134 521
134 521 583 521
766 340 128 340
134 766 521 134
482 133 482
134 766 340
553 553 521 766 521
340 325 340
134 598 340
340 521 598
482 482 593 340
598 553 598
340 777 134 340
521 389 14 289 482
766 521 134 553 521
340 491 340
521 583 521 554 521
598 134 554 553
134 535 777 862
340 553 134 598
482 655 482
766 766 766 134
134 134
134 766 766 340
521 598 553 598 134
521 553 598 598
340 867 134 554
554 553 598
598 134 482
134 766 521 340
598 521 598 482
134 598 521 554 553
482 777 340 553
521 340 482
340 74 331 482
598 553 86 340
598 553 553
482 553 521 583
482 553 521
340 598 134 482
554 419 340
340 547 340
482 521 583
583 521
340 766 766
766 340
340 212 340
553 598 521 553 553
134 554 553
134 553 482
340 553 521 340
553 134
521 553 553 482
482 134 766
340 535 482 134 554
583 521 554 554
583 521 134
340 340 521 598
521 554 553
482 535 134 134
134 553 554
766 521 553
134 553 554 482
583 521 217 521
598 134
340 78 340
554 521 482
340 598 482 554
554 554 521
766 521 134 553
598 598 598
134 598 340
521 598 521 482 482
340 848 340 134
553 554 521 583
553 134 134 340
766 521 598 553 134
553 553 340
553 553 598 598
340 114 424 340
134 867 134
521 553
482 598 134
583 521 553 553
521 134 554
482 593 340
340 553 553 553
482 655 482 437 482
598 482 553 553
521 553 553 521 766
598 521 553 553 598
482 134
134 554 482
340 114 892 340
482 535 134 134
521 340 79 482
340 766 134 521
598 482
340 553 340 554
482 482 598 134
134 554 134 553 553
482 134 554 134
340 598 134 766
340 114 340 521 554
598 340 79 482
598 521 583 521
340 340 521 598 598
340 777 554 134
340 134 554 134
553 482 554 554 521
134 766 766 766 766
340 598 482
862 777 862
134 482 521 583
554 340 114 340
482 134
766 521 598 482
554 134 766 134
340 419 777 554 521
521 583
554 340 114 340 521
598 521 553 553 598
482 554 482 134
598 134
598 482 554
482 74 482
521 766 766 766 134
482 777 554 553 340
340 598 521 583
521 598 521 553 340
521 583 521 766 521
340 134 598
553 521 766 766
554 521 134
521 766 766 766 521
134 766 521
340 766 521
521 598 521
553 553 553 598 598
134 523 601 79 340
340 554 482 554
482 482 482 598 134
482 777 340
340 339 340 598 482
521 553 553 482
598 482 554 553
553 134 598 553
340 16 15 823 521
583 521 598 521 553
482 340
482 423 482 553
598 553 340
482 74 482
482 301 29 331 482
521 598 553 598 134
340 922 340
340 598 134 766
482 777 862 777 134
482 521
553 340 867 340
482 340 535 554
553 340 564 340
583 521 598 598
766 521 554
521 598 553 482
553 598 134
766 766 134 535 134
482 134 553 554
521 598 553 134
482 535 554
553 553 553 521
766 766 766 766 134
766 766 766 521 553
766 521 598 553 134
598 521 554 554
766 521 598 553
521 598 598 134
134 766 521
553 598 134 554
340 134 867 134 554
554 134 766 340
340 419 777 554
134 134 521 553 553
482 218 482
482 340 134
553 134
340 554 340
554 482 301 482
134 134 766 134
554 134 867 134
482 598 553
134 867 134 521
482 134 766
862 777 134 482
521 86 521
598 553 553 554 340
553 553
482 553 134
553 86 521
340 867 340
482 133 134 598
340 553 340 74 134
134 553 553 553
553 521 554
134 482 598
340 554 554
340 535 340
521 598 553 482
553 553 521 766
554 134 766 340
482 576 482 598 598
554 340 114 340 521
766 134 134
766 521 482
340 134 867 134 554
521 583 521 553 340
340 553 553 553
598 521 553 340
554 553 553 553 482
521 553 482
521 598 521 553 340
134 553 340
554 134 598
482 598 553
766 521 554
340 554 554
521 766 766 766
598 521 554
482 553 340 811 340
554 554 553 554
482 535 777 862
598 482 554
482 777 554
482 598 482 340
340 173 340
340 548 340
340 535 134 521
766 766 134 598
862 777 340 521
340 339 482
521 598 340 105 340
340 134 867 134 554
583 521 554 340
583 521 598 598
521 134 598 521
340 535 482 340
766 766 134 766
340 535 340
134 554 535 554
134 173 340
521 553 598 340
521 766 766 340 482
554 777 340
521 598 340 105 340
134 766 134
598 598 598 598 340
553 598 482
598 340
482 521 766 340
583 521 766
482 218 340
340 535 482 134
553 340 848 340
598 134
340 553 553 340
482 340 535 554
482 129 340
134 766 766 134
521 583 521
766 521 340
134 10 134 598
340 134 554 134
598 482 521
583 521 583 521
340 867 134 554
482 134 553 554
521 553 553 598
340 521 553 482
134 598
340 598 598
340 848 340 134 554
134 554 134 553 553
134 867 134 482
340 535 482
340 554 482 554
553 340 848 340 134
340 553 554 340
134 521 583
340 777 134
340 554 340
134 482 598
340 133 340
598 482 554 553
554 521 482
521 482 598 598
766 766 521 340 598
482 576 482 598
554 134
134 553 598
521 598 553 134 598
598 521 598 598
521 482 134 553 554
521 554 553 134
340 811 497 78 340
554 521 766 340
134 535 340
482 593 340
482 218 340
482 340 116 340
554 554 554 554
553 598 521
340 173 340
134 340 598
482 598 598 134
340 513 340
553 553 598
553 598 340
134 482 598
340 598 482 554
134 134 777 134
598 482 553
553 553
134 777 134 766
134 553 521 598 521
521 482 134
482 598
553 521 598 521 583
553 553 521 766 521
554 554 554 521
521 482 777 340
482 47 482 593 340
340 922 340
134 554 553 134
134 535 340
482 340 598 340
340 553 553 598
521 553 553 521
553 521 554 553
553 553 340
134 134 482
134 535 777 862
340 553 482
521 340 79 482
766 521 598 598
134 553 553 553
482 340 547 340
482 482 134
482 554
340 598 598 598 598
553 553 553 521 766
134 598 134
766 521 340 598 134
134 482 340
598 553 340 564 340
482 497 340 598
134 777 554 554 521
521 553 521 554
340 554 554
554 554 134 766
482 598 598 598
766 134 482
482 47 79 340
134 521 583
134 598 598 482
340 371 58 62 554
553 598 598 340
554 482 301 482
482 340
521 583 521 134
521 598 598 340
598 482
583 521 217 521 553
340 521
766 134 521
340 342 167 340 554
340 521 598 598 340
482 78 482
340 848 340
340 811 497 78 340
521 554 553 553 553
766 766 766
134 521 340 79 482
340 128 340
134 521 583
340 105 340
598 598 598 598 340
553 598 134
134 766 521 482
521 554 554 553
134 766 521 553 482
340 766 766
340 134 867 134 554
521 389 317 310 340
553 521 554 340
521 583 521 340
583 521 598 521
340 114 892 340
134 598 553 521
134 766 521 553 482
340 491 340
521 766 134 553 554
521 134 598
134 535 134
521 766 766 766
554 553 554 521
134 482 598
766 134 554
