304 88 924 211 96
806 285 304 302
369 88 303 630 630
96 57 924 88
89 56 138 252
89 809 826 859 303
304 809 88
88 806 304
88 304 369 88 924
89 619 96 417 96
96 304
252 137 88
302 88 252
96 303 114 252
96 235 158 89
806 285 252
252 244 252
252 369 96
369 630 630 630
303 285 854 252
252 412 252
303 88 88 750
96 56 57 88
304 88 88
89 369 89 303
252 234 145 252
96 591 96
630 369 304 369 303
740 252 252
89 859 59 303
806 285 252
89 302 88
96 361 533 105 252
924 612 726 5 89
303 630 303
89 411 174 665 303
924 89 302
88 750 88
89 806
88 211 924
96 610 57 303
302 304 369 96
252 404 963 235 252
302 302 89
924 303 252
96 304 57 96
96 619 96
304 809 809 4 252
924 845 303
303 303 235 303
303 269 210 88
88 302 302
252 6 252 302
924 89 89
252 3 211 481 96
302 304 302
96 6 411 55 252
303 56 252
96 302 303
750 88 304 369 88
89 610 303
88 750 88 750 88
304 88 88 88
303 263 423 96
89 859 59 303
924 209 96 304
630 630
96 881 96 252
806 809 302
88 369 303
88 63 3 599 96
303 286 303
252 235 303
96 924 303
369 89 303 96
369 630 630 369
96 234 474 89
924 88 302
252 286 252
303 80 303
369 96 88
89 63 5 57 302
96 91 96
88 809 304
304 89 302 252
303 630 630 630 369
252 924 89
89 482 89
89 89 369
303 924
303 89 924
304 806
89 63 5 57 302
89 271 89
96 304 96
89 165 105 252
96 235 158 89
630 369 630 369 252
750 88 88 88
303 121 88
89 304 88 302
96 136 116 263 303
96 369 630 630
302 302 123 302 302
96 64 96
302 88 302
806 285 58 88
303 630 630
252 5 63 132 89
304 16 249 333 252
96 76 976 48 252
924 209 411 304
252 88 302
89 369 630 369
88 63 826 252
88 304 806 304 304
88 88 304
252 304
630 630 630 630 303
252 195 252
89 369 630 369 252
88 63 303
750 88 96
88 302 809 302
89 76 89
252 304 806
89 252 89
96 619 89 6 89
740 82 96
369 304
96 444 455 96
806 88 302
89 158 58 304
750 88 183 252
88 369 88 369 252
304 89
96 591 591 96
303 4 301 244 252
304 302 302
303 183 82 304
96 56 57 88 89
89 302 238 89
252 117 252
252 195 252 88
96 302 89 924 252
304 455 271 88
369 88 303 630 630
252 273 301 89
89 455 304
89 369 304
252 159 252
89 3 990 285 806
302 304 88
96 867 96 88
88 924 96
303 924 96
89 302 303
252 145 252
750 88 806 304
96 2 96
252 138 252
96 236 3 252
96 57 302 304
96 88 924
304 455 271 88
96 437 89
252 404 963 235 252
630 630 630 303
304 54 285 304
252 601 82 96
302 13 302
96 599 158 89
924 88 302 304
88 271 183 303
303 367 96
96 169 375 96
303 924 88
303 82 438 89
304 285 271 252
96 619 303
88 183 252
96 116 420 854 252
252 809 806
252 369 630 630
252 137 809 88
924 89 302 252
304 304 88
252 849 849 252
88 369 96
924 845 924
750 88 88 88 88
806 89 806
304 96 881 96
302 183 88
252 235 252
96 88 89
304 54 89
89 302 302
924 211 304 271 252
302 96 57 252
369 630
89 136 27 417 96
96 76 263 96
89 136 96
252 434 113 423 89
304 96 89
252 89 89
303 411 131 96
303 114 303
806 304 96
302 533 303
88 211 286 303
252 571 303
252 59 586 131 96
88 54 107 89
252 57 302
303 571 252 369 630
302 304 455 302
88 304 252
96 408 193 252
304 302 252
88 924 699 845 89
303 619 303
89 89
304 599 96 89
304 96 881 96
88 137 252
252 66 252 145 252
96 304
88 303 107 162 252
88 149 655 96 302
252 408 520 845 924
252 571 286 285 88
96 408 412 303
96 527 96
304 88 88
252 54 89 302
252 533 302
806 285 302 302 303
96 66 91 89
88 369 89
252 59 303 302
304 302 302
303 252 288 252
806 285 132 89
88 924 252
302 238 89
89 369 88 303
369 88 303
96 234 654 252 89
252 924 303
303 807 54 252
252 880 252
89 859 59 303
924 89 302
750 88 750 88 750
303 924 96
88 88 750 88 88
303 5 726 283 252
369 304 806 304
303 88 369
630 303 571 252 369
303 302 96
303 303 244 252
302 438 336 96
88 211 924
96 302 96
304 88 271 89
303 242 132 89
806 806
252 5 63 132 89
89 58 244 237 252
304 211 303
89 56 138 252
96 96 333 281 303
96 610 89 88
88 285 88
96 527 96
252 738 131 57 252
303 533 302 302
252 57 2 96 369
96 31 96 13 302
369 630 369 630 369
252 845 924 88
302 88 302
96 13 211 304 806
96 234 252
88 271 304
88 369 89
252 89 455 304
303 533 302 302
252 83 594 283 303
302 88 252
304 806 88 88
369 89
303 369 630 369 630
88 806 806 806
96 285 88
96 443 725 96
303 571 252
750 88 304
740 252 132 252
89 438 169 89
304 88 924 211 96
88 54 252
89 925 89
89 845 252
806 88 54 252
303 57 619 303
806 285 302 302 303
96 259 508 325 96
96 408 252 88
302 304 806
304 369 630 630
89 303 845 89
88 806 89
89 56 138 252
96 369 88 369
89 89 369
630 630 630 303 924
252 238 302 438 89
252 880 252
96 437 75 96
630 369 630 303 924
88 302 438 96
252 480 86 326 96
89 806 89
252 305 5 302
96 131 455 304
303 533 302
303 235 96
630 630 369 630
88 209 88
89 375 89 924
96 131 2 481 96
740 252 252
303 564 304
88 806 806
252 412 252
806 285 302
96 304 285 89
806 285 304 302
630 303 286 303
303 304 96
88 924
303 5 726 283 252
89 4 252
630 630 369 303
302 285 304 252
303 145 612 4 96
89 303 845 89
88 210 88
96 57 619 89
806 806 285 132 89
924 88 369
303 302 304 96
89 63 5 57 302
304 303 369
304 96 21 303
806 304 89 302
304 809 57 303
806 285 285 302
630 369 630 303 924
369 96 88 924
369 96 924
252 137 809 88
302 304 369 96
252 175 685 252
750 88 304 369 252
96 245 113 96
303 4 303
89 369 303
302 238 176 333 302
303 56 252
303 114 318 76 96
89 303 89
630 630
303 160 136 136 89
302 13 96
252 625 63 4 303
96 76 976 48 252
252 271 209 924
252 235 252
806 88 58 96
89 303 89
96 56 303
252 826 685 3 252
369 88 303 630 630
303 610 89 369 252
252 949 252
89 59 252
252 285 252
88 96 91 89
88 63 552 89
252 924 89
89 924 252
630 630 630 369 89
89 91 96
96 867 96
89 302 302 123 302
252 107 96
89 302 304 369
96 816 96
303 159 303
303 88 924 252
304 252 235 252
630 630 630 369 304
89 158 58 304 88
630 630 369 88 88
252 89 369
252 244 252
96 121 137 252
88 271 88
89 375 89
304 285 271 252
302 333 96
303 423 303
96 242 238 252
89 57 286 412 252
96 842 211 153 252
96 242 238 252
303 896 896 303
302 333 96
630 369 304 89 302
96 252 302
96 64 134 867 96
252 237 252
96 96
96 444 455 96
88 211 924
369 630 303 286 303
96 234 654 252 89
96 259 89
806 285 302 302 303
304 455 271 88
88 806 806 88 303
96 304 88 369 96
89 6 252
806 806 304 303
303 242 977 209 924
89 806 88
252 809 411 481 252
806 304
303 369 303
88 271 183 303
252 244 158 238 252
96 88 89
96 89 302 304
88 369 630 630 369
304 57 211 304
304 304 252
302 88 369 252
96 131 2 481 96
369 630 630 369
303 924 303
630 369 630 303 924
96 417 96
303 355 282 252
88 369 630 630 369
252 234 145 252
252 211 304
88 58 304
304 369
304 405 89
303 630 630 369 304
88 63 363 303
252 533 195 252
96 336 96
302 302 96
96 619 96
88 54 252 924 252
304 96
302 304 304
303 236 252
303 630 630 303 89
89 3 174 363 303
252 845 303 88
252 809 271 88
630 630 630 630 630
302 419 655 427 96
304 58 685 252
252 740
252 88 750
252 249 46 236 96
96 423 89
924 845 924
630 303 369
88 96 439 96
630 630 630 369
252 481 96
630 369 304 369
302 419 655 427 96
302 88
252 209 88
303 235 303 88
303 807 303 96
89 455 304
96 326 326 325 96
303 411 166 303
89 482 89 369
369 304 89 302 252
369 304 369 303
88 806 806 806 89
252 236 303
96 304 88
303 807 5 89
303 571 252 369 630
96 115 256 153 252
88 302 88 271 303
96 408 252
303 285 812 812 252
303 271 303
252 832 412 281 303
252 54 96
88 209 286 56 96
252 738 56 271 252
252 96 924
630 369 303
302 88 54 107 89
89 375 89
252 273 301 89
88 806 806 88 303
89 806 88 96
303 145 612 4 96
303 114 303
96 242 159 303
303 88 88 750
252 174 252
304 369 88
252 252 271 209 924
252 286 481 59 89
88 58 304
304 88 271 89
302 419 252
304 455 302
630 369 88 88
96 57 59 619 96
303 412 738 252
252 809 411 481 252
96 591 96 89
630 369 160 96
302 809 302 252 924
369 304 369 303
89 3 174 363 303
630 630 303
252 117 252
303 249 54 89
88 88 88 750
252 6 252 302
924 699 845 89
303 5 726 283 252
252 924 96
88 271 303
88 369 304 369 303
96 369 304 302
304 455 271 88
924 89
89 211 89
303 329 96
303 303
302 123 302 302 96
96 107 96
303 369 88
89 59 96
304 424 303
252 740
304 88 806 304 369
303 88 924
96 263 981 318 96
96 604 96
304 304 455 271 88
750 88 54 96
252 132 371 303
303 96 367 75 96
89 63 88
89 305 281 6 89
88 302 809 302
96 76 263 96
303 263 423 96
806 304 369 88
806 809 806 285 96
89 408 252
89 5 306 533 303
88 54 252 924
96 252 88
304 86 444 361 96
304 599 96 89
303 81 303 96
806 285 252
302 809 304
630 630 630 630 369
630 630 630 369 88
304 303 924
252 854 63 88
96 57 88
806 285 96
806 304 809 738 252
89 6 89
369 303
302 238 302 438 96
252 54 89
88 369 303
252 96 369
806 285 302
96 474 96
806 304 302
96 408 2 96
252 740 252
304 369 630 630 630
88 96 303
88 924 699 845 89
88 369 304
252 408 4 131 252
302 89 252
252 271 209 924 89
96 610 89
88 750 88 88
89 375 89
89 369 630 369 252
630 303 89
303 924 88 369 303
88 369 88 369
369 303 285 371 303
88 54 738 58 96
302 88 369 252
304 302 88 369 303
302 88 369 252
924 89 285 303
252 480 86 326 96
630 369 630 369 96
96 5 76 96
924 303 252
302 88 304 88
252 304 806
924 89 285 303
304 405 89
88 924 252
252 88 750 88 96
304 87 252 159 252
96 469 112 91 89
88 304 285 302
252 59 303 302
252 137 877 812 252
88 183 252
630 630 630 369 303
369 89 159 166 303
750 88 88
806 88 750
924 303
302 304 88
88 149 88 252
750 88 57 304
630 303 365 303
304 211 842 96
252 302 89
806 304 304
88 369 304 369
252 89 455 304
304 57 302
252 285 174 303
303 486 365 303
96 610 57 303
88 304 599 96
88 369 630 303
96 115 256 153 252
252 48 252
304 58 685 252
89 88
89 845 481 96
96 89 302 304 369
369 303 367 96
88 369 303 367 96
89 4 252
369 88 63 854 252
302 533 168 434 252
302 57 286 303
252 924
96 333 89
304 88 271 89
630 630 369 96
630 630 369 160 96
252 302 89
96 302 96
96 437 89
302 285 252
924 211 304 271 252
252 57 304
924 209 252
369 96 88 924
806 88 96 303
304 424 139 209 303
252 288 654 252
740 82 96
302 88 54 107 89
303 56 96
96 327 96 252
369 304 369
252 58 408 89
252 252
88 88 88
630 630 630 630
630 630 303
96 924 88
88 304 806
303 571 303
252 209 211 96
303 412 738 252
302 88 54 107 89
252 685 4 408 96
630 630 630 630 630
806 806 88 252
252 826 685 3 252
303 630 630 369
369 252 244 303
89 619 56 89
303 896 303 630 369
303 630 630 369
96 304 369 303
302 88 304 88
89 809 88
252 235 159 301 89
89 96 881 96
303 236 242 303
89 211 89
252 59 586 131 96
252 305 604 96
302 302 302
89 302 238 89
96 101 211 96
750 88 750 88
303 738 303
89 411 88
369 89
303 56 252
89 619 56 89
96 469 90 62 303
96 89 303
252 153 87 283 252
88 806 88 924
88 210 88
89 89 924
302 438 336 96
630 303 369
252 88 96
304 54 88
252 932 252
96 58 88
88 57 302 302
252 96 924 252
96 725 486 169 89
88 304 599 96 89
252 304 302
806 304 369
924 57 88
89 520 4 412 303
88 369 88 369
630 630 303 89
630 369 89
252 56 96
806 285 174 303
89 57 89
96 417 96
252 740
252 54 194 252
252 241 252
96 56 57 88
96 285 88
252 520 571 303
304 211 303
96 259 508 325 96
89 252 302
369 630 630 369
303 302 304 96
89 88 211 924 88
252 59 89 369
303 80 303
303 96 443 725 96
89 302 88
302 455 302
96 599 304
96 367 75 96
252 46 82 252
88 302 809 302
89 405 371 100 96
88 304 88
302 533 252
304 58 685 252
252 625 252 56 96
304 211 303
806 89 89
252 685 4 408 96
304 285 89
303 369 304 806
96 131 455 304
303 412 303
304 88 924
302 809 302
89 238 89
304 87 211 89
96 80 107 89
303 369 88
303 630 369 304
252 160 424 303
303 571 252 369 630
89 924 209 96
89 6 252 88
740 51 113 96 89
806 88 88
303 571 252 369
96 619 89 6 89
96 89 303
96 4 89
96 619 89 6 89
252 5 286 58 304
89 845 845 303
252 59 303 302
96 474 96
89 375 89 924
88 88 750 88 88
303 411 166 303
806 285 304 302
96 527 6 237 252
304 89 76 96
750 88 806 304
304 411 243 5 302
96 326 245 370 96
252 244 303
303 89
369 303
806 285 806
252 272 290 533 303
88 271 88
369 96 924
740 252 117 117 252
89 437 96
96 235 158 89
96 4 96
96 96 924
252 237 252 286 252
89 302 304 369 304
89 405 371 100 96
252 304
369 630 369 630
96 234 474 89
303 630 630 369
89 107 89
808 808 808
806 285 304
96 21 303
89 158 235 610 89
304 304 88
303 738 56 252
89 252
303 619 89
806 285 96 302
924 88 302
252 56 96
88 304 88
252 48 252 235 252
630 630 369 88
89 305 281 6 89
303 924 88
96 469 112 91 89
88 369 88 369
304 599 304
89 88 924
96 338 252
252 411 671 21 303
369 304 304
303 329 96
89 806 88 750
88 302 88 304 88
252 924
303 88 369
806 285 132 211 304
96 369 88 750
252 193 252
304 88 303
252 304
806 304 369 88 88
750 88 750
89 408 252
806 88 369
88 369 88
89 474 96 59 303
96 170 5 96
304 89 845 845 303
304 89 302 252
96 400 971 304
302 304 369 96
96 437 75 96
252 145 303
88 211 286 303
96 610 89 88 89
252 533 302
89 933 46 96
750 88 369
88 369 252 96
369 304 302
252 285 252
924 88 89
924 88 302 304
303 610 89
252 845 921 6 89
252 625 252 56 96
924 89 303
806 285 302 302 303
303 924 89
89 919 981 318 96
96 285 57 849 252
303 303 369
89 845 252
252 57 2 96
750 88 750
96 881 96
89 482 89
89 806 88 750 88
88 302 88
304 96 881 96
96 329 303
88 750 88
89 302 304
750 88 88 303
89 5 302 304
303 304 369 252
96 107 96
303 96 599 481 252
252 46 46 96
924 845 89
304 88 806 304 369
302 304 304
96 369 89
88 304 369 88
630 630 630 630 369
304 564 304
89 845 252
89 271 303
252 88 750
252 56 96
252 89 89 369 304
304 88 806
89 806 304
252 89 369 304 89
89 302 304 369
303 80 96
252 54 89 302
88 806 304 89 302
304 455 165 123 302
304 599 211 252
89 369 304 411 89
630 369 304 303
924 209 88
96 209 252 303
96 619 303
96 304 252
302 438 89
252 209 211 96
630 630 630 369 630
89 302 333 96
302 88 924
303 59 96 842 96
88 88 54 304
252 304 806 304
96 66 91 89
302 304 806 806 88
96 867 96
89 806 88 750 88
303 424 758 91 96
96 59 138 211 96
89 165 96
96 6 411 55 252
750 88 63 88
924 88 411 88
88 96 439 96
369 304 88
88 304 369 88
303 46 174 305 252
96 13 809 806
89 158 235 610 89
304 303 924
303 924 89
96 37 96
252 244 303
89 165 105 252
96 80 107 89
88 809 304
630 369 304 369
303 411 166 303
304 302 89
89 165 136 89
88 369 304
304 806 809 89
303 81 303 96
252 302 88
369 88 750 88
96 302 88
740 82 96 302
304 302 89 919 89
303 254 303
88 369 630
89 88 211 924 88
302 809 302
88 271 89
302 304 96
252 571 303
88 271 89
924 96 304
302 438 336 96
96 304 369 303
304 304
302 89 303
89 169 96
96 57 59 619 96
630 630 369 304 89
88 302 302
96 252 88
806 88 96 303
303 302
252 137 809 88
252 89 369 304
89 859 59 303
89 412 54 665 303
630 630 369 304 369
88 809 302 88
304 89 76 96
252 949 132 89
252 84 612 233 252
96 151 96
96 88 210 88
89 165 96
252 59 303
303 160 303 88 924
304 806 304
96 304 88 369
96 56 57 88
630 369 630 369
630 303
302 304 88
252 481 96
96 591 96 89
96 66 252
89 88 211 924 88
88 88 88
96 599 481 137 252
302 123 96
252 427 121 252
89 411 303
369 630 303 924 89
252 138 56 89
252 137 809 88 750
96 599 304
252 153 87 283 252
369 89 159 166 303
303 619 96
88 54 252
252 740 82 96
88 285 54 304
303 571 6 96
252 859 89
304 303
88 252 849 252
88 54 304
302 303 369
302 302 13 302
88 57 302 252
304 599 304 303
96 474 96
88 369 630
96 285 57 849 252
88 924 252
369 96 88
88 304 806
303 303
303 249 303 88
304 369 304
89 333 280 420 304
88 302 304 369
252 114 96
252 89 303
89 6 252 88
303 88 303
88 806 806 88 303
369 160 859 859 89
303 355 282 252
89 411 88
303 159 58 304 369
303 254 174 233 88
88 96 303
303 896 169 303
303 610 89 369 252
369 630 303 365 303
304 211 842 96
304 252 369
806 88 96
96 136 116 263 303
303 304 88 252
89 369 88 303
369 96 842 96
806 809 806
303 183 89
88 302
252 738 58 845 924
88 63 552 89
96 66 91 89
89 369 304 411 89
252 285 174 303
303 807 54 304 806
630 369 630
89 806 285 285 302
252 302 89
302 304 304
89 806 88
252 153 87 283 252
252 3 211 481 96
96 59 3 599 304
304 806 304
88 369 304 369
369 89
89 57 89
252 46 271 210 88
96 369 88
304 88 369 96
369 630 369 303
303 88 369 630
88 806 88
88 806 806 89
924 57 211 338 96
302 809 302 252
303 564 304
303 807 303 96
88 63 363 303
96 91 96
806 304 369 252
88 806 806 304
630 630 630 303 369
89 59 252
252 880 252 89 96
252 46 271 210 88
304 88 304
369 96 88
806 304 369 88 88
740 82 96 302
89 259 327 96
303 252 740
96 303 114 252
304 96 842 96
302 89 252 89
96 438 96
302 88 924
96 333 281 303
806 806 806 806 88
96 408 252 88
88 533 322 272 252
88 809 131 252
806 88 806 285 304
924 88 411 88
252 845 303 88
630 369 252
89 302 303
806 285 285 302
806 809 806 285 96
89 619 96
740 252 117 117 252
252 304 806
96 13 302
750 88 57 302 302
252 285 809 412 252
806 285 304 302
750 88 88
252 87 552 271 89
369 304 369
808 808 808 808 808
806 89 252
924 303 571 303
88 302 304 369 96
302 304 806 88
252 480 86 326 96
88 806 285 304 302
252 88 750
89 59 303
96 169 89
303 96
88 88 88
924 303 571 303
303 209 252
96 327 96 252 302
89 57 58 254 252
96 326 245 370 96
303 256 263 303
630 369 630 369 252
252 304 806
88 183 303
252 302 96
88 88 88 750 88
302 57 252
89 925 89
252 238 302
302 238 302 438 96
96 76 96
252 427 40 847 96
252 880 252 89
88 210 252
304 96 89 845 89
303 619 59 303
89 4 301 810 88
304 89 482 89
252 160 424 303
89 369 89 303
252 302 96
96 59 303
630 369 304 369 303
630 630 630 369 630
252 859 89
369 88 303 630
88 137 303
806 806 304
303 159 58 304 369
302 123 96
96 867 96
369 304 89 302
303 244 409 305 252
303 89 809 195 252
96 881 96 304
750 88 369 96
303 896 169 303
630 630 630 630 369
88 88 750
96 610 89
304 87 252
96 89 136 96
303 56 96 881 96
88 304 599 96
252 738 131 57 252
806 806 806 88 252
252 160 369
252 480 86 326 96
303 630 630 303
304 87 252
89 136 27 417 96
96 96
88 210 252
252 480 66 252
750 88 88
88 183 303
302 303 369 88 302
88 304 599 96 89
96 304 88 369 96
252 288 654 252
96 37 96
369 304 369
96 437 89
806 285 285 302
89 369 304 89
303 371 121 96
304 89 369
369 96 842 96
252 46 303
369 630 369 96
88 88 88 750 88
369 630 369
89 88 252
369 252 302 238 302
88 304 369 88 924
302 303 369 88
252 195 252
303 235 238 302
304 369 96
302 89 924
88 304
96 131 2 481 96
96 89 89
630 630 630 369 630
302 88 54 107 89
252 236 303
252 481 481 949 252
96 107 96
252 854 252
96 251 136 96
96 116 473 174 303
252 949 252
89 482 89 369
89 411 174 665 303
304 88 369 96
96 209 252 303
252 89 369 89
89 369 89
88 533 322 272 252
96 842 211 153 252
96 89 302
304 285 164 564 304
303 412 56 96
88 302 304 369
252 369 303
630 630 630 303 924
302 285 252
88 302 302
252 740
96 369
96 114 361 96
630 369 252
88 57 304
303 369 304 806 806
89 96 302 57 302
89 919 263 96
304 88 369
89 136 27 417 96
304 809 88
96 88 54 57 252
252 138 56 89
89 303 845 89
252 369 630 630
96 236 252 252
750 88 809 304
96 302 88 369 252
252 96
303 845 303
88 63 3 599 96
89 88 252
252 160 136 89
806 304 369 88 88
630 630 303 924
96 285 54 96
302 304 252 369
88 183 303
96 116 473 174 303
96 369 96
252 131 552 252
304 89 76 96
369 304 88
88 411 88
88 806 806 806 89
303 3 89
630 630 303 369
303 412 81 252
303 88 369 630
924 89 303
630 630 369 304 89
302 89 252
88 302 438 96
96 91 478 356 303
304 369 630 303
304 369 252
304 88 924
303 924 89 924
96 442 96
96 303 845 252
88 302 89
96 115 437 89
96 469 469 89
369 630 303 924 89
88 809 302 88 924
96 64 134 867 96
924 209 88
302 304 369 96
302 89 252 89
303 303 369
96 121 137 252
96 610 96
89 88 211 924
304 455 165 123 302
252 183 303
252 58 412 411 89
302 455 302
303 249 303
89 107 89
304 88 806 304
96 591 96
89 845 252
302 419 255 303
88 88 750
740 971 812 54 252
303 263 96
89 809 195 252
303 302 252
750 88 303 304
252 58 412 411 89
303 160 303 88 924
302 302 89
96 37 27 417 96
302 88 924
302 285 303
924 699 845 89
369 252
252 117 117 252
89 54 88
304 302 89 919 89
303 412 665 685 252
303 807 132 132 252
96 619 303
252 849 63 63 303
304 369 88
96 599 158 89
369 88 57 96
89 285 303
304 806 806
252 832 412 281 303
89 57 89
89 211 89
89 375 89 924
252 138 54 252 302
252 117 86 304
88 369
252 533 302
96 89 302 304 369
303 369 304 252
806 285 132 89
302 333 96
88 924
89 304 302
252 269 252
806 806 89
252 288 654 252
88 89 924
303 89 924
89 859 59 303
96 56 57 88 89
96 56 412 252
304 88 302 303
750 88 304
96 604 96 64 96
89 54 88
89 610 303
96 66 96
303 56 96
96 411 174 520 89
96 604 57 738 252
369 88 750 88
96 285 57 849 252
303 81 303 96
806 304 89
303 411 166 303
806 806 89
303 630 630 303
252 369 96
96 842 96 619 89
96 57 302 304
96 302 304
304 302 302
96 527 6 237 252
806 806 89
924 209 96 304 303
252 249 46 236 96
96 245 434 159 252
96 318 442 96
96 599 158 89
89 919 89
806 285 304
252 6 252 302 302
252 238 302 438 89
96 333 281 303
252 924 57 88
252 89 303
302 809 304
303 252 740
89 369 304 411 89
302 455 304
96 369 88 750
96 119 455 304
304 455 302 303
304 88 302 303
303 88 88 750
369 304 89
88 302 438 96 252
88 88 924
89 809 826 859 303
302 304 369 304
630 630 630 303
630 630 369 89
88 63 854 252
806 285 806 88
303 610 89 369
96 89 96 881 96
89 304
96 610 96
304 809 809 4 252
96 361 533 105 252
302 89 924
88 809 302 88
806 285 685 193 252
369 252 302
252 56 96
806 88 303
369 304 411 89
96 242 96
88 750 88 88 88
252 854 63 88
304 599 304
252 234 145 252
750 88 304 369 88
303 630 630 369 89
630 303 924 89
304 252
96 329 91 89
96 5 76 96
88 302 302
88 302 438 96 252
302 88 369 252
252 924 845 924
252 81 114 303
303 924 845 303
303 304 96
924 209 845 89 88
369 89 919 89
96 234 654 252
96 867 96 88
88 57 304 89
252 88 302
252 48 252
369 96 842 96
302 252
89 924 252
252 304 806
252 193 252
88 369 630 630 630
96 2 96
369 96 369
89 136 169 81 252
630 369 630 303 924
630 369 304
96 89 302 304 369
88 302 304 369
252 924 303 89
89 919 981 318 96
252 411 89
630 630 369 96
96 604 57 738 252
252 88 96
252 880 137 412 252
252 809 411 481 252
806 809 806
630 369 304 89
89 5 306 533 303
304 303 924
750 88 806 89
303 88 88
304 411 89
806 806 88 303
806 285 304 302
89 6 89
88 57 302 302
303 303 610 303
89 304 89 369
304 806 806
303 160 611 252
88 63 363 303
806 304 89
302 238 176 333 302
88 271 88
89 76 96
89 619 96
630 630 303 89
252 304 806 304
750 88 57 302
304 57 96
96 245 423 303
252 369 88 96
303 235 96
252 183 303 89
630 630
96 408 252
369 88 88
96 57 302 304 88
303 159 58 304 369
96 56 303
303 630 630 630 369
750 88 57 302 302
89 369 304 411 89
96 169 450 932 252
96 369 304 806 304
89 64 302
89 304 88 302
630 369 304
806 285 304 302 96
924 96
808 808
252 303 630
88 304 369 88 924
302 304 252 369 304
302 285 303
89 303 845 89
303 145 303
96 89 845 89
89 59 89
89 88 809 131 252
88 96
88 806 806 806 89
89 76 89
88 750 88 88
806 809 806 806 89
96 333 89
88 88
96 469 90 469 89
96 4 162 252
806 285 252
252 533 302 88
303 924 88 369
88 304 285 302
252 238 302 89
252 304 806 304
89 304 89 369
303 236 252
96 235 96
96 610 57 303
304 369 88
304 285 302
88 303 630
750 88 304 806 304
96 89 136 96
806 806
304 57 924
303 263 16 304 369
304 424 303
89 57 89
252 117 86 304 89
88 210 88
369 304 411 89
302 302 302
96 89
96 881 96 304
303 96
303 630 630 369 89
750 88 57 304
303 159 303
252 859 89
88 121 303
252 302 302
302 57 89
303 88 924 96
252 304 302 89
96 304 88 369
88 806 89
89 369 252
96 881 96 252
252 59 303
96 252
252 96 369
96 924 252
88 88 750 88 88
303 369 304
304 455 302
806 285 304 302 96
88 183 252
96 816 96
252 369 304
252 304
302 303 924
252 480 86 326 96
806 304 89
96 842 96 304
369 630 303 365 303
252 66 96
88 924 699 845 89
302 333 96
96 89 96
303 96
806 88 58 96
303 303 369 304
96 881 96 89
88 369 96
302 302 304
303 369 303
88 304 806 304
89 285 303
303 303 304
89 159 303
369 304 369
89 303 520 89
88 88 54 304
303 252 740
302 809 302 252 924
806 88 304
302 13 302
630 630 369 88
303 304 96
252 83 395 164 96
303 286 303
252 66 252 145 252
304 285 160 82 304
369 96 924
89 252 880 252
304 302 89
252 138 54 252
303 630 369 304
96 89 919 89
88 302 304
252 89 455 304
302 238 302
88 54 107 89
252 236 162 252
96 304 369 303
96 610 250 610 96
303 302
252 302 89
88 304 599 96
252 46 271 210 88
96 302 89 924 252
369 96 88
96 470 170 96
369 630 369 96
96 285 88
96 369 96
304 304 455 271 88
304 57 302
96 408 57 809 304
96 100 102 405 89
96 89 96 881 96
96 610 303
88 54 107 89
806 285 304 302 96
252 241 252
96 728 96
96 234 474 89
630 630 630 630 303
304 304 455 271 88
806 88 58 96
302 304 806 806
806 809 302
252 56 96
88 54 252 924
303 571 252 369 630
89 58 303
96 469 90 469 89
89 302 238 89
89 88 924
96 259 260 89
302 88 369 303
89 520 4 412 303
924 88 369 303
303 13 302
303 89 859 59 303
302 533 168 434 252
252 880 137 412 252
89 304 88 302
303 630 630 369 304
304 285 160 82 304
96 236 252 252
303 807 303 252
88 88 750 88
740 252 117 117 252
806 285 302 302 303
303 610 303
302 304 369 304
88 88 750
630 369 89
252 138 54 252 302
303 89 859 59 303
96 101 96
303 269 210 88
303 302 533 303
369 303 630 630 303
96 304 285 89
630 630 630 630 303
96 115 437 89
252 303
303 285 812 812 252
303 96 367 75 96
88 88 88 750 88
89 438 135 437 89
89 919 981 318 96
88 924 96
303 302 304 96
96 285 88
630 369 630 303
89 302 89
88 63 363 303
303 924 88 369 303
303 909 303 56 96
303 303 304
252 303 412 56 96
924 96 88
252 304 304
252 89 455 304
303 630 630 303 89
252 114 96
88 271 183 303
252 533 302 88
304 88 369 303
303 302
252 304 96
96 96 924
806 806 304
303 630 369 252
302 96
303 302 304 89
750 88 88 303
369 304 89 302
96 369 88 924
302 533 168 434 252
96 89 302 304
89 88 89
302 302 303 924
89 4 301 810 88
88 89 455 442 96
750 88 924
88 63 854 252
252 6 252 302 302
750 88 369 252
252 369
369 630 630 369 96
252 63 3 303
252 302 302
252 59 89
252 288 252
252 57 304 252
96 121 137 252
88 304 806 304
96 369 88 750
96 369 96
96 56 412 252
89 369 630 303
89 62 263 438 89
302 302 304
252 89 369 304
303 303 244 252
304 88 806
304 806 88 96
806 285 806
252 209 211 96
924 303 252
96 610 96
924 88 411 88
304 806 304
96 924 88
304 16 304
303 252
89 2 252
750 88 54 96
369 304 303
89 88 302
303 159 58 304 369
252 369 630 303
303 610 89 369
806 806 304 303
252 302 89
88 54 252 924
88 54 252 924 252
89 806 304 16 304
89 301 303
369 304 88
924 96
96 842 211 153 252
302 809 302 252 924
303 896 303 630 369
369 304 369 303
96 64 134 867 96
302 89 924
252 117 86 304
303 924 96
252 57 2 96 369
369 88 57 96
252 924 57 88
96 455 302 13 302
89 924 845 89
806 304
89 919 89
252 46 303
96 57 59 619 96
252 271 88 806 88
302 303 369 88
252 3 211 481 96
88 304 806
750 88 369 252
630 303 924 89
89 302 304 369
88 58 304 89
369 630 369 304
304 88 369
88 750 88 750
252 89 369 304
88 88 750 88 88
89 169 96
806 304
302 285 96
89 619 96
302 304 304
89 58 303
96 57 88
369 630 630 369 304
304 54 89 88
252 625 63 4 303
302 238 89
304 87 252
96 169 450 932 252
302 88
96 369 88 750 88
252 89 455 304
96 57 924
303 56 252
88 137 303
303 665 412 303
806 285 252
304 411 271 89
303 304
252 237 252 286 252
89 158 58 304 88
806 806 88
89 88 750
96 114 361 96
302 438 336 96
96 96
302 303
252 880 252 89 96
302 88 369 252 96
303 256 263 303
89 302 302
302 285 96
924 88 303
252 369 630 303
303 520 2 158 89
304 806
303 412 738 252
96 336 96 96
806 304 369
924 303
303 302 304 96
96 336 96 96
96 604 96 64 96
303 236 303
252 611 252
96 408 57 809 304
252 924 303 89
88 54 96
303 351 28 46 252
806 285 302 302
304 455 165 123 302
96 261 437 96
304 285 89
88 302 438 96
96 10 96
303 59 96 842 96
89 169 96
304 16 249 333 252
252 145 252
808 808 808
88 88 89
88 303 630 630 303
303 486 365 303
303 4 635 137 252
924 96 304
304 369 88 924
96 59 3 599 304
806 806 88 252
96 169 450 932 252
304 285 211 842 96
303 571 6 96
924 845 845 193 252
302 123 302
96 400 971 304 252
96 234 236 96
303 28 96
252 89 369 89
304 57 924
252 252 271 209 924
89 333 280 420 304
303 924 88
89 57 252
89 303 96
303 303 619 89
303 369
369 304 369 303
96 408 252 88 304
89 552 252
303 255 303
303 159 58 304 369
303 486 365 303
369 630 369 96
252 924 845 924
924 89 302
369 303
303 411 131 96
302 304 455 302
630 369 89 919 89
96 369 88 750
630 369 630 369 304
369 252
252 83 395 164 96
303 58 832 2 252
88 369 89
302 304 252 369
750 88 924
96 76 263 96
96 408 2 96
630 630 630 303
304 806 88 96
924 96 302
630 369
89 260 336 96 369
304 369 88 57 96
302 455 304
303 859 252
304 88 271 89
89 924 209 96
252 138 252
96 302 88 369
303 59 96
252 138 252
252 57 863 57 88
89 619 96 728 96
96 411 866 96
303 252
