58 54 54 57 59
625 252 832 1001
832 587 408
845 6 55 3
286 2 990
412 832 412
803 412 89 924 845
58 408 4 131 58
880 63 826 1001 3
59 481 845
586 86 2
2 1001 193 195
4 587 587 832
59 990 2 6 4
137 126 57
2 899 2 880
865 59 59 685
586 738 2
56 408 138 3
137 815 286
193 685 520
286 520 57
408 552 281 408 990
2 114 434 58
1001 826 4
408 520 138 685
408 126 211 845
826 2 323 3 195
2 809 63 586
3 886 665 411 193
286 13 305
826 586 2 587 4
137 815 880 859 2
56 949 55 193
635 4 193
305 815 137
58 158 209 233 532
59 832 4 194
59 192 408 408 408
193 63 137
57 698 56
412 520 138 685
138 481 698 481 3
625 412 625 63
520 685 281
880 57
3 1001 193
58 865 58 880
57 949 880 815 286
63 57 137
826 59 865
194 803 194
815 880 4 1001
2 283 2
2 249 211 3
286 859 243 211 56
59 174 286 4 990
408 826 990 803 803
685 859 408 137 635
138 301 138
845 305 56
1001 3 286 138 685
408 126 131 532
571 281 63 718 56
137 481 286 685
286 685 305 137
3 55 305
2 107 2
636 211 411 412
921 412 826 194
408 63 281 880
865 59
56 685 738 698 56
63 564 2
56 281 3
4 1001 3 571 3
586 832 252 286
193 832 63 880
863 57 832 194
815 194 194 137
193 193 1001 193 803
803 2 208 210 137
408 552 408
2 56 718
193 59 6 408
305 55 412 625 4
193 57 56 59
193 803 4
718 55 520
832 587 6 3
194 408 993
2 520 59 4
59 949 481 412 845
59 4 4
193 2 138
137 809 412
2 211 2 803
762 516 192 832
412 865 194 137
4 303 619 57
195 552 408 586
586 408 520 305
3 990 803 195
803 803 195 160 281
138 685 826 59
1001 832 63
59 812 520 286
880 2 865
194 685 193
865 194 281 718
58 865 845
990 408 993 408
193 411 281
921 930 921 138
634 635 812 826 2
635 137 4 826
412 738 520 208 281
281 194 4 803
4 571 2
625 412 4 424 58
195 826 59 194
2 193 859 137
685 412 615 518 58
58 87 412 305 59
755 211 411 2
2 57 408 520
1001 193 195 3
520 408 408 880
63 408 3
56 809 845 921
2 55 271 2
2 54 55 520
57 880 57
59 698 685
63 408
305 4 57
685 408 193
815 305 516 762
803 59 194
137 174 809 4
849 57 137 137
138 408 685
826 58 305
195 193 194 192 2
57 286 520 281 137
520 137 137
194 54 305 809 4
137 175 685 990
57 924 57 137
193 845 412 286
408 137 635
586 826 990 194
194 160 29 409 138
63 286 738 520
4 170 64 815
58 304 809 63
56 286 571 281 2
3 481 845
58 158 174 281
194 132 599 2 826
56 949 54 826
408 138 990 59
57 481 271 281
2 2 63
2 896 2 193 412
138 685 305
195 809 305
193 845 845
520 137 286
1001 4 2 826
865 63 921
57 194 865 63
803 826 2 434 408
826 56 286 138 3
685 55 520
990 285 132 58
195 803 826 586 194
4 194 859 826
59 56 481 845
4 587 587 237 587
2 59 990 4
990 2 58
59 803 990
286 2 408
138 698 412
826 54 252 812 685
56 174 59
281 685 138 56
2 845 2 2
3 832 1001
56 412 865 59 412
138 2 587 4
58 411 102 832
412 138 880 812 3
849 252 2
412 809 2 137
899 2 58
635 2 586 59
685 286 56
63 56 865 59
59 193 990
4 665 685 305
880 859 880 815
57 698 126 57
990 4 137
412 865 305
826 859 685 194
193 826 990 803
3 56 305 520 58
832 57 4 305
57 683 285 625
826 812 803
3 685 880
192 195 193 803
520 520 845 845 685
56 718 63
193 55 55 55 3
63 803 803
412 2 286 571
194 1001 193 685
826 195 211 586 195
587 832 2
192 195 57
4 625
571 4 635 63
305 698 412 685
2 56 138 990 59
194 63 803 63
137 54 138
863 57
305 738 520
4 142 83 252 880
137 252 849 849
194 194
586 194 59
408 993 408 993 408
832 102 4 137
4 285 59 826 63
849 63 13 949 305
4 286 571
58 698 194 3 408
845 281 57
1001 990 826 59
845 412 3
408 420 373 282 4
1001 2 886 3
63 832 2
880 56 55 698 305
59 305 54 412 286
58 4
2 865 194 63
520 815 880
685 4 412
305 809 2
880 685 57
4 412 625 408
865 412
137 635 286 635
803 193 1001 803
832 194 815 137
685 252 880 880 138
880 56 718 305
520 408 412
281 4 138 252 195
4 2 194
4 803 193 803
63 803 826
138 286 138 4 2
845 809 56
2 635 2
832 1001 826 826
58 412 408 832
57 55 193
137 211 636
57 949 481 586
1001 194 1001 803
56 921 58 282 586
586 826 408
826 195 194 408
826 54 137
587 234 121 58
901 137 571
685 286 815
990 803 1001 832 3
412 194 63
194 193 59 4
63 286 58
685 859 832 4
880 174 126 138
408 520 208 194
281 63 826
408 3 195 859 193
195 516 192 832
2 195 520 281
2 4 281 252 194
832 408 587 408 845
194 408 552 305
412 845 56 194
56 137 901
635 208 408 826 832
412 192 192 832
990 826 2
832 412 57 281
192 58 126 137
56 481 56
305 305 59
845 3 271 305
412 194 865
57 683 412
286 58 193
845 809 859 63
59 303 924 845
815 880 137
520 56 59 57
138 54 88 209 286
685 809 63
845 865 194
408 587 408 845
192 516 517 192 195
59 57 863 57 849
865 58 192
3 210 244 236 63
56 826 6 286
408 57 286 520
59 137 6 571
3 62 571
58 2 138
137 137 57
832 2 286 635 137
193 57 137 209 587
305 738 586 195
4 273 461 273 2
63 212 58
1001 193 990 305 63
56 845 412
520 195 412 845 63
884 884 412 303 845
832 3 281
63 132 949 305
990 3 57
281 949 252 412 58
305 408 63
832 193 990
408 685 3
408 516 516 2
571 4 408
3 859 105 5 990
408 57 285 286
3 587 587
4 587 237 162 58
803 1001 193 4
57 194 208 815
586 58 738 59
586 408 138
194 1001 194 281
138 54 520
4 193 845 865 2
58 880 880
832 59 738 55 3
305 718 5 194
3 412 826
4 286 571 281 56
281 4 564 2 2
195 411 174 57
57 64 601 859 281
63 63 571 137 571
4 56 56
520 56 865 305
286 59 685
587 58 826 826
195 803 63
4 698 59
3 195 2
845 408 625
305 865 63 158 58
58 803 1001 826
195 195 193
56 63 718 63
636 636 211 412 826
56 281 3 193
3 252 412
412 305 412 685 3
281 286 252 286
281 286 880
57 2 586
849 859 601 238 2
58 845 520
826 685 4 412
59 845 6 738 685
192 826 990 408
412 192 3 195
826 685 3
57 55 57 619 57
520 812 803
195 2 305 63
63 83 494 115 58
921 56 3
845 58 826
880 408 2 698 194
990 803 826 63
845 408 625 63
520 63 812 635
408 194 990
2 587 412 412
832 2 249 286 305
63 408 58 812 880
815 305 718 63
685 193 2
685 3 193
520 121 211 845
408 826 59 57 412
865 59 4 281 194
194 865 58 195
58 285 412
990 1001 803 58
56 305 2 859 286
59 6 3
2 880 408
408 58 880
286 160 882
520 59 845
685 54 166 4
2 880 281 990
2 832 193 408 2
408 2 138 3
990 193 6 57
58 303 211 809 63
412 54 698 738 685
2 166 520
59 54 57
412 55 412
845 812 282 87 58
4 4 990 826 193
982 137 286 4
412 162 532
408 462 408
3 2 859 194
865 412 305 880 3
286 56 194 193 2
194 305 718
412 809 63
3 55 63 193
57 302 88 63
408 587
58 809 826 859 880
286 738 586
58 408 832 520
520 571
281 281 56
635 137 3 880 59
195 193 408 832
193 990 4
755 211 636 636
4 564 2
2 193 803 803 826
586 412 865 412
58 271 137
59 137 815
412 2 3
63 208 194 826
803 803 2 408 571
412 2
3 587 194
305 880 281 685 138
281 131 481 305 4
1001 826 685
137 815 685
137 175 63 195
865 412 192 826
685 58 921 58
194 826 63
56 303 520
586 285 285 586
412 481 59
685 815 63 212 58
138 412 481 55 59
194 58 56
3 473 533 63
58 192 58 685
520 286 685 286
625 408 192 826 56
815 880 880
826 2 738 57
56 55 58 809 826
412 55 3
845 481 59 859 849
1001 193 1001 832 412
305 2 58
286 63 4
3 1001 193 2
57 305 305
193 412 305
2 516 195 192
4 281 58
635 4 520
865 56 520 286
56 59 137
194 1001 832 1001
3 195 826
625 408 58
2 826 586 738 412
58 58 826
2 564 365 137
59 520 305
685 845 305
635 4 138 137
994 6 826
58 812 990 1001
832 832 252 63 832
520 812 193
865 845 3
194 803 193 408
408 137 252 59
59 281 281
57 4 412
520 4 812 845
57 137 3
2 208 685 990 408
571 2 56 865 56
63 625 412 281
286 635 634 634 634
57 520 408 59 586
4 55 738 57
63 865
286 738 685
2 516 2
826 826 56 286 138
845 63 738 685
921 859 921
412 698 126 126 286
520 520 520
2 211 2
281 520 56 137
138 286 880 3
57 56 520
826 63 195
2 285 809 59 2
4 520 571 3
1001 826 826
281 932 269 810 520
137 137 4
532 285 532
2 249 286
195 809 2 305
803 767 803 859 815
408 2 698 194
845 305 408
59 195 305
586 2 193 408 625
882 166 137 635
2 193 55 685
3 56 532
63 845 812 3 587
3 63 54 55 194
1001 193 2 896 2
281 990 59
845 6 183 355 63
63 126 57 408
520 4 281 286
685 138 59
138 285 2
990 5 6 587
286 815 138
571 137 56
2 812 2
832 412 281
305 683 131 532
845 408 56 880 408
63 169 256 303 412
685 208 194
635 4 59
194 586 826
305 305 6 59
845 809 4 138 412
412 412 832 195
194 685 193 194
412 552 137 3
4 360 4 408
57 809 826
803 59 826 63
921 845 921 880
138 137 635
2 195 809 59
194 192 192 412
59 174 56 520
826 192 516 2 990
194 832 826
2 300 194 208 57
520 195 194 3
2 1001 2 587 194
520 859 195
63 411 2
305 698 481 138 2
899 2 96 4
193 195 859 826 4
194 58 803
3 281 990
2 886 2
2 880 138
1001 194 208 481 586
286 738 2
826 990 2
587 412 4
412 832 192 195
305 4 685 4
815 208 194 58
63 236 587
4 803 803 195
305 56 412 195 63
137 665 2 899 2
803 859 832
195 195 2
685 305 2
412 625 408 826
865 412 3
305 718 63 54 57
685 56 809 63 921
863 57 698 138
408 138 56 826 192
520 571 2 685
137 685 990 3
281 285 63
194 137 901 137 635
412 520 845 4
845 305 57 56
803 812 635
990 138 921 880
685 826 2
192 195 63
194 59 685 2
845 305 54 58
832 2 57 195
408 685 281 845 281
2 208 210 137
56 408 3 137
571 2 281
193 832 193
849 849 252 58
137 281 845
59 803 4
281 63 718
685 208 809 412
281 990 305
408 880 57
193 55 718 56 880
194 56
520 195 809 195 803
2 865 412
412 826 192
880 4 193 195
195 803 826 1001
882 160 137
928 211 412
193 4
192 271 63
286 305 685 281
849 859 408 845
408 571 281 63 718
56 619 56 2 865
281 571 4
826 803 59 412
826 194 194 305
58 54 803 826 195
412 812 63 56
57 4 6 880 137
195 208 211 174 815
586 195 59
412 211 194 586 59
990 1001 826
57 63 486 286
815 57 137
412 665 4 3
832 193 832 2
193 160 601 57 193
2 126 4
803 2 281
281 4 412 845 281
880 812 990
408 587 58 865
58 271 698 57
921 412 685
2 63 552 552 57
194 193 192
412 859 57
845 56 845 59
3 137
520 571 281
412 552 195 411 58
990 408 408 59 520
56 271 4
826 859 880 56
193 408 3 59 412
286 859 56
59 3 56 305 520
56 826 990 285 4
58 422 145 571 4
803 1001 194 1001 2
408 845 193
634 634 635 208 58
832 193 832 58
56 619 303 859 63
826 195 281 3 281
412 991 859 89 412
408 832 193 990 685
59 195 195 4
884 884 412 991 520
63 880 685 193
826 412 803 546 2
137 635 634
412 211 210 252 56
59 826 59
195 193 832 193 990
412 305 59
63 56 2 13 56
412 59 2 4 571
532 520 571
63 209 56 738 305
195 252 412
412 586 58 56 520
281 949 132 2
59 880 685 685
849 63 803 803 58
63 481 3 56
532 132 532
412 195 57
803 803 193 1001 4
56 809 138
281 408 520 195
718 281 4
412 211 194 586
408 2 138
57 59 408
4 194 587 412 845
571 63 625
56 698 2 2
865 56 408
412 832 59
63 865 194
58 192 2
63 252 849
58 552 126 208 520
193 1001 832 412 586
63 921 880
57 137 2
286 63 56
412 4 845 845 281
412 411 211 286
281 859 990 285 990
685 520 281
193 408 2
286 138 56
286 2 193 3
3 286 286
880 812 4 880 408
193 195 826 195 192
56 738 281
2 162 532 532
412 55 55 412
625 252 138
195 832 520
138 285 2 520
192 832 520 571
832 826 194
532 63 303 571
571 286 137
4 55 126 286
4 411 58
412 826 59
2 587 4 832
2 698 56 4 408
2 738 738 59 137
58 886 601 3
880 281 286
3 411 665 58
755 211 211 636 636
58 63 571
63 738 211 755
412 685 59 990
137 175 685 685
4 520
520 685 63 532
193 57 138 880
3 587 832 826
137 408 285 96 57
826 832 194
993 408 685 281 845
2 4 803
685 193
194 4 803
3 194 1001 6 994
194 211 152 283 2
58 159 238 2
990 408 286
57 195 520 56
194 1001 193 990 305
412 481 58
826 826 195
2 192 4 286 286
137 408 212 408
880 63 826 1001
193 832 3 192 4
880 408 194 990 3
718 55 949 56
921 880 63
412 738 58
286 408 826
137 286 286
137 281 63 826 1001
281 305 865
58 59 481 58
3 571 63 305
625 412 865
849 849 387 849
408 305 305 865 59
281 738 412 832 408
305 211 990
826 56 738 281
281 6 587
4 252 59 192 58
58 826 4
192 832 194 192 58
634 634 635 285 63
305 285 921 63
520 281 698 412
3 4 63
281 281 174 63 59
520 58 305
408 305 286 56
586 826 412
63 832 63
880 137 2 194
59 738 59 138 520
57 880 408 137
880 56 58
58 408 286 58
281 63 625 412
586 211 698 2
57 698 4 281
195 286 56
138 56 57 520 685
137 6 408
2 520 286
408 137 54 138
571 373 58
57 286 571
194 195 4
63 194 252 803
520 281 137 665 685
3 208 57 520
826 58 615 58
305 211 571 137 56
845 859 434 58
826 160 194
192 411 55 193
286 2 249 278 63
921 845 408
2 865 63 921
2 698 55 126 137
63 281 880
845 481 211 286
635 634 634 635 520
137 571 3 1001
193 2 137 685 59
412 412 411 211 408
412 552 281 56 4
832 194 56
815 57 281 718
63 56 685 408
990 4 54 57 58
412 884 884 412
2 252 625 63 4
63 269 820 412
63 46 3 286 56
685 845 412 195
58 880 138
57 532 107 63 803
865 845 812 4
58 615 58
286 305 718 281
63 56 826 54 520
755 211 412 408
192 4 194
4 4 880
408 305 243 57
286 305 990 138
59 845 865 845
59 4 271 57
281 58 209 63
803 1001 990
634 634 635 4
63 4 408
286 2 281
58 138 54 57
192 412 138 880
58 192 2 194 865
63 137 481 286
305 174 57 863 57
826 826 160 63
520 137 57
880 59 138 54 56
2 481 138
57 408 586
880 408 57 286
58 6 285 990
685 175 685 193 990
286 58 832 520
532 56 718 305
2 845 193 3
58 481 252 194
138 880 138 815 286
1001 3 412
884 412 59 193 990
2 845 63 815
57 532 175 137 57
192 826 812 990
408 286 3 63
192 102 4 286
56 3 138 921 880
2 2 59
882 160 318 256 63
63 809 2
625 285 685
63 412 832 826
281 160 4 63
58 408 192
826 812 990 1001 990
635 137 174 281
635 137 635
4 552 208 738 520
586 58 126 586
625 408 552 532
587 194 815 859 408
57 412 57
281 56 57 286 2
899 2 826 2
832 193 59 832 4
880 3 193 408
880 880 4 192
59 59 192
845 56 865 845 63
195 6 587
685 408 194 194 63
3 193 193 2
195 803 826 1001 194
59 54 826
63 826 193 2
193 57 138
2 54 138
408 685 826
685 826 192
625 285 58
195 252 55 949 59
826 412 884 412
305 481 285 685
586 126 586 126 138
58 13 2 252 571
921 859 921 6 193
587 2 803 2 865
137 59 880
56 252 6 56
408 832 826 252 2
622 238 2
2 665 3
194 252 137
832 3 57
815 859 880
571 285 486 160 286
571 3 286 137 305
685 4 685 59
832 3 137
281 408 990
520 286 532
138 3 138
412 211 57 305
4 698 285 132 194
195 738 195
520 552 738 520
56 57 4
990 193 57 138 520
845 56 921
412 685 815 685
718 305 412
195 59 195
718 56 56
865 2
59 59 520
408 57 949 281 305
832 2 194
2 880 56 305 685
634 635 137 286 138
880 138 63
2 252 58
286 412 281
884 884 884
56 865 56 520 408
3 990 138 56
58 89 63
990 3 57 815
412 832
58 55 685 193 3
305 64 57
138 126 56 3
195 809 412
921 6 193 3
138 880 58 921
57 408 880
2 408 305 685
532 552 412
305 412 685 3
2 249 278 63
59 803 826
2 140 209 137
412 238 587 194
281 412 685
281 481 412 193 685
57 815 685
59 826 990 408
412 56 865 58
1001 2 4 286
587 408 63 3
571 137 3
635 520 3 63
2 859 286
281 990 193 193
685 826 192 3
520 252 4
286 571 281 2
305 516 305 420 520
195 63 865 412
59 305 194
412 56 520 286 305
281 5 517 192
194 685 520 4
921 56 845 408 58
194 826 685 63
63 131 305 604 305
4 63 194 815
826 193 195
58 412 625
281 59 192
863 57 59 57
826 193 59
990 138 2
520 252 249 137
2 59 56
58 698 412
193 57 286 174 880
138 2 1001 193
408 411 54 137 685
412 921 6 137
826 990 826 63
137 208 815 137
57 54 63
194 192 517 195 305
58 303 63 865 845
901 137 63 169 137
520 832 408
281 552 57 193 59
138 685 845
408 571 63 4
990 2 58 520 281
137 815 92 520
571 3 1001 826 2
3 3
532 286 4
281 411 683 305 194
412 826 194
990 2 192
137 285 209 587 194
990 193 63
4 137 685 880
57 408 408
845 845 193
845 685 305
685 57 58 880 408
305 305 194
990 59 619 56
138 520 305 865 412
193 990 685 59 990
880 138 520 138
1001 832 412
990 408 137
3 481 698 59 137
412 803 54 138
412 698 685 685
194 63 63
195 412 803 59
58 54 532 286 138
412 826 809 305
2 635 137 3
194 587 412 412
520 685 949 57
412 4
281 174 3
286 305 815
57 880 408
59 56 865 63
4 256 4
2 55 2 281
286 412 685
59 195 826
63 57
194 815 685 138
921 880 281 4 412
286 6 59 194 408
4 4 193
193 990 685 845
192 826 803 2 281
408 96 2
803 1001 3 286 138
921 412 698 738 281
137 21 520 22 137
845 193 685 57
3 599 158 599 2
137 286 880 63
194 160 138 815
845 859 411 412 884
59 859 826
832 59 55 193
192 59 886 2
305 604 411 55 2
195 586 58 738 59
194 2 56 532
194 281 57
194 238 601 57
56 3 408 880 58
193 412 408
192 5 286 56
412 194 194
194 59 990 193
138 880 137 4
137 22 520
56 6 195
137 160 826
880 812 4 3
192 193 59 57
58 412 865 412
3 408 138
137 271 63
4 195 252 194
193 55 63 635
59 408 880 56
305 2 412 4
520 208 281
990 408 58
990 281 194 803 412
286 58 234 587
57 832 194
884 884 412
138 252 175 685
281 63 57
3 249 286
3 412 2
305 990 194 832 192
56 138 921 845 408
412 2 56
56 880 408 990 1001
4 738 411 195 2
408 586 2 4
137 2 586
63 303 665 58
880 921 138 59 193
412 812 285 520
59 2 586
586 194 305
305 57 305
56 281
63 175 137 281
3 57 863 57 832
58 431 4
63 803
532 54 4
685 2 195 586 2
194 3 194 281
408 412 888 412
56 481 138 685 57
803 812 990 3
192 192 58
3 990 859 990
803 546 546 2
1001 193 4
57 698 56 57
635 208 63
571 281 880
815 685 57
832 195 533 194
57 58 880 408
571 552 412 281
635 2 635 4
826 63 803
2 107 128 254 137
286 252 56
826 4
57 208 481 56
815 305 59 845
59 192 3
4 990 826 193 3
685 408 194
2 252 4
57 832 586 826 1001
1001 803 812 845 685
2 865 2 63
305 59 408 845
281 56 859 886 2
4 6 880 137
193 193 2
137 982 137 982
845 193 195
305 6 56 56
63 803 63
832 59 138
194 3 990
520 89 924 612 4
634 634 635 520 286
832 192 195
57 304 57 863
412 55 718 281
685 252 520 2
57 252 63 520 195
137 87 412 57
56 54 304 57
625 412 625 63 803
2 54 58
2 481 809 738 58
137 114 2
63 208 809 826 63
286 738 56
63 826 193
4 305 880 59
815 880 286
4 195 58
192 195 520
832 59 63 685 58
3 4 571 520 59
635 812 826 193
880 286 2 408
56 865 305 516 408
137 175 665 54 194
195 826 1001 803
3 208 685 685
4 859 211 928
57 520 3
685 305
305 138 63
4 738 195 832
137 685 685
59 138 56
305 54 685
832 193 412 552 281
685 57 3
4 880 58 826
412 587 194 194
305 54 520
880 281 4 412 845
57 880 3 2
58 57 880 3 2
58 3 137
520 832 194 1001 832
832 192 194 57 880
408 625 4
193 194 56 412
899 2 333 473 412
803 54 58 411 281
408 56 685
56 126 271 738 56
58 158 89 845 408
4 273 13 58
520 845 56 281
412 286 532
4 281 137 982 137
63 54 532 131 63
57 88 411 195 286
4 162 4 586
193 57 137
194 59 865 63
2 4 305 604 305
56 865 845
63 635 4
520 285 57
286 281 56 4
3 412 552 63
990 803 193
880 166 174 57
4 59 59 192
520 54 252 175 685
138 921 880 281
138 4 434 412
305 131 4
286 305 718
865 59 886 3
63 599 481 3
990 3 971 59 4
880 880 4
57 193 192 3
195 412 803
571 303 412
63 56 54 520 685
63 2 990
193 990 138 2
635 286 520
59 160 137
762 516 305 305
408 845 281 305
625 412 193
571 137 408
845 59 55 57 56
4 665 859 832 59
826 809 859 195
281 408 520 195 305
286 859 56 58
59 194 832 2
59 826 194 826 58
286 195 412 192 193
865 845 685 281 880
2 4 286
59 3 990
193 832 520
138 408 138 408 63
63 56 738 285 138
685 412 55 718
137 880 63 571 2
63 685 55 3
685 845 809 56
193 812 3 971 4
755 211 412
865 58 880
685 845 3 89 305
192 826 6 58
59 56 4
56 865 2 138
63 412 884 412 586
305 990 1001
56 412 845 59
685 826 192 408
193 4 4 434 63
59 408 58
845 305 137
57 520 408 408
63 286 532
3 56 252 54 685
59 685 880 59
305 408 5 815 880
281 54 520 571 4
57 481 131 832 63
520 54 56 137
755 211 738 738 195
137 59 194
58 826 59 845 63
137 412 832 59
3 174 685
192 832 408
58 826 56
880 174 137
138 921 63 921 845
193 193 193 59
58 587 194 59 990
59 809 685
3 587 237 587
193 195 520 137
63 4 532 520
520 832 826 586
884 884 412 58
408 832 520 412
636 211 412 826
532 211 842 211 286
63 305 281
305 845 305 683 57
286 305 195
634 634 635 137 982
408 96 89 88 63
412 803 826
58 132 305 880
685 57 2
195 832 412
192 832 1001 990
587 194 1001 2
1001 193 57 281 194
815 92 434 137
832 586 195 305
921 845 921 58
193 859 990 281
803 990 1001 6 4
137 194 132 305
193 195 826 195
58 665 107 137
3 192 194
880 56 305 685
532 132 194 412 195
56 63 412
56 271 698 57
56 718 56 194 803
685 252 859 990 3
718 55 6 1001
921 412 625 63
281 859 832
59 412 411 286 195
63 89 4 58 305
520 4 412
281 4 412 845
685 809 137
826 859 303 3
685 285 58 192 2
194 587 58
880 2 832 193 63
685 845 63 832
520 89 411 194 137
286 137 249 236 587
281 990 138 59 56
59 193 685
2 3 57
832 2 1001 2
803 412 138 880 4
57 58 520 4
880 308 2
880 59 160 195
634 635 634 635 634
408 59 880
286 880 408 194 990
408 281 286
58 54 56 252 832
4 55 698 58
3 193 408 520
685 520 520 520
286 138 57 412 586
520 305 56
826 859 921 412 921
57 532 56 408
63 54 126 408
194 586 59 845
832 192 807 192 193
755 211 195
59 252 2
412 194 58
63 56 520
137 481 137
408 685 412
880 815 880 3 63
990 59 56 481 845
921 880 880 174 137
832 3 845 56 845
408 271 131 532
137 412 865
685 92 815 685
3 81 211 990
880 63 718
59 286 281 698 57
634 634 634 635 2
286 281 305 865
137 88 121 665 58
832 859 921
137 809 845
412 991 412 56
59 832 4 194 586
412 55 58 803 195
408 586 408
880 58 57
685 305 63
408 252 803 990
3 601 58 195
815 859 921 880
58 3
865 412 138
138 63 481 286 56
63 138 481 286
137 812 886 59
58 142 46 46 3
625 252 194
815 880 57 832
4 803 195 3 4
832 408 520 815
59 845 812 58
192 193 859 990 305
826 586 412
412 193
532 131 63 412
195 193 194
56 286 571 281 305
803 1001 826 194 685
412 481 138 56
193 845 58 286
586 59 803 990
532 552 532
286 56 408
138 305 58
58 285 635 634 635
63 845 56
803 195 2
59 6 408
2 55 59
408 194 373 92 685
57 56 281
56 698 552 305
685 738 305
63 286 532 162 4
755 211 371 155 137
520 845 63 286
520 635 634 635
57 281 481 845 56
571 281 3 412 412
880 424 304 211 586
520 4 192 3
195 195 58 63 685
4 533 194
56 138 412
635 634 635 285 921
880 4 89 160 63
826 192 3 58
195 520
586 826
137 520 859 59
520 4 174 815
281 412 587 832
3 175 15 211 2
880 880 286
138 921 56 619 56
56 949 56 845 305
826 803 803 990
56 520 845
4 211 738 58
57 481 286 305
3 587 832 194
880 58
57 412 586 63
63 286 412
586 408 520 305 4
305 738 131 2
4 859 2
865 59 865
3 174 286 2
59 886 3
63 6 2 685 59
193 55 59
4 826 586 58
412 3 1001
990 826 63 411 58
586 408 832
2 192 58
408 625 408 826
832 59 305
192 408 63
865 845 2
412 884 412 286 58
832 587 209 160 281
412 921
408 552 4
57 208 411 481 56
2 57 208 285 586
1001 3
137 481 131 281
63 132 192
281 194 4
408 286 532
137 4
685 685 4 520
59 5 237 236 3
138 880
990 859 408 625 408
59 832 832 58
305 63 832
286 286 412
882 166 520
408 586 2 4 56
832 4 412 587 832
138 58 58
412 991 859 803
520 54 281
286 6 520 412 56
281 845 520
137 58 803
194 132 599 2
58 56 865 63
412 408 57
195 520 58 880
57 552 55 63 832
57 3 845
59 2 880 57 193
305 6 587 408
63 832 194
56 685 698 412 520
571 62 859 685 990
195 3 880
58 586 481 4
865 412 58 832
58 208 57
195 803 990 685
58 2 803
849 252 194 990
58 89 57 194 4
982 137 4
57 3 195
2 738 685 481 845
193 192 826 4
2 886 59 880
412 138 921
990 3 812 520
845 481 281 552 4
305 63 412 884 412
305 409 138
59 192 195 3
59 685 3 2
59 137 138 252 63
4 174 520
762 516 517 195 2
880 859 286 63 4
59 826 1001 194
880 58 57 849
520 832 192 193
192 2 899 2
412 665 685 809 59
58 13 286
3 812 520
718 63 586 408 880
832 59 832 193
408 586 408 520 305
845 481 59
586 194 815 685 408
412 412
408 408 138 990 59
305 845 865
586 4 283 4
192 408 408 63
826 195 194 408 826
281 13 211 194 56
3 138 59 685
921 412 625
286 286 195
762 516 517 305
58 685 137
4 3 4
803 990 194
586 59 286
2 899 2 305
59 89 3
4 102 516 408
803 990 281 3
193 412 803
59 481 4
57 880 949 880
2 195 586 2
286 305 880
194 63 126 56 865
2 990 193 192 408
635 63 408 137
899 2 803
826 59 845 63
408 520 138 520 305
58 412 256 58
412 803 195 3
412 59 195 192
832 252 924 845
63 63 880
58 87 412 305
56 619 59
137 54 63 193 408
845 56 845
194 1001
63 481 63
192 2 803
193 1001 3 520
137 412 832
990 281 845 89 57
2 252 59
194 305 59
63 552 195 59
137 138 685
832 1001 4 56
56 252 303 412 56
863 57 286
63 208 2 56 137
520 412 195
138 408 859 408
63 269 820 412 685
685 520 4
832 408 587
305 138 59 58
880 949 809 4
138 481 285 58
990 305
571 252 832 194
2 4 411 460 57
832 59 57
57 880 812 812 58
412 826 803 803
56 54 208 137
4 809 809 481 63
63 54 803 826
520 845 845 685
4 408 880 408
880 58 434 132 59
2 63 55 63 305
990 194 1001 193
192 412 832 193 408
2 685 59 281
826 193 59 949 56
832 520 412 138
408 57 532
194 865 56
865 56
59 880 137
194 373 552 571 281
718 5 58
685 56 826
4 57 832 194 281
685 138 880
63 286 305
520 59 408 880 56
408 192 412
408 137 138
281 56
408 625 4 138 56
634 635 286
3 59 865 2
63 210 3 281
586 195 826 1001 803
826 412 192 516 195
305 56 138
193 193 685
58 812 59 57
880 308 532 63
138 305 990
815 815 138 4
193 63 408
685 815 520 281 57
774 285 571
59 832 4
1001 193 3 2
57 481 305 412
56 865 56 138 412
412 59
815 520 183 286
685 194
63 194 412 57
2 865 194
685 812 412 826
4 612 162 412
826 192 4
281 56 826 252 194
192 516 195 305
56 845 865
571 288 333 517 192
880 57 126 552 195
408 625 63 59
2 192 194
195 174 408
305 5 990 281
195 552 305 195 281
193 990 803 193
57 63 56
412 194 195
718 281 718 63
286 138 301 4
194 815 305 516 762
2 635 137 3 880
192 3 56 57
2 571 286
286 2 635
832 586 194 1001
586 59 803
832 192 59 193
685 412 683 412
57 812 880
305 494 234 58 138
192 195 281
195 208 3 55 3
59 408 281
194 859 826 59 63
880 921 63 194
685 281 845 281 571
56 481 56 252 59
57 138 252 854 63
137 815 880
3 571 286 286
634 635 285 921
57 619 57
56 281 718 56
192 517 195 305 286
305 138 880 58
4 211 58
803 412 991 520
921 412
56 211 408 137
137 371 87 665 137
520 252 809 138 59
58 54 137
195 192 59 56
571 285 59 193 408
2 698 56 4
587 209 160 281
520 532
845 193 160 114 4
3 520 815
408 59 586 832 192
412 481 59 826 195
56 826 803 58
2 685 137
571 4 845
826 685 59 57 849
305 990 193 832 194
832 408 587 408
520 59 195 803 194
58 193 1001
137 371 355 137
845 408 194 3
193 2 192 192 192
138 86 2
58 194 698 138 412
826 6 3 3 56
63 586 408 832
286 685 408 194 194
832 832 832
520 2 57
305 865 412
2 812 886 3
194 826
138 990 803
880 58 880
63 305 408 408 880
4 408 194
408 6 845 412 58
137 520 412 685
137 59 2 880
803 826 63
408 211 683 281 2
4 832 587 3
63 272 3 57
832 192 193 685
3 859 252 809 59
408 587 4
58 59 586
63 571 4
865 59 59
281 63 195
305 55 305 4 586
990 1001 3 57
56 58 586
880 305 59
194 3 286 880 685
520 520 738 252 286
58 832 194 815
685 193 812 285 635
635 520 56
56 305 685
137 880 137 56
137 2 880 59
520 408 138 56
412 286 412
138 63 571 408 685
194 990 138
408 880 812 2 1001
63 820 215 128 3
815 880 3 63
305 520 2
4 162 58 921 63
281 880 2 832
59 880 685 138 59
2 59 826
408 826 58 845
3 57 54 174 4
56 3 138
193 812 826 412
571 408 880
63 520 408 63 635
193 195 832 58
845 305 57 56 685
281 990 138 63 571
58 211 571
412 412 698 58
685 481 845
2 517 305 56 865
520 832 587
587 209 812 886 59
57 281 305
305 305 845 412
56 859 4 532
194 252 832
587 832 520 6 59
586 4 408 194 194
586 195 826 1001
137 305 698 412
1001 832 59 832
718 56 865 2
408 63
4 59 886 3
281 195 281
192 3 195
59 63 137
921 859 137 408
520 195 803
57 285 4
59 193 803 859 2
59 4 587
59 194 803
412 59 58
193 990 685 59
59 698 281 683 57
685 815 520 281
2 516 2 865 412
195 859 990 685
803 826 195 194
2 1001 193 2
58 803 412
532 552 305 815
195 809 195
412 888 412 286
63 62 4
4 158 930 921 58
193 859 991 520 412
412 625 4 329 63
571 3 57 685 4
305 865 865 63
832 194 192 58
58 252 625 4
63 832 412
826 160 493 212 58
58 56 271 408 63
520 281 520 281 571
408 517 305
815 305 412
520 59
281 57 57 59
3 208 520 832
635 812 126 408
520 991 812 126 2
3 208 520 832 194
412 991 412 809 59
3 859 195 3
58 812 880 57
58 126 57 3
305 4 59
193 1001 803
56 305 520 195 57
195 517 305
3 411 4
2 59 192 193
305 211 58
58 175 63 880
832 252 286
990 138 4 434 412
832 57
56 738 305
408 281 845 408 281
4 195 803 990
685 685 54 826 412
193 685 57 57 58
58 57 63 56
2 193 685 57 57
586 285 305
1001 3 286
59 412 193
57 126 698 4
305 990 138 63
56 59 137 252 520
412 859 845
286 126 138
803 1001 803 812 845
281 571 211 56 63
408 845 56 286 3
193 192 59
845 809 5 63
58 194 305
2 305 949 281
899 2 990
305 194 4
2 96 4
281 281 571 211 56
3 192 408
815 57 832 832 59
4 586 59 59 192
845 845 809 137 137
63 845 193 845
990 285 412 481 4
137 281 718 281
58 174 520
880 2 865 194 63
990 281 3
137 685 57
192 2 899
56 865 56
520 56 408 412 2
880 59 586 832 4
56 865 56 809 685
635 126 408 412
194 803 412 63
195 211 636
56 412 195 63 815
2 57 698 57
845 281 58
305 138 520
832 587 412
194 195 520 845
305 305 990 59
59 990 281 56
58 865 865 845
286 63 408 194
532 211 3
63 845 193 4
845 812 412 193 412
990 193 412 865 305
990 3 59
58 826 59 845
