211 599 208
211 285 126
738 305 949
208 685 208 211
481 59 57 137 211
481 55 412 303 285
285 174 54
552 481 138 54
285 105 771 518 211
738 411 55 809 54
738 281 738 685 285
126 635 285
208 552 949 552 809
208 411 208 408 285
285 806 304 285
285 408 211 571 211
126 138 63 411 552
54 807 211
698 698
738 211 582 211
552 412 63 126 208
988 411 55 126
698 698 56 949
552 208 305 949
211 586 4 738
285 698 552
738 131 683 285
211 281 13 949
211 13 126 271 552
698 55 481 738
285 57 949 809
285 126 4 208 54
54 665 412 285
481 305 809
604 57 863 57 698
55 1004 55 738
809 305 552 137 208
285 520 55
455 330 455
698 281 54
809 698 208
55 949 685 685 481
809 174 54
738 208 495 5 285
55 665 685 481
211 303 411 738
949 132 809
698 738 281 738
54 698 685 738
54 2 54
809 685 481 698 698
949 13 211 455
211 845 183 209 211
208 738 286 532 285
552 738
55 107 285
55 59 4 54
54 685 685 55
698 281 211
728 96 58 126
949 132 809 809
211 738 55
698 305 738
55 252 286 281 698
481 898 230 898
54 138 481
646 411 285
481 55 685 56 809
949 880 63 552
55 59 54
481 271 281 211
54 285 304 455
698 481
552 809 54
809 481 809
126 208 114 455
285 271 4 698
698 305 408 552
211 89 285
949 131 55
683 305 208
949 552 698
481 285 738
54 949 880 174 208
285 411 859 132 949
126 812 208 285
55 63 481
54 481 898
455 485 981 411 126
54 59 809
646 646 646 646
208 57 520 635 208
809 132 738
285 166 2 55 809
866 411 57 54 738
208 329 249 166 55
949 281 683
698 412 698
211 455 438 115 455
455 375 455
738 286 195 211
54 6 6 685 55
987 123 411 728
683 131 211
949 211 103 211
552 131 55 738 552
285 562 160 193 55
211 56 738
55 4 57 285 809
126 271 126
285 685 685 54
285 411 987
211 489 211 2 698
949 57 304 285
55 698 126 126
208 195 826 809 949
809 2 738 211
54 249 490 371 211
698 552 809
211 532 285
55 285 698 211
898 230 5 469
208 635 208
54 56 126
987 123 987
898 898 481 738
698 126 54
809 138 880 174 285
208 411 469
285 635 285 552
211 126 552 4 285
481 131 604 211
285 303 249 54
455 96 13 481
809 211
285 571 285
738 56 949
285 88 96 285
455 847 443 116 987
455 304 806 285
54 305 54 552
211 411 481
738 63 552
949 59 132 208
698 809 211
285 208 285
55 4 57 285
552 89 285 738
949 55 552 208
54 552 738
738 4 552
211 481
604 96 285
455 470 455 455
683 57 924 211
552 949 132 481
285 586 126 54
54 698 738
54 481 55 552
208 564 208
55 809 285
54 698 54 698
552 54 55 208
738 132 599 481
285 809 54
54 949 54 552
285 990 285
455 470 986
552 285
285 286 412 55
552 57 285
54 138 698 552
211 208 121 285
54 809 738 55
126 552 285 809 208
481 738 286 126
285 586 58 698 698
866 411 469
809 138 809
211 57 305 698
809 252 281 54
698 685 698
208 63 718 55 809
738 738 55 4 208
126 698 126
987 438 337 135 455
211 174 854 285
285 698 685 481
285 138 56 54
285 562 285
54 166 58 738
698 685 208
809 88 89 469
211 698 211
285 806 89 806 809
738 208 3 412 211
208 55
211 705 211
809 412 809
208 63 532 54
208 285 211
809 809 481
698 4 82 552 481
698 54 738 63 552
698 208 599 481
809 4 809
809 138 54 174 211
211 57 54
211 571 286 285
54 96 728
285 303 281 2 285
285 990 285 211
211 683 683
211 807 54 211
698 211 604
211 211 211
455 411 728
949 55 685 815 208
54 252 738
552 552 949
949 131 285
698 949 698
455 261 93 166 55
126 63 126 131 683
211 455 170 987
208 685 738 4 285
738 481 809
285 685 949
211 215 189 87 552
552 58 208 481
54 685 59 738
54 685 55
54 126 552 373 552
285 13 980 470 986
809 132 131 698
738 411 121 208
898 481 738 132 738
211 56 809
211 254 285
285 921 859 812 126
211 131 271 126
55 411 552 738 698
698 698 305 809 54
738 195 412 55
54 807 211 285
738 55 54 552
208 698 55
208 411 604
211 419 337 6 481
481 58 698
126 138 520 55
738 57 685 481
55 738 54
738 698 809 302 809
604 411 373 552
285 571 552
208 131 54
698 59 54
949 411 986
552 809 211
481 55 411 866
211 286 285
809 552 55
54 481 481
126 271 589 564 208
285 59 137 208 552
211 252 54
809 305 208
54 411 949 809
55 55 411 728
481 131 54
54 438 455 58 211
285 58 809 698
552 63 865 58 455
728 885 887 885 728
285 126 411 988
683 131 646 411 867
55 305 54 211
126 126 552
698 281 738 271 55
54 826 809
552 285 481
55 126 126 408 552
208 2 137 208
211 552
683 305 949
211 928 211 58 285
552 6 55
211 82 116 329 469
211 209 126
552 55 285
698 305 809 208
208 57 126
285 685 281 552
898 481 55
54 138 412 281 54
683 683 305 949
986 470 986
211 683 683 411 285
285 698 208
55 481 285 481 552
646 646 131 646
809 138 285 481
809 55 552
126 552 481
809 5 738
949 54 285
809 56 59 55
738 738 208
285 54 698 55
949 552 208
126 408 520 552
481 698 55
285 138 285
552 520 2 685 809
738 208 552 552
54 438 54
285 698 481 285
949 211 683
285 698 481
126 57 683 683 285
809 55 305 54 211
211 121 438 54 54
54 2 698 55
469 211 604 131 208
211 611 211
285 949 271 455
552 208
126 208 55 698 126
208 809 738
949 411 131 58 54
469 258 564 126
552 738 520 252 481
208 195 552
55 698 481
211 698 738
126 552 4 285
55 698 55 208
481 208 208
987 116 115 155 211
949 55 698
809 481 55 718 55
208 812 635 126
54 55 6 481
698 55 481
604 57 408 408 552
809 552
211 121 438 54
208 2 271 481
481 481 481 54
211 646 211
54 4 285
738 252 55
126 131 949 698
285 949 131 55
455 485 455
211 859 195 738
54 826 412 665 55
285 685 4 56 211
211 194 698
698 55 481 738 211
55 698 55 285
738 285 683 683
211 411 738
481 57 57 698
552 698 54
738 131 126
55 411 866
738 4 285
126 174 175 15 285
949 880 174 208
211 698
949 411 988
208 208 131 949
285 520 738 55
211 89 158 132 481
211 809 63 56 698
949 698 552 809 211
809 465 316 6 552
455 411 88 54
455 131 646 646 211
738 57 211
208 815 305 698
126 271 366 44 211
949 552 809
208 126
285 174 211
738 809 208 131 208
698 211 55
809 949
552 285 738 305 54
126 271 56 698 949
211 249 54
683 131 698 481
211 138 285
552 518 132 59 481
126 174 211 126 54
738 809 54 738 208
481 305 208
126 408 138 809
55 5 134 867
126 138 58 738
55 59 809
949 698 552
55 2 738
208 55 809 211 211
126 54 55
469 108 469
481 738 211
469 258 469
208 552
54 55 211 698
55 685 56 809
604 57 552 126
987 123 339 34 54
54 481 949 698 552
285 532 211
54 56 271 271 481
552 520 552 57 54
728 400 411 866
738 481 211
211 698 58 481
481 55 411 604
54 89 54
809 208 57 54
698 949 809
738 685 285
552 949
208 411 54 208
211 411 738 698
949 809 949
455 211 208
208 305 55 738
54 285 698
285 59 54
698 138 921 845 211
728 400 260 728
738 285 302 285
809 481 208
809 211 96 481
738 303 57 208
552 271 137 211
126 131 683
55 809 55
738 552 126
809 304 285
211 131 809
55 56 949 698
54 131 552
285 13 576 142 285
54 481 252 738
208 58 174 126 126
211 138 252 949
455 245 245 455
455 455 547 455
211 636 636 211 55
738 55 1004
481 738 586 481
208 208 809
208 195 832 63 481
809 685 285
208 809 845 809
285 281 59 138 481
481 373 92 137 481
646 211 129 173 728
698 552 552
552 281 552 532 552
285 131 211 636 211
809 4 121 285
455 211 481
126 208 195 552
738 55 481
54 949 285
809 211 481 552
552 532 54
55 3 271 285
481 586 211
285 131 211
738 698 698 13 211
285 921 880 949
481 54 481
126 126 552 532 211
208 194 211
949 698 55 949 285
987 411 552
949 411 867
208 481 58 698 949
54 211 646
949 305 698 552
208 131 481
552 305 208 481
285 286 195 211
604 305 949
285 990 685 949
55 738 520 552
604 411 122 411 469
211 258 16 338 211
698 698 738
738 498 738
208 738 281 481 285
698 57 408 412 54
552 305 683
949 949 54 55
552 571 281 698
738 286 532 285 126
949 55 809
986 411 481
285 685 54 126
949 949 6 552
646 411 867
54 809 949
683 412 859 809 211
54 949 55 55
211 698 285 683
208 685 665 55
809 88 89 455
285 54 411 646
126 57 698
211 586 58 455 211
55 411 552
809 211 54 59 54
481 552 738
552 271 126
55 305 59 971 809
211 355 329 477 469
866 411 683
604 305 63 285
866 411 55 949
949 6 552
481 552 949
55 285 774 285
285 552 208
698 57 412 809 949
211 88 302 238 211
728 411 728
552 13 552
809 738 55
683 131 683
552 195 211 807 211
738 208 329 211
55 126 698
285 685 738
738 281 481
809 2 738
683 683 683
481 4 809
552 412 63 126
211 56 826 990 285
481 809 826 54
55 738 520 552 809
211 195 286 738
285 160 240 211
809 826 193 57 698
604 211 481
738 520 208 281 949
552 131 532 211
552 809 208
728 411 285
208 738 54
208 211 698 698
126 54 698 55
54 285 698 208
211 582 184 355 211
481 281 131 55
481 4 285
208 285 586 285
455 271 285
285 13 285
809 949 949 552
208 281 949
552 949 285
949 285
55 698 126
481 54 698 211 646
55 59 809 738
552 698 54 809
552 271 552
211 738 698 738
126 586 738
949 131 211
211 82 230 898
211 586 63 54
698 738 285
54 126 126
126 405 107 812 126
698 131 809
552 126 208 55 698
285 366 305 211
552 131 604
683 683
481 59 4 845 211
211 56 949
552 57 619 56 949
211 705 705 211
211 730 211
481 286 738
285 420 304 54
211 571 4 698
455 423 89 423 455
285 96 375 455
469 89 54
54 55 718 63 481
55 949 54
126 2 803 195 552
552 208 57 738
54 481 412 738
949 252 738 552
55 718 63 481
285 520 55 126
481 2 809
683 281 2 55
54 807 54
481 738 54 126
55 552 195 552
208 208 685 738
698 57 880 949
481 56 126
698 138 685 208 285
728 885 728 21 211
211 195 208 635 208
211 489 408 208
54 685 208 685 208
949 305 738
55 949 809
728 411 683
481 421 13 685 698
55 3 271 285 54
208 236 208
469 411 552 738
55 6 1001 193 55
126 58 211 552
54 698 126
455 96 867
809 481 63 164 285
481 949 211 683
208 4 552 208
285 806 88 302 455
455 411 195 211
55 552 211
738 56 57 55
455 914 135 455
54 685 281 683
809 63 169 89 285
455 47 13 812 285
285 685 54
54 58 208
54 63 520 285
211 58 271 481
481 57 56 520 552
208 564 174 285 55
55 3 252 54
54 194 54 55
809 949 698
949 13 211
54 481 898 898
126 54 208
54 126 208
728 21 5 285
55 56 610 57 54
809 949 211 208
285 88 806 285
481 898 481
54 412 54 54
683 683 412 552
208 305 285
809 698 211
211 412 685 281 208
987 438 169 89 455
481 586 126
809 412 683
949 411 987
698 481 949 54
455 411 552
552 532 57 411 54
211 305 55
898 230 898 898 481
55 3 211 55
481 2 107 518 552
738 131 646 211 481
949 949 54
208 698 54
54 55 738
809 56 3 211
285 304 54 552
809 54 685 54
481 6 859 195 738
211 646 211 469
285 685 949 6 211
698 271 54
469 258 424 738
285 2 137 815 208
987 816 411 55 211
646 646
55 58 481 738 809
126 56 59 2 54
949 54 126 552
481 949 698
285 552 408 208 208
285 2 481
481 54 949 55 55
54 304 285
54 132 489 107 55
208 552 208 55
552 13 552 211
481 285 302 252 285
211 126 211
552 481 281 208
55 305 738
208 131 683 285
285 990 59 949
552 208 495 211
949 131 2 55
552 208 481
211 16 263 455
126 57 949
211 56 698 58 455
211 214 278 13 126
949 552 211
698 412 665 411 54
809 132 411 55
552 481 949 552
949 59 738 208
552 271 552 126
949 880 63 552 738
55 211 807 211
481 107 809
285 59 137 208
898 481 83 131 738
54 55 131 646
738 59 281 208
481 481
809 698 698 481
211 599 481 552
211 55 949
698 58 880 305 698
126 2 285
208 481
211 424 552
285 305 281 552
211 480 20 81 211
211 807 211 646
126 211 604
285 552 481
211 755 211 842 211
211 2 285
698 131 698
126 2 54
481 211 738
481 898 898 481
55 3 571 211
683 57 552
898 898 898 481
55 738 285
455 914 987
738 586 63 599 481
55 718 305 57 604
809 57 481
285 208 211
54 4 208
211 211
698 412 991 412 809
809 195 738 57 481
285 571 211
698 4 552 738
809 806 809 806 285
285 58 131 126
738 59 481 809
55 58 2 107 211
738 481 6 520 738
55 285 698
126 552 285 809
949 698 285
949 6 571 211
809 63 305 604
455 437 170 900 987
211 552 13 126 126
988 24 455
211 738 411 55 809
683 131 683 281 481
54 126 552
54 552 285
552 698 738
698 57 604
809 412 252 738
285 208 552
211 845 809
285 408 6 55
211 604 57 698 285
211 546 518 256 211
481 59 55
285 2 285
208 131 949 949
285 286 532 54
552 552 132 285
211 604 131 208
552 481 211
481 56 57 698
208 57 211
949 305 683
55 59 971 809
211 183 845 481
211 4 812 54
646 211
809 138 698
698 54 57 552
738 552
809 552 195 211
987 816 987
698 138 809
55 58 809 552
552 55 949
55 809 211
126 698 54 126
552 305 63 236 211
285 738 738
738 57 126
285 13 285 949
481 949 809 208
211 4 208
683 411 866
481 285 552
208 305 698
208 55 698 126
211 755 211 57 55
469 329 208 698 55
481 552 305 685 809
55 58 481 738
481 898 481 208
208 738 5 211
698 412 820 16 211
866 411 552 738 285
55 738 552 126
285 698 949
126 635 126
552 58 303 96 728
738 55 552
208 58 950 481
211 363 210 183 285
211 462 211
481 281 698
54 738 685 54
683 305 809
481 949 552
698 285 683
285 949 552 55
208 208 285 126
208 738 411 683 683
481 55 718 55
211 571 4 698 126
698 208 738
683 412 552 949 285
285 13 809
738 55 1004 55 55
809 211 54
208 599 211
126 4 208 54
738 56 949 809
54 812 208 809
54 208 211
211 243 412 698 481
481 809 806 809
211 132 2 54
285 806 809 54
285 854 63 58 552
126 211 698 54
285 271 88 809
552 949 131 211
1004 55 208
208 698 738
208 131 211
738 208 738
211 469 211
126 57 949 285 54
54 281 932 211 455
54 305 54
552 571 281 208
285 738
949 552 55
208 411 604 211
738 211 211
552 698 738 54
54 412 2 738
211 842 96 302 285
481 949 285
646 211 208
738 698 4 82 552
208 132 599 96 867
455 245 455
211 132 132 305 698
55 54 208 208 738
552 4 55
481 211 755 211
809 412 683 285
211 285 54
809 949 281 683
55 211 705 211
211 13 126
552 89 285
54 281 698
698 138 685 208
54 281 54
126 138 990 59 738
126 698 809
211 683 285
126 285 552
126 552 208
211 734 211
949 57 211
683 683 411 208
809 195 58 211
809 826 193 59 949
208 481 411 986
455 261 455
738 286 126
211 532 131 211
126 208 698 208
552 305 208
55 194 208
949 305 211
469 66 252 117 211
738 132 192 411 211
285 55 55
698 194 208
698 126 208 126
809 2 208
55 194 54 305 809
809 4 208 552
54 88 57 286 126
55 949
211 54 285
211 243 412 698
481 481 57 281 211
285 54 88 285
481 698 4 208 211
809 55 57 131 455
809 411 986
126 174 126
285 252 107 57 738
552 132 949 481
683 57 698 54
211 243 271 809
1004 55
208 4 56 54
469 211 329 211
208 698 131 646
211 698 949
604 57 481 738
54 520 685 949
126 209 518 132 738
211 683 211
481 698 55 738
55 3 845 481
54 738 131 683
552 518 271 809
211 462 586 481 55
126 211 698
698 56 949
455 304 599 211
867 411 286 738 285
211 169 89 469
552 738 285
285 420 305 57 481
949 211 208 54
208 4 552
683 412 859 809
208 208 481
866 411 208
54 271 55 738
646 131 481 898
455 302 438 54 949
55 738
211 54 552
949 281 285
809 305 738
949 305 698
949 285 949
481 137 685 54
738 412 286 126
866 411 3 481
698 55 738 55
285 412 481
208 564 126
55 57 131 455
738 55 809 481
208 552 211
481 54 949 55
54 57 59 285
126 698 131 698 126
285 54
604 211 932 211
285 738 208
683 131 949
211 2 54
552 412 698
552 285 738
285 698 211
455 925 455
55 411 4 54
126 13 302 88 809
698 698 481
809 949 59 949
552 949 949 211
683 285 305 698 481
809 56 59 55 738
738 685 54 738
809 132 405 211
698 412 820 208 126
55 63 803 2 481
208 408 285 211
552 82 211
55 6 418 62 211
211 174 46 255 211
211 845 924 252 809
698 305 55 2 481
211 208 194 211
698 685 738 552
898 898 898
211 54 126
54 126 54 54
809 698 285
54 131 683
728 411 665 54
698 54 698
949 685 193 55
54 63 718 305 54
455 271 88 54
949 13 126
949 481 685 481
211 329 208
698 126 208
698 281 59 305 211
481 55 271 738
54 412 211
285 552 208 552
481 137 6 738 698
54 194 305 718 55
211 571 252 412 552
54 34 361 263 455
552 305 685 809
208 411 481 56 481
285 379 283 420 211
809 971 971 754 211
738 520 54
126 812 285
604 211
738 305 54
54 57 131 552
285 809 305 174 208
738 131 646
54 55 58 481
481 305 815 63 126
211 809 211
552 131 604 131 55
285 635 4 281 285
55 285 305 57 285
481 252 302 160 54
728 260 89 211
54 63 718 55
211 990 285
809 698 55
949 55 698 211
208 698 481
738 54
738 738 55
211 209 126 126 552
211 55 481 552 54
208 208 115 208
285 408 6 55 55
211 58 285
809 806 304 809
285 586 211
54 208
469 211 249 54
949 281 54
208 411 208
285 83 211 755 211
809 56 698
698 56 698
211 455
809 411 809
738 54 34 54
126 126 698
126 55 54 809
55 193 55
208 481 809
126 698 208
208 635 126
54 685 54 809
55 4 208
55 193 194 54
55 56 54
285 738 698 208
208 131 949
728 400 411 949
698 55 252 236 211
285 208 481
55 305 208
698 411 438 987
211 54 481
54 208 126 174 126
604 411 867
949 949 211 809
126 285 990 685 949
683 411 816 411 987
552 208 55
809 845 481
738 698 738
55 809 949
698 281 683
211 126 285
481 599 211 285
809 55 481 4 809
285 685 281 552 809
126 635 208
211 469
126 271 552
552 57 683 285
211 57 126
698 208
698 55 285
54 305 683 281 481
481 138 2 285
455 5 807 54
54 252 175 685 481
949 55 55
698 481 138 2 285
285 552 738
455 411 481 54
55 809 698 552
55 5 481
481 252 552
285 812 59 685 481
809 57 126
54 949 411 988
987 900 411 646 211
126 211
809 305 305 809
54 552 571 281 208
211 698 126
54 552 55 54
809 301 211
809 685 138 211
949 59 949
211 738 54
481 599 208
949 481 949 54
481 481 481
285 685 285
126 54 698 55 285
211 571 211
809 809 305 738
54 208 2 738
455 261 438 987
552 132 949
211 2 63 809
683 211 131 96 481
211 329 211
126 174 54 552 55
698 481 949
698 211 121 552
455 860 438 121 552
208 211 54
809 481 898 481
552 54
698 194 54
698 552 481
987 900 953 816 987
211 132 809 552
552 520 89 806 285
285 809 132 738
809 481 211
604 57 54 738
208 552 54
55 738 54 55
211 209 126 126
552 738 271 126
55 665 55 57 285
867 411 469
54 2 698
809 211 355 211
481 131 54 738
208 236 208 481
646 131 57 481
211 842 211 949
55 411 728 173 126
54 532 552 285
211 586 195 586 211
126 13 211
987 411 604
211 286 285 126 552
809 4 424 230 898
55 411 552 738
552 211
949 252 738
552 13 126
738 809 806 809
285 138 305 195 809
208 4 809
455 411 481
552 809 481
481 3 286 2 481
809 54 481
698 56 57 208 54
285 738 285 683
738 58 138 56 54
211 949
469 112 112 469
54 89 54 738
211 990 211
208 132 211
285 774 285 481
211 460 211
54 59 54
211 636 211
55 59 481
208 552 131 285
54 96 604
698 552 89 285
455 119 980 470 986
285 806 809
698 481 211
949 285 131 455
54 412 211 54
809 481 55
208 685 685 481
481 552 54
866 411 57 54
54 532 211
126 552 126
683 131 54
208 57 54
211 646 646 646 646
809 89 211
738 281 738
738 54 126
552 571 252 285
469 258 211
683 57 56 305 481
126 698 412 285
552 738 698
54 174 211
211 646 646 211
211 303 845 89 809
455 211
208 57 520 57 208
285 302 252 285
55 58 54
285 412 194 281 698
455 58 211
552 408 208
809 809 809 305 738
208 520 55 481
285 138 126
285 57 208
552 208 738
285 6 949
552 208 305 949 285
469 477 469
949 481 685 481 698
481 57 949
126 723 971 457 285
552 252 302 809
552 54 211
55 55 665 55
208 305 698 285
469 469 469
481 59 738
126 63 281 738
211 131 285 15 285
738 698 738 552
211 54 481 55
54 55
552 54 55
285 89 211
126 211 698 54 949
285 4 58 698
949 481 809
211 698 285
866 411 809
698 738 698
126 126 552 271 949
481 552 285
949 271 126
208 738 481
809 411 126
552 54 211 430 211
986 411 193 58 481
698 55 126
481 949 552 211 683
54 698
54 57 285
211 13 458 458 604
285 54 698
285 921 56 55
126 54 208 552
208 815 815 208
126 2 685 738
126 698 138 685 208
285 990 408 552
285 15 211
285 302 455
809 137 137 138 809
481 685 481 698 55
738 520 138 58 285
208 236 252 949
481 949 698 552 809
698 412 285
55 949 285
698 809 552
949 949
211 210 211
481 552
949 552 55 1004 55
988 411 285
604 305 211 55
126 55 126 2 285
552 373 552 211
211 683 57 924 211
211 212 211
604 57 126
469 5 285
552 738 809
809 285 552 211
469 469 143 469
698 126 138 520 55
738 520 552
285 806 285
211 285 208
949 305 683 683
481 949 211 103 211
211 698 698 738
285 520 5 285
987 816 411 55
54 949 57 809
809 55 305 54
481 285 481
481 411 683
285 142 211
211 21 820 208 211
698 949
455 304 806 809
54 685 809
208 63 281 211
683 305 809 738
285 371 208
126 57 281 305 54
469 96 728
698 685 285
285 532 285
455 135 914 816 455
211 55 738
285 520 635 2 809
481 285 54
469 478 469
54 481 898 898 898
126 4 114 211
208 685 665 54
809 208
285 520 738 55 1004
809 54 698
646 131 481
285 58 809 949 809
54 249 137 6 211
126 208 4 552 208
949 211 411 949
481 132 949
455 89 411 469
481 58 6 285
698 54 809
54 698 685 481
455 96 604
987 123 96 302 455
285 88 271 304 455
738 520 208
54 63 126
211 604 411 373 552
469 469 211
481 96 604
698 56 698 949
208 411 54
481 58 138 54
738 252 56 738 211
986 411 285 738
738 56 949 809 949
949 281 698 126
285 806 285 208 481
285 806 88 809
809 465 707 809 55
949 698 481
738 271 304 809
809 137 126
949 809 845 809
481 698 194 55 208
285 305 208
54 412 54 126
552 13 552 211 552
54 481 208
211 281 281 281 949
211 2 55
285 481 949 211
646 131 252 481 698
285 59 57 285
738 252 56 738
208 4 712 255 211
809 107 55
809 131 646
211 63 57 738
55 809 412 809 208
738 411 96 455
738 586 481
469 329 208
285 59 4 809
809 132 411 411 809
285 58 809 949
809 195 809
126 173 728 411 126
698 738 208 208
698 949 6 685 208
54 411 552
54 208 208 738
211 424 738
949 54
809 806 806 809
54 438 330 455
54 411 949
285 481 54
208 481 698
552 481
455 847 455
738 552 552
55 56 949 698 211
55 481 4 809
552 160 338 455
55 57 815 208
455 375 80 866
208 55 552
455 438 115 455
208 131 305 89 54
552 481 898
809 809 304 285
552 411 604
809 55 6 552
211 411 411 738 481
1004 55 55
604 131 532 211 646
809 174 285
809 89 304 809
552 520 305 54
54 131 126
738 2 803 412 285
481 208 698 698
683 131 126
809 195 305 57 54
469 411 285 481
208 54 304 54
481 131 126 552
455 245 976 455
469 211 249 54 126
949 949 305 271 455
949 131 55 63 54
949 59 586 211
208 281 481 809
285 990 281 164 285
698 285 552 481
646 411 481
809 698 285 54
738 481 599 481
55 718 281 285
208 285 55 2 698
481 96 235 930 208
211 683 131 646
455 437 455
126 285 774 285
552 211 990 285
987 411 211
455 437 338 411 55
809 208 131 208
738 2 286 126
604 305 132 552
126 698
809 971 324 10 728
867 411 211
898 481 281 281 54
552 54 271 552
211 194 698 949
481 2 138 520 285
481 305 409 90 469
646 411 192 271 552
809 195 252 552
481 5 55
126 57 55 55
55 131 271 552
285 625 285 635 285
285 271 698 809
285 211 738
54 738 271 209 211
809 304 455
809 195 552
866 411 717 271 55
738 481 4 211
211 208 54
481 6 520 738
54 89 412 552 738
728 411 986
698 194 56 481 285
126 812 126
54 56 211
55 1004 55 698 481
211 859 57 54
738 59 481
285 254 142 254 211
126 208 55
208 738 195 859 809
208 552 949 552
738 411 193 55
211 842 211 55
126 208 126
285 412 54
481 586 738 55
54 88 285 949
683 412 520 138 481
809 685 949
728 173 249 208
481 685 481 698
481 4 211
469 66 654 211
54 685 208
728 96 2 54
552 738 698 809
469 143 469
552 57 55
698 194 54 738
211 411 411 738
285 921 285 126
54 208 208
54 305 809
698 698 13 211
126 208 126 211
208 54 520 6 126
455 135 96 13 809
738 481 305 698
481 949 552 211
211 481 285
285 286 635 285
738 411 55 809
552 281 520 685 285
126 58 56 271 698
54 194 408 211
698 698 809
455 211 683
285 131 809
285 57 698
211 281 211
898 898 481 59 481
208 211 402 211
469 5 455
285 809 412 252 738
285 58 142 285
949 57 809
211 924 96 924 211
949 6 211 738
126 271 552 949
211 63 57 738 54
455 411 604 211 481
208 812 126
738 520 54 809 949
211 212 450 211
211 924 209 285
126 4 552 211
208 738 211
949 211 949
481 845 89 211
698 126 635 285
738 285 683
738 55 126
208 55 481
208 599 208 126
455 455 304 455
208 552 552
949 481 137 208
738 271 55 481
809 698 126 698
211 285 685 54
211 738 411 55
55 271 2 208
54 34 54 698
285 698 285 552
646 646 646
211 308 17 308 211
55 552 809
809 698 2 208
211 55 552 195 552
809 57 88 54 208
285 552 481 138 54
285 840 285 774 285
285 6 665 55
738 738 552
481 137 54
949 211 809 738 481
54 126 174 56 54
738 54 481 481
455 271 55 4 208
55 54 285
55 126 126
208 698 738 208 208
728 733 733 728
211 48 252 54
126 285
285 55
698 481 809
481 738 55
738 208 552
208 132 54 698 552
738 131 55
698 54 552 211 455
126 137 209 126
809 412 809 208
898 898
481 412 698
208 132 809
481 949 55 481
55 107 327 6 738
54 807 132 809
683 57 683
481 13 56 481
285 305 57 285
211 698 698
55 54 208
54 208 552
211 4 826 56 949
698 481 698 552
809 59 174 208
949 56 718 55
208 208 599 208 126
698 552 285
285 83 211
698 281 738
55 665 58 738
481 59 54 126
208 126 138 809
211 249 54 126
738 809 211
738 738 211
208 285 137 809 949
208 408 990 285
55 285 55
809 89 469
55 685 208 281 552
738 195 208
809 195 411 552
698 208 236 252 949
683 131 646
285 738 57 949 949
54 685 285
126 4 532 552
285 281 57 481
481 271 20 137 285
738 698 208
54 208 552 131 285
698 54 208
126 638 126 211
698 285 54
285 208 698 481
211 58 950 55
646 646 211 698
988 411 55
809 301 285
552 57 211
126 812 57 408 285
698 55 208
54 57 552
211 126 208
211 412 55 738
211 13 552
949 54 55
738 252 845 812 208
126 208 281 481
481 63 532 285
285 586 826 54
211 845 481
285 55 552
54 271 481
55 1004 55 55
285 57 285
285 698 949 698 55
208 809 55 6 552
54 826 58 132 738
809 845 809
54 208 809
698 57 412 809
469 411 285
211 4 281 683
481 56 738
126 126 408 552
455 271 55
126 635 4 126
698 55 285 949 552
698 685 481
552 55
738 57 949
604 57 285
552 211 455
211 2 126
211 683 131 683
481 809 59 949 698
126 126 286 481
285 83 131 249 211
55 63 193 55
285 481 949 13 809
54 281 301 211
285 411 683
552 126 208
55 271 455
481 55 481
469 66 117 117 211
54 55 2 738 285
698 949 211
481 137 6 738
126 411 988
54 126 54
683 285
208 564 126 285
126 271 738
738 411 683 683
54 826 408 126
481 59 738 481
698 211 646 211 208
55 54 949 411 988
55 949 698 411 698
552 132 6 949
809 698 281 552
285 6 552
211 809 738 481
698 126 552
455 925 925 455
949 54 809
698 4 82 552
455 261 437 455
285 305 4 809
646 131 683 211
54 809 174 408 285
285 138 481
646 131 126
211 304 211
55 3 481
698 271 192 408 208
211 949 54
949 685 812 57 208
285 4 698
867 411 131 738
211 809 949
285 738 305 54
809 302 455
211 419 329 638 126
54 411 55
285 57 809 738
55 1004
285 532 175 532 211
54 665 859 174 126
949 211 809 738
698 271 55
698 738 211 211
552 281 520 54
211 807 211 842 211
455 89 469
552 89 285 738 698
211 489 211
208 809
698 305 809 208 55
208 131 455
285 571 281 698
455 89 132 552
809 89 552
809 949 211 208 54
683 683 683 683
738 55 59 809 738
738 286 211
211 286 738 131 208
55 411 604
552 518 271 809 738
455 443 455
809 59 55 533 55
54 58 411 281 481
698 54 949
738 809
54 738 211
211 96 481
809 59 949 698
126 586 126 211
455 47 455 455
54 96 481
698 698 481 809
208 131 55
552 809 698
604 131 55
604 57 698
738 285 552
949 552 54 166 285
211 3 208
728 733 825 306 728
285 57 738 55
481 208 408 990 285
211 304 54
285 131 683 211
211 129 173 728
469 329 469
738 685 520 208
481 83 199 258 469
898 230 898 481
809 859 408 412 481
126 286 481
455 113 338 96 866
55 685 194 305 211
55 809 54
55 6 481 738
285 271 408 137 54
481 481 949
809 211 928 211
455 361 318 426 285
738 57 481 208 552
809 54 738 208
55 57 411 604 211
481 698 208
55 685 698
54 208 698 138 698
809 685 281 54
809 54 949
552 552 411 646 211
604 305 55
55 57 285
211 586 58 455
481 252 738
54 411 55 949
455 304 455
683 412 481
481 949 211
211 208 3 211
481 809 806 285
469 91 96 455
481 481 738
211 88 924 211
208 285 698
211 809
208 208 131 55
481 698 55 738 55
738 208
809 552 738
646 131 131 131 211
809 13 39 370 455
208 599 208 131 949
55 533 55 5 481
285 271 698
481 411 683 683
285 281 285
285 166 2 55
809 552 126
455 251 135 455
211 809 809
208 520 532 285
208 564 480 160 285
809 131 455
208 285
208 58 208 285
949 59 138 57 126
698 285 15 211
55 949 131 55
285 121 35 455
552 55 54
728 411 126 211
54 137 254 285
698 211 54
211 194 281 949
481 131 4 411 988
683 211
54 412 481 552
211 131 683
54 63 211 285
552 305 815 305 552
285 285 774 285
809 685 481
481 211 738 552
55 252 302 285
126 54 285
552 131 211
285 137 809 949
208 211 698 211
285 54 88 211
481 160 54
208 815 194 208 55
552 552 411 646
646 646 646 646 646
481 63 164 285
54 56 194 208
698 949 54
455 131 646
55 738 809 481
698 131 481
698 57 809
987 411 285
698 809 411 809
126 138 809 208
809 411 304 599 211
552 809 55
211 304 809 54
552 89 58 455
211 807 54 138 698
481 208 698
285 131 683
211 754 211
698 698 54 208
55 411 867
949 552 195 211
126 57 55
208 930 930 208
867 96 867
54 211 430 211
481 281 208
698 285 552 481 208
285 635 126
55 305 208 55
481 6 193 55 481
55 55 285
54 55 211 698 126
949 59 54
55 809 285 285
208 305 59 809
211 208 131 683 285
211 58 552
481 137 208 698
211 155 147 160 285
683 683 281 2 55
552 411 646
683 285 211
126 208 738
728 21 211
54 55 412 256 211
285 840 285
208 815 137 809
646 411 411 54
126 57 408 412 481
469 211 57 552 481
55 809 412 809
698 55 809
211 57 131 55
208 3 192 194 208
54 305 604
867 411 988
285 209 285 208 698
809 305 174 208
698 194 56 481
728 411 949 809
683 285 305 698
54 55 685 285
809 5 34 54
949 271 192 58 285
481 898 898 898
208 208 552
285 305 949
698 305 809 54
54 552 55
211 842 211
285 55 950 55
481 54 481 738
211 285 126 698 285
469 211 604
455 47 116 438 455
211 604 57 698
738 305 809
126 552 532 211
866 96 816 455
285 533 55
698 56 57 208
604 211 506 211
698 685 738
285 552 126
481 63 718 55
126 552 809 208
481 5 809
986 411 208
55 411 55
949 698 411 698
698 208 305 59 809
552 949 132 481 552
285 698 949 698
126 55 949
211 174 208
54 698 55 285
988 24 40 160 55
949 55 481 552
552 949 59 809
455 423 455
949 685 685 481
126 208 211
949 59 55 131 698
211 738 698 738 552
55 698 949
646 646 131 683
481 845 59 285
208 55 809
949 57 305 131 455
