495 673 673
695 597 695
641 1 147
279 160 641
541 541 541 533 147
147 106 695
641 946 641 748
465 189 215 541
695 183 95 214 495
641 946 641 495
589 459 495 606 495
783 669 669 669
695 21 222 748
793 435 435 435 793
519 519 160 495 673
748 106 495
695 249 249 147
465 465 519
748 793 316 519
793 316 465
589 424 495
495 315 253 315 695
641 669 783
147 366 230
597 695 85 695
597 695 424 641 946
541 764 541 249 695
673 673 495 495
920 435 920 435 147
695 147
495 641 946
495 218 596
147 460 256 460 147
495 218 596
673 495 673
669 641 160 906
495 460 495
979 745 979
230 420 641
742 166 747 473 465
786 519 85 147
695 164 13 301 147
279 5 828 16 783
641 212 147
920 435 163 641
147 316 979 979
641 946 641 669
641 946 641 641
495 283 166 223 495
495 222 513 147
495 473 187 405 695
512 155 147
793 316 1 106 695
495 641
730 62 212 212 147
695 164 13 301 147
673 495 5 730
669 783 669 669
495 208 495
147 316 695 597
695 164 695
147 435 147
495 228 172 181 541
589 365 191 150 541
495 342 495
519 465 465 786
730 460 147
669 669 669 669
673 673 495 424 230
669 641 946 641 669
946 641 495
793 435 147
597 546 597
465 519 222 810 597
597 118 118 495
748 641 669
541 541 641 166 742
465 316 495
748 944 748
748 105 589
495 316 793
748 944
783 669
979 979 745 979
597 301 596
979 1 979
597 596
519 85 519
742 742 742 742 742
597 651 624 301 641
589 282 230
512 155 147
495 316 979
979 745 979 979
979 316 979 1 495
147 366 596
519 315 495
695 315 222 519
748 300 828 16 748
748 46 495 118 597
597 301 596
641 669 420 607 519
495 218 495
695 21 222 748
495 249 695
519 315 695
695 424 641
730 460 730
597 460 419 14 465
230 230 333 160 541
695 971 695
669 641 641 669
641 669 669
979 316 121 189 786
495 495 641
147 249 147
920 435 147
641 669 641 748
230 160 160 748 495
589 155 429 164 695
596 282 932 597
748 641 641
730 82 249 541
495 606 495
641 163 434 589 589
230 82 783
920 435 147
944 748 495
147 121 424 748
597 301 596 596
695 315 695
597 597 597
793 435 793 748
793 435 793 613 793
465 667 465
695 147 316 979
230 424 748
786 465 519
589 671 495
597 596 597
793 748 641
669 5 669
519 189 20 118 597
519 227 519
495 671 187 20 695
669 669 641 541
641 669 669
279 82 279
783 16 222 695
748 405 748 793 748
147 155 465 549 465
465 519 786 786
783 424 783
495 20 118 597
519 465 786 519
147 121 424 748
695 183 95 214 495
495 641 641 748
495 641 669
742 742 742 742 742
669 669 641 541
695 85 695
979 979
786 465 786
748 932 597
730 62 591
786 160 541
786 465
673 673 673 673
730 460 495
147 146 316 465
495 222 315 519 519
641 160 906
920 435 793
748 932 748 748
495 1 979
519 227 227 756 597
669 615 669
597 546 906
786 465 473 147
748 46 45 164 748
589 105 589
495 227 495
589 400 589
230 366 218 495
495 106 589
465 316 435 920
596 597
695 227 495 638 495
748 641 946 641
783 669 783
465 519 786 519
641 669 669
541 641 946 641 641
519 435 316 465
786 786 465 519
519 85 519
147 316 979
147 316 695 597
730 460 748 641
230 375 243 613 793
541 764 541
783 16 222 695
669 669 783
495 228 519
783 654 355 405 695
946 641 82 541
641 495
147 316 495
906 160 345 121 230
230 920 230
979 106 268 756 597
748 641 641
495 315 253 315 695
147 513 365 589
230 107 597 596
906 513 249 495
786 786 465
147 1 979
597 932 21 160 512
786 519 227 227 519
541 541 641 166 742
669 930 669 669
519 106 979
519 316 465 786
589 434 651 118 597
591 145 13 147
495 218 596
641 541 641 641
596 301 597
230 21 160 589
589 434 651 118 597
641 946 641 641
641 641 541
673 495 21 422 147
465 519 106 279
465 465 519 465
279 279 106 147
906 156 906
748 367 495
783 669 669 669
147 13 297 316 793
495 673 673 495 641
230 533 541
495 673 673
495 673 495 673 673
541 160 519
230 62 597
748 106 979
465 53 465
641 166 742 742
946 641 641 495
596 597
541 405 495
279 82 641
695 695
783 16 222 695
596 597
541 140 282 597
748 46 495
495 316 979
541 140 541 641
541 107 591
589 107 154 783
695 597
673 495 21 422 147
786 465
783 424 495
541 140 541 541
495 434 459 495
669 641 541
641 748
230 62 597
748 944 748 793 748
495 384 495 641
793 435 793 748
979 745 979 979
695 315 495 671 495
541 160 173 147
673 495 673
695 227 495 638 495
944 748 793
495 160 906
541 641 946 641 641
673 495 495
673 495 641 946
591 419 495
673 673 495
147 695 971 695
786 786
906 160 345 121 230
730 460 748 641 495
519 160 495
748 641 106 695
519 435 435 147
920 230 106 748
793 316 495
979 979 316 979
730 64 730
230 366 218 495
641 163 434 589
279 279 279
591 62 230
465 465 519
793 316 147
742 742 614 614 742
147 435 793 435 519
641 1 641
147 212 641
979 979 745 979
786 465 316 435 920
946 641 1 147
541 150 393 152 147
541 107 597
793 316 147
230 230
279 5 828 16 783
495 21 74 468 730
742 742 742 742 742
147 106 695
596 301 597
748 46 45 164 748
519 519 160 495
669 615 147
669 669 641
748 107 230
669 783 669 669 641
979 106 268 756 597
495 641 1 979
519 189 20 118 597
541 541 533 147
597 107 597
147 155 465
495 459 519
641 1 147
465 316 695
673 495
465 519 222 810 597
495 309 495
695 85 695
541 541
147 435 435 519
786 519 519 607 589
495 671 187 20 695
147 189 67 160 906
519 106 495
979 316 549 160 730
519 106 979
695 491 695
695 183 68 667 465
695 971 695
793 435 793 613 793
641 669 930 669 669
695 315 695
495 315 695
669 420 607 519
279 279 333 230
783 669
495 17 226 254 495
495 363 495
783 424 783
279 333 230
944 748 793 748
786 189 81 460 147
695 227 495 638 495
641 333 546 906
793 435 519
669 641 748
519 21 695
641 420 83 591
519 435 920
495 641 669
786 160 591
695 189 147
519 227 227 756 597
495 606 495 222 495
695 164 695 695
748 748 944
597 460 730
230 21 127 107 591
541 15 541 641 669
279 118 279
695 227 495
695 405 748
979 979 979
748 46 495
742 742 742 742 742
748 641 946 641
597 597 596 597
495 1 641
519 189 695
695 228 695
783 669 641 160 906
906 546 597
465 316 435 793
906 546 597
920 230 230 898 230
748 748 405 748
920 435 519 465
742 742 742
519 519 786
495 249 695
147 329 147
279 160 641 541
641 1 641
495 296 495
920 435 147
495 459 519
946 641 946 641
641 541 641
641 669 615 669
641 946 641 641 495
786 189 81 460 147
512 155 147
730 107 591
748 748 641
669 783 669 669 641
920 435 793
641 641 541
147 460 419 591
591 96 20 695
541 140 541
279 106 489 405 495
906 513 249 495
641 106 68 671 589
589 107 748
786 465 473 147
979 316 695 147
230 898 230 898 230
786 786 786
495 62 495
147 106 695
748 641 495
519 435 920 435 519
465 519 222 810 597
748 748 793
519 259 519
641 541 541
920 435 793
597 107 107 541
979 316 549 160 730
495 473 187 405 695
979 979 745 979
230 533 230
591 62 230
589 215 541
519 20 301 147
669 641 669 615 147
465 519 20 301 147
541 155 533 435 519
519 259 519 519
920 230
589 142 591
519 519 315 695
519 465 465 786
465 667 549 465
541 215 589
979 1 979
742 546 404 173 748
597 695 424 641
589 107 154 783
230 283 160 230
589 283 87 20 695
669 669 783
519 786 519 786
147 366 596
695 85 695 597
589 106 187 142 589
589 142 591
748 160 663 460 495
512 160 519
230 230
783 669 641 541 541
147 212 160 641 495
519 21 329 495
591 160 519
147 87 163 641
597 651 624 301 641
541 641 166 742
742 614 106 459 519
695 315 695
695 607 695
920 230 230 898 230
748 82 541
597 651 597
786 519 465
748 748 641
695 316 435 519
495 309 495 641
495 218 596 597
495 160 906
786 465 519
495 673
465 61 95 155 589
979 316 495
641 946 641 669
730 62 730
230 366 230
597 597 695 424 641
495 21 74 468 730
786 519 786 786
906 546 597
641 163 434 589
597 597 118 597 695
541 764 541
979 316 979 1 495
695 227 519
147 142 173 142 597
786 519
748 424 318 160 147
512 162 405 519
793 316 147
793 613 793
695 106 641
979 316 979
230 62 597
669 641 541
147 13 297 316 793
230 230 898 230
793 435 147
279 279 279
147 83 147
495 222 695
742 742 742
465 786 160 641
783 669 669 641 541
519 809 160 641
748 46 283 495
519 316 979
495 424 495
695 315 495
465 519 465
695 85 695
591 419 74 495
742 614 613 793
979 1 222 424 695
541 15 541
519 20 301 147
465 786 465
147 329 147
230 533 541
541 155 541
147 435 316 160 641
519 315 17 62 495
673 673 673 673
695 971 695 228 495
748 944
946 641 946
944 748 405 375 230
230 920
541 155 541
669 615 147
465 519
695 459 519
495 316 793
589 105 589
465 316 695
230 230 230 230
669 641 669 615 147
519 465 316 147
597 651 301 147
946 641 1 1 641
748 495 495
786 519
495 228 495
596 366 512
230 920 230 920
748 160 279
669 641 946
748 460 748
596 596 597
673 673 673
695 106 641
495 405 758 85 519
748 300 748 793
596 597 695
641 160 906
147 142 173 142 597
748 16 748 793
793 316 695
230 230 333 160 541
519 809 519
730 107 591
979 316 695 147
742 614 742 742
519 435 316 465
979 979
793 748 377 495
591 83 259 695
589 142 591
920 230
786 519 227 227 519
946 641 946
673 673 495 641
519 259 519 465
147 695 695
465 519 106 279
465 519
589 638 589
147 932 748
147 533 541
783 669 783
695 129 748
748 944
147 105 748
147 366 147
465 519
591 83 259 695
147 932 147
742 166 747 473 465
495 495 748
673 495 641 946 641
597 596 597
541 215 128 419 591
742 166 747 473 465
730 62 212 212 147
147 329 147
730 62 597
979 316 147
742 166 747 473 465
793 748
519 519 786
695 459 615 147
512 162 405 519
641 669 641
641 946 641 946
230 74 107 541
979 979 979
541 541 541
673 495 424 230
279 118 279
920 230
641 946 641 669
465 786 786
519 518 422 87 495
519 459 589
748 300 748
589 365 191 150 541
669 5 669
695 734 695
147 612 31 151 748
495 222 695
147 212 69 424 783
495 673 673 673 495
793 316 519
979 979 979 979
783 420 783
641 212 147
495 460 597 695
230 230 333 160 541
783 669 783
695 164 695 695
786 160 748
673 495 673 673 673
920 435 793 748
495 296 296 495
641 946 641 541
495 673 673 495 641
786 786
793 435 519 259 519
495 641 541
147 513 365 589
783 82 748
786 160 786
589 564 589
495 495
695 147 1 979
730 62 597 695
465 667 465
519 315 17 62 495
495 748 748
147 1 641
793 435 793 748
979 316 695 147
495 495 641
695 21 519
783 142 269 173 147
495 278 160 164 695
147 513 365 589
147 82 783
147 377 227 519
519 786 786
495 673 673 495
495 227 495
730 62 212 212 147
695 164 13 301 147
786 64 786
748 16 748 793
793 613 793 748
541 160 519
512 512 162 163 641
279 333 230
495 46 748
596 366 230
519 405 21 495
519 519 315 695
793 316 495
147 435 942 435 920
495 222 748
541 155 533 435 519
783 142 226 74 495
147 513 21 230
920 230
495 932 748
591 419 74 495
589 564 589
519 189 582 106 279
695 315 222 519
695 607 695
793 435 435 435 793
748 641 495
495 228 519
695 424 641 946
669 669 641
279 118 279
495 21 422 147
465 519 786 519
673 673 495 495
783 669 783
641 495
695 85 695 597
641 946 641 946
641 641 669
596 282 596
230 107 206 786
465 53 465
641 1 147 435 793
793 748 495 315 495
495 228 495
495 46 132 106 279
147 106 695
673 495 21 422 147
793 316 147
793 435 793 748
597 695 424 641
641 541 641 641
597 597 118 597
495 283 166 223 495
519 316 465 786
589 106 187 142 589
589 607 106 519
541 107 748
641 212 147
589 671 690 189 465
519 786
979 1 495
230 920 435 519
465 465
786 407 249 541
748 460 597
946 641 541
147 434 589
519 21 13 667 465
748 160 663 460 495
979 316 979 1 495
147 513 462 121 495
589 215 495 459 519
495 300 495
748 107 230 230
495 424 495
230 283 230
946 641 669 783
695 211 695 695
591 83 393 615 147
495 46 121 147
495 155 130 155 541
695 21 222 748
519 316 979
589 283 495
541 541 641
495 673 495 673 673
748 164 160 730
979 316 695
695 222 695
695 85 695 597
495 228 495
519 465 316 147
147 189 67 160 906
793 613 793 748
730 231 730
597 118 597
541 533 147
147 316 695 597
783 669 669 641 541
906 546 597
519 405 519
748 46 45 164 748
748 405 748
695 607 695 597
495 16 783 424 495
519 189 20 118 597
793 435 147
596 282 932 597
589 282 641
641 333 279
495 673 673
979 106 282 230
465 189 147
495 606 495
495 460 495
495 256 748
519 809 519
230 74 107 541
147 316 695
783 424 783
783 669 783 669 783
589 283 87 20 695
786 519 786
695 211 695 695
748 641 641 669
147 83 147 316 495
495 384 495
748 377 495
465 189 215 541
147 87 642 300 495
597 118 597 695
589 434 651 118 597
748 283 81 434 589
596 597 596
793 748 106 495
512 162 163 641
597 142 147
147 269 473 147
748 944 748 793
979 316 160 906
465 519 786 786
793 206 793 748
748 793 316 519
512 512 160 641
495 671 589
230 375 230
230 107 206 786
695 222 80 230
589 434 651 118 597
541 15 541
979 316 695
786 519 809 519
783 16 222 695
695 228 695
495 748 495
495 296 495 315 495
147 212 589
641 946
748 405 748 793 748
695 607 695
748 82 541
495 314 300 748
495 641 748
589 106 187 142 589
695 147 316 979
793 316 519
673 495 641
748 460 748
596 282 253 366 230
596 596 597
495 460 597
147 460 256 460 147
695 315 495
495 228 519
495 21 422 147
465 519
748 748 495
695 315 495 671 495
673 495 673 673
695 228 495
748 748 564 589
541 641 946 641 641
641 160 906
495 46 121 147
279 160 641 541
641 106 695
495 160 906
279 160 641 541
641 641 669 783
748 944 748 793
748 377 495
783 424 783
748 495 315 495
695 424 641 946
783 420 669
748 495
279 118 279
979 979
589 607 106 519
695 259 519
783 669 641 541 541
597 695 424 695
495 21 74 468 730
147 513 906
748 106 230
695 20 495
230 366 230
147 513 21 230
695 222 695
519 189 582 106 279
748 377 60 296 495
673 673 673 495 495
673 495 5 730
589 434 651 118 597
730 460 748
495 222 495
641 641 669 783
597 695 315 695
495 365 495
748 160 279
669 641 541 541 541
541 215 589
519 607 519
748 793 748 944
541 160 230
597 118 118 495
783 154 147
695 491 695
669 930 669 669
495 16 783
147 695 227 695
742 614 742 742
495 641 669 669
519 435 316 465
541 641
519 518 283 932 495
748 944 748 793 748
979 316 147
793 316 1 106 695
495 283 166 223 495
495 170 979
673 673 673 673 673
673 495 673 673 673
979 106 20 230 230
597 107 230
147 859 62 748
748 106 495
748 82 541
597 695 424 641
695 315 222 519
920 230
793 613 793 748
541 160 173 147
495 641 748
519 222 519
147 106 695
596 596 596 597
695 164 13 301 147
695 491 695
519 786 786
519 786 786 465
495 17 226 254 495
519 228 309 495
979 979 979
786 519 786 786
519 519 465
147 513 462 121 495
669 615 465
279 107 597
147 269 473 147
512 512
589 459 495
669 669 669
589 106 363 106 695
541 160 173 147
979 1 979
946 641 946
495 249 695 695
786 786 786
783 654 355 405 695
465 316 435 920
495 1 979
519 189 582 106 279
465 316 695
730 211 214 460 495
495 316 793
519 465 786
495 316 495
519 435 920 435 519
147 533 541
783 669 669 669
519 259 519 519
589 249 546 58 597
519 20 301 147
695 228 495
589 564 589
597 460 495
641 212 165 363 495
641 641 669 783 669
495 121 230
541 62 736 107 748
695 405 748 641
783 669 669
541 511 306 62 147
541 405 519
641 1 1 641
669 641 541 541
748 107 77 212 641
541 541 641
695 85 695
979 170 495
748 495 315 495
495 211 730
541 511 306 62 147
597 597 118 597 695
783 154 147
641 166 786
742 614 614 742
519 519 465
783 82 748
495 278 160 164 695
230 420 641 641 541
748 641 641 669
596 597 596
147 316 459 695
944 748 495 673 495
695 21 187 546 597
465 83 495
695 228 695
673 495 641 946
596 597 597
597 460 419 14 465
519 259 519
147 695 227 695
589 83 147
783 669 669
495 641 946
519 106 495
946 641 946 641
591 62 163 641
279 82 279 279
641 495
748 160 279
748 46 495
589 365 589
147 316 979
519 786 465
783 669 669
541 15 541
541 15 541 641
465 465
230 282 596 596
230 420 641 641 541
641 495
946 641 946 641 495
519 316 465 786
147 146 316 465
465 83 495
793 435 920
279 279 106 147
541 215 128 419 591
695 189 147
495 371 641 495
519 809 519
279 107 597
541 541 641 166 742
641 163 434 589
695 316 695
147 155 465
730 62 730
230 533 82 730
730 468 316 695
673 673 495
596 597 597
465 473 147
279 5 828 16 783
279 107 597
786 786
906 156 906 156 906
669 930 669
465 83 495
730 62 597
597 597 118 597 695
495 218 315 695
495 250 160 145 591
519 160 495
748 405 375 230
596 596
147 434 589
742 742 614 742 742
541 249 147
641 166 742 742
495 641 748
979 1 495
730 460 730
673 495 222 810 597
147 212 509 671 495
641 166 742 742
641 160 906
512 160 519
147 434 589
695 597 651 597
147 83 147 316 495
495 249 695 695
495 673 495 673
147 212 69 424 783
541 160 173 147
673 673 495 495
147 859 194 405 748
748 424 748
748 748 495
541 155 512
920 435 147 316 793
465 667 465
742 614 756 597
673 673 673
147 82 143 357 589
495 673 673
673 495
495 17 226 254 495
906 546 597
641 1 641
495 16 783
495 460 597 695
495 641 748
519 228 519
748 46 283 495
748 46 495
793 435 519 259 519
695 227 519
465 786 407 249 541
641 946 641 641
783 154 419 591
730 62 730
495 377 283 230
147 105 748
230 283 411 597
465 189 147
641 946 641 669
465 786 465
906 513 546 597
748 641 495
793 435 435 147
495 46 748
230 82 147
793 316 147
495 641 1 979
673 673
748 460 730
512 162 541
906 513 546 597
519 607 589
230 898 230
596 282 932 597
946 641 669
147 189 67 160 906
519 607 589
495 170 979
695 222 282 230
512 160 147
279 82 748
673 495 606 495
465 519 315 695
519 259 519
596 596 596 597
279 333 230
230 62 495
786 160 748
519 465 786 519
147 932 597
669 669 669 669
147 435 316 160 641
519 189 582 106 279
519 786 519 786
641 106 230
541 541 533 147
783 654 355 405 695
495 315 519
641 333 546 906
541 215 589
147 83 147
495 256 748
597 597 597
730 460 730
279 333 230
519 189 582 106 279
147 249 147
946 641 82 541
673 495 188 106 495
589 107 748
230 920 230
748 160 663 460 495
641 946 641 541
641 1 147 435 793
748 641 946 641 748
748 932 154 147
495 495 606 495
748 106 495
783 424 783
742 742 614 742 742
920 230
495 20 118 597
783 669 783 669
695 147
230 230 230
748 495 315 495
920 230 230 898 230
519 259 519 465
519 189 695
597 651 173 932 147
748 106 147
495 290 210 166 786
673 673 495 641 946
730 62 591
230 21 127 107 591
147 87 642 300 495
465 519 465
519 227 227 756 597
641 495
786 160 786
597 546 906
673 495
695 315 519
748 793
695 315 495
783 154 513 147
465 519 465
597 118 326 20 495
495 641 946 641
519 435 435 147
742 742 742
519 189 695 211 695
596 282 932 597
786 519 465
669 641 1 495
979 170 4 142 783
495 249 541
147 612 31 151 748
748 424 748 460 147
669 615 465
519 519 315 695
979 316 695
641 946 641 641
541 533 460 597
920 230 920 230
495 211 208 495
748 62 495
641 641 495
495 227 74 495
519 465 465 786
748 748 641
786 407 249 541
783 82 748
230 82 748
495 377 283 230
730 460 147
979 316 147 316 695
793 316 629 316 793
147 82 783
783 669 641 1 495
641 212 269 147
673 673 673 673 495
748 748 405 748
979 316 549 160 730
541 541 405 748
786 786 465 519
519 106 519
279 82 279 279
519 607 519
793 435 793 613 793
541 641 946
465 667 465
906 513 546 597
495 405 891 405 495
641 946 641 641
597 107 597
669 669
641 282 597
748 748 495
147 155 465 549 465
230 420 641
641 541 641 641
695 189 147
786 519 465
147 212 160 641 495
641 946 641 541
495 673 495 673 673
495 46 132 106 279
519 607 519
748 107 77 212 641
589 282 641
495 673 495 673
495 384 495
495 316 495
495 316 793
495 460 597
495 309 495
783 654 355 405 695
597 695 424 641 946
230 21 127 107 591
519 435 440 460 748
495 673
920 435 793 748
147 695
730 460 147
519 160 495
673 495 673
495 283 210 282 596
230 107 597 596
597 107 541
589 365 589
495 641 1 979
495 228 495
495 641 946 641
495 106 147
147 166 641
230 920 230
519 519 160 495
591 160 519
591 83 492 333 230
730 62 591
512 512 162 163 641
596 597 596 597
147 695 971 695
495 222 695
519 786 786
495 434 459 495
495 315 695
589 83 589
230 5 337 16 783
591 419 74 495
946 641 641
495 222 695 147
230 333 160 541 641
695 227 519
230 282 596
541 160 173 147
748 748 641 541
465 83 495
786 519 519
147 533 906
541 641 166 742 742
230 21 160 589
541 15 541 641 669
495 673 495 673 673
748 460 495
730 160 512
512 366 147
786 519 106 147
786 786 786
589 155 429 164 695
946 641 946 641
730 460 748
695 607 695 597
495 638 495
730 62 212 212 147
495 222 315 519
597 546 597
230 107 597
495 641
279 279 333 230
541 107 597
695 597 597
673 495
589 282 641
495 932 748
783 669
495 249 695
695 607 695 597
230 107 597 596
669 669
730 62 212 212 147
589 365 191 150 541
519 316 147
230 283 230
519 459 589
695 211 695 695
730 64 730
920 435 519
906 160 906
495 671 495
589 106 187 142 589
793 613 793 613 793
591 145 546 597
695 189 147
147 435 793
748 641 946 641
596 301 597
946 641 946 641 495
597 756 118 279
742 742 614 614 742
695 164 695
495 932 748
495 20 118 597
641 420 83 591
786 160 641
495 748 748
793 748 495
541 641 641
495 228 695
597 546 597
669 641 641
748 283 748
279 333 230
742 614 106 279
695 316 695
495 748 944
695 597 651 597
596 218 513 906
591 145 546 597
147 316 979 979
519 809 519
695 211 695 695
783 154 513 147
519 228 309 495
946 641 946 641
597 301 596 596
786 786 519
920 435 519 465
979 745 979
748 748 641 541
495 218 596 597
230 74 309 495
786 465 473 147
596 282 932 597
742 742 742 742
465 316 495
230 898 230 898 230
230 898 230
783 669 641 1 495
748 748
519 786 786 465
519 786 519 786
495 748 944 748
793 316 495
669 783 669 669 641
597 597 596
147 17 62 597
495 641 946 641
793 435 793 748
147 212 160 641
597 118 326 20 495
920 435 147
465 465 519 465
748 62 78 424 783
495 250 377 1 641
793 748 641 748
147 513 21 230
786 465 519
495 641 641
230 230 898 230
541 160 519
783 154 513 147
669 641 541 541 541
979 106 11 20 230
495 227 74 495
944 748 495 673
147 1 979
596 218 596
230 366 230
695 129 748
748 46 45 164 748
641 946 641 641
589 638 564 589
597 301 596 596
541 541 405 748
279 333 230
519 228 519
147 644 147
748 405 748 793 748
695 459 615 147
495 315 253 315 695
519 228 309 495
597 695 85 695
786 465
589 671 189 786
495 211 208 495
748 708 748 460 495
979 979
147 85 695
495 300 495
495 222 810 597
519 465 786 519
742 614 613 756 597
541 215 589
783 154 419 591
541 641 641
495 363 495
495 283 210 282 596
783 154 513 147
641 106 695
519 786 786 465
230 107 206 786
147 513 21 230
589 142 591
748 495
147 513 21 230
695 316 147
495 5 730
641 282 597
669 669 669 641
147 434 495
783 142 597
596 596 597 596
695 597 695
147 644 140 46 495
495 228 695
230 533 230
147 173 748
695 405 282 405 495
589 160 140 541
669 615 147
783 424 783
230 230 898 230
748 641
596 301 597
673 495 424 230
512 162 163 641
979 979 1 147
541 541 541 533 147
730 64 730
944 748 495 673 495
495 21 74 468 730
641 282 597
641 946 641 946
541 641 495
641 669 669
783 424 495
748 367 748
147 212 509 671 495
495 315 695
589 283 87 20 695
541 641 495
495 641 541
230 5 337 16 783
748 424 230
669 641
147 434 495
641 333 283 932 597
495 290 210 166 786
519 465 465 786
748 460 730
695 315 495 671 495
147 106 519
906 156 906 156 906
589 107 597
920 435 920 435 147
589 400 589
641 163 434 589
793 435 435 435 793
589 400 589
783 669 669 641 541
230 424 748
495 249 541
589 212 226 227 495
147 366 230
786 64 434 495
541 107 597
641 669
748 46 45 164 748
465 53 465
495 283 166 223 495
793 316 793
519 227 756 597
597 695 315 695
147 513 906
906 156 906
783 654 355 405 695
495 473 187 405 695
589 589
920 230 230 898 230
641 106 230
695 491 695 315 519
641 1 979
748 932 154 147
979 979
946 641
279 106 147
695 315 495 671 495
641 82 541
589 215 495 459 519
920 230 920
591 83 259 695
589 282 641
541 641 946
748 300 748
230 5 337 16 783
695 424 641 946
748 460 495
519 85 1 979
596 597 596
641 212 269 147
748 424 748 460 147
597 301 596
519 20 86 20 695
793 435 793 748
465 519 465
786 519 519
541 541 641 166 742
695 405 748 641
589 282 641
748 708 748 460 495
597 810 597
279 82 279
596 597 597 596
641 669
641 106 695
669 641 641
695 189 695
641 163 434 589 589
695 21 222 748
147 533 906
512 162 541
641 946 641 946
147 644 147
591 160 519
695 227 495
519 435 440 460 748
589 160 140 541
519 21 13 667 465
695 597 651 597
597 546 906
495 671 187 20 695
495 932 748
519 435 440 460 748
730 460 748 641 495
495 227 74 495
597 695 597
597 596 596
730 107 147
673 673 495 495
147 435 942 435 920
230 283 230
230 21 127 107 591
748 495 495
669 615 147
669 641 946
519 607 589
230 282 596
730 107 147
748 748 405 748
519 106 495
748 748 793
669 669 669
793 435 519 259 519
641 669 641
673 495 671 495
512 160 147
597 932 21 160 512
641 1 147 435 793
147 13 297 316 793
589 671 690 189 465
669 641 748
147 695 597
147 422 21 519
147 513 21 230
495 16 783 424 495
519 21 329 495
597 118 326 20 495
541 405 748
279 279 333 230
786 166 641
147 82 783
495 278 160 164 695
147 316 459 695
695 316 435 519
147 87 163 641
748 932 597
512 160 519
147 189 67 160 906
495 673 673
597 301 209 541
783 669 641 541
519 259 519 465
279 5 828 16 783
591 591
465 316 695
519 519 786
641 946 641 495
596 301 596
695 405 519
783 669 641 669
495 5 730
944 748 793 748
465 786 465
519 228 309 495
495 405 758 85 519
495 21 422 147
495 118 117 460 748
748 105 589
589 249 541
673 673 673
783 420 669
944 748 405 375 230
465 316 495
748 160 279
783 669 669 641 541
920 435 793 748
783 669 783 669
641 641 748
541 541 533 147
591 83 393 615 147
748 283 81 434 589
147 121 424 748
597 596 218 596
793 435 920 230
786 519 786 786
673 673 495 424 230
465 786 786 465
669 420 607 519
793 316 147
673 673 495 606 495
597 546 906
596 597 651 301 147
147 644 140 46 495
669 641 1 495
519 20 222 227 519
669 641 748
541 405 495
730 64 730 160 730
495 671 187 20 695
495 222 315 519
748 424 589
495 16 783 424 495
147 17 17 315 519
979 979 979 979
920 435 163 641
641 669 783 669
783 654 355 405 695
793 316 495
596 282 596
596 596 597
519 259 519 465
147 189 745 979
597 756 118 279
596 282 932 597
641 541 541 541
465 316 147
695 85 695 597
230 420 641 641 541
730 730 730 107 591
786 465 189 147
793 316 1 106 695
979 979 979
279 160 450 377 147
519 106 147
495 748 944
597 695
541 107 748 748
230 107 206 786
147 155 465 549 465
641 946 641 946
786 160 495
147 513 365 589
519 786 786
641 420 83 591
596 218 513 906
786 407 249 541
669 615 669
495 739 495
230 533 541
786 519 227 227 519
669 420 669
748 283 81 434 589
641 641 669
596 282 253 366 230
541 511 306 62 147
673 495 21 422 147
748 944 748
730 62 591
944 748
742 742 614 742 742
147 146 316 465
541 541 541 533 147
748 367 748
495 363 495
279 279 106 147
793 435 793 613 793
495 74 166 152 147
230 74 309 495
597 546 597
279 82 82 279
748 564 589
730 730
519 106 519
597 107 597
793 748 944
597 651 173 932 147
783 16 771 106 979
641 166 786
597 596 218 596
230 424 748
495 434 459 495
730 160 730
147 513 21 230
920 230 230
495 673 673 673 673
597 597 695 424 641
230 283 160 230
147 87 163 641
230 82 147
147 932 748
695 227 82 279
783 154 513 147
495 218 596
641 371 170 979
748 182 395 83 147
519 316 465
495 20 519
748 283 748
669 669 641 641 669
230 533 82 730
519 189 695 211 695
519 316 255 932 748
495 673 495 673 673
230 230 230 533 230
495 249 541
495 170 979
147 366 147
673 673 673 495 495
495 329 147
641 641 748
519 227 756 597
495 249 695
673 673
673 495 424 230
465 549 465
669 615 669
695 21 222 748
519 519 160 495
495 405 758 85 519
147 106 519
230 420 783 669
519 20 86 20 695
495 249 541
730 62 591
519 227 756 597
695 85 695
589 83 589
147 105 147
495 316 459 615 465
748 564 748
147 316 695 597
519 259 519
589 155 429 164 695
495 218 495
541 150 393 152 147
597 118 279
230 160 512
519 227 227 519
906 160 345 121 230
512 512
669 641 1 495
495 283 166 223 495
906 160 345 121 230
147 105 147
147 435 793
730 62 597 695
465 786 160 641
495 315 519 786
748 748 405 748
230 420 641 641
641 82 314 215 541
495 21 74 468 730
748 16 748
541 155 512
147 189 67 160 906
147 859 194 405 748
695 222 80 230
495 424 230
495 208 495
979 106 268 756 597
695 222 80 230
495 671 589
641 106 230
641 669 641
465 473 147
748 460 147
512 160 641
906 160 345 121 230
495 365 495
946 641 748
495 118 756 597
596 301 730
742 742 614 742 742
495 222 495
695 20 495
748 106 147
465 61 95 155 589
495 106 519
748 564 748
920 230 106 748
495 5 730
669 783 669 783
597 118 651 301 730
495 460 495
641 669 615 669
641 160 906
147 435 435 519
641 641 669
641 1 147 435 793
695 222 695
793 435 435 435 793
147 695 695
695 129 460 147
669 641 946
596 218 513 906
641 669 930 669
495 459 519
748 748 641
793 435 147
695 607 695 597
589 282 230
597 597 596
597 597 597
147 329 147
147 513 147
748 564 748
597 460 495
783 420 230
793 748 793
541 641 495
920 435 920 435 147
786 786 519
495 118 597
230 420 783
946 641 669
589 671 589
979 979 1 147
541 107 589
495 155 495
519 519
944 748 82 541
944 748 495 673
519 228 309 495
641 541
748 641 669
979 106 147
589 282 641
748 944 748 793
920 435 519
748 300 748 793
495 424 230
730 62 730
786 786 786 786
695 491 695 147
673 673 673 673 495
495 315 695 695
597 695 315 695
979 979
541 641 946
786 519 228 309 495
279 107 597
695 21 187 546 597
495 459 519
793 316 519
465 465 519
495 170 979
641 282 597
519 316 465
589 142 591
230 230 533 230
641 946 641 641 495
748 367 495
597 810 597
230 533 82 730
279 279 333 230
589 215 541
519 519 160 495
793 435 147
495 250 377 1 641
920 435 920 435 147
641 946 641 946 641
147 212 160 641
495 309 495 641
147 166 641
944 748 793
669 669 641 641 669
230 375 230
465 786 786 465
279 160 641
783 420 230
786 519 809 519
786 519 85 147
695 315 495 671 495
147 316 695 597
641 1 147 435 793
742 614 613 793
669 669 669 669 641
641 641 541
495 606 495 222 748
147 695
979 979 170 495
465 786 465
793 316 793
669 615 465
979 979 316 979
669 615 147
641 166 742
783 424 495
230 420 641 641
465 473 147
673 495 222 810 597
641 641 669
742 742 614 614 742
669 669 669 641
673 495 495
147 212 69 424 783
541 15 541 641 669
748 932 748 748
783 669 641
230 230 230 533 230
230 160 160 748
519 316 465
147 695 227 695
