717 717 717 717
614 613 614
788 717
788 717 271 131 163
163 411 163
717 788 717 215 717
163 518 615 163
614 613 614
788 717 215 717
614 613 614
717 788 788 788
163 131 717
163 491 163 212 163
717 271 717
788 717 717 717
788 717 717
163 420 163
717 788 788
614 613 613 614 614
821 163 821
614 742 614 614
788 788
163 20 282 20 163
717 271 717
163 212 163
163 821 163
614 742 614
614 614
788 717
788 788 717 788 717
717 788 717 788
788 788 788 717 788
163 459 717 717
614 106 154 163
163 42 163
163 420 163
717 788 788 717
163 212 163
717 160 427 107 163
717 717 788 788
717 788 788
614 742 742 614
163 411 163
717 717 788
163 20 282 20 163
717 271 131 163
614 614 613 613 614
163 643 163
788 788 788 788 788
614 756 614
614 613 614
163 491 163
614 756 613 613 163
788 717 215 717
788 788 788
717 788
163 613 614
614 613 613 614
163 145 163
717 788 788
163 72 163
788 788 788 717 788
717 459 107 163
788 717 717 788 788
717 788 717 215 717
163 420 163
821 163 821
788 717 717 788 788
163 435 163
821 163 821
163 42 163
163 20 282 20 163
614 756 613 613 163
163 420 163
788 717 271 131 163
821 163 821
788 717 717 717
614 756 613 613 163
717 717
788 717 717 717
163 821 163
163 518 615 163
163 162 163
163 821 163 821
163 821
614 614 613 613 614
614 614 613 163
163 643 163
163 643 163
788 788 788 788
717 717 788 788
717 271 717 788
163 652 163
717 160 427 107 163
614 614 613 163
163 459 717 717
788 717 717 788
163 42 163
614 106 154 163
717 788 788 788 788
717 788 717 717 717
163 42 163
717 271 131 163
717 160 427 107 163
163 131 717
788 717 215 717
163 601 163
614 613 163
717 215 717
163 518 615 163
614 613 163
163 131 717
163 652 163
717 131 163
614 742 614
163 613 614
614 756 613 613 163
614 614 613 163
788 788
163 821 163
717 788 717 717
163 821 163 821
614 614 613 163
717 271 131 163
163 145 163
717 717 788
717 459 107 163
788 788 788 717 788
163 934 163
163 420 163
717 717 717
614 614
788 717 717 788
788 717 788
717 271 131 163
788 788 788 717 788
163 934 163
788 717 717
717 788
614 614 613 613 614
717 788 788
821 163 821
788 788
788 717 717 788 788
614 742 742 614 614
163 459 717 717
717 717 717
788 717
717 788 717 788
821 163 821
821 163 821
717 788
717 160 427 107 163
788 717 788 717
821 163 821
717 788 717
788 717 788 717
717 717 788 788 788
614 614 742 614
614 613 613 614 614
788 717 788 717
717 788 788
717 271 717 788 717
163 518 615 163
614 742 614
717 459 107 163
163 42 163
163 821 163 821
614 614 614 742 614
717 788 717
717 788 717 788 788
163 435 163
717 717 788 788 788
717 271 717
788 717 717 717
717 788 717 788
717 788 717 215 717
614 742 614 614
788 788 717 788 717
717 788 717 788 788
163 613 614
792 121 792
788 788 788 717
163 491 163
717 788 717 717 788
614 614
717 717 788
788 717 788 788 717
788 717 788 788 717
163 643 163
717 717
717 271 131 163
163 641 212 163
717 717 788 788 717
717 271 131 163
788 788 788 717 788
788 788 788 788 788
163 42 163
717 788 788 788 788
614 614 613 614
788 717 717 717
788 717 788 717
717 788 788 788
788 717 788 788 717
717 788 717 788
614 756 613 613 163
614 613 614
717 717 788
163 652 163
614 613 613 163
163 821 163
717 271 717
717 717 788
163 212 163
717 717 788 788
614 742 742 614 614
788 788 788 788
614 742 614
788 788 788 788 717
788 717
717 717 717
717 788 788 788
717 717 788 788
788 717 717 788 788
717 160 427 107 163
163 42 163
163 491 163
717 788 788 788 788
717 717
163 613 614
163 641 212 163
788 788 788 717
614 614 613 163
717 788 788
788 717 788 788 717
614 613 613 614 614
717 788 717 717 788
717 717 717 717
614 614 613 163
163 121 127 613 614
821 163
717 788 788 788 788
717 788 717 717 717
717 271 717 788 717
788 717 788 717 717
614 614 613 614
821 163
821 163 821
788 788 788 788
163 641 163
792 121 792
163 821
788 717 788 717
717 788 717 717 717
614 742 742 614
717 788 717 717 717
614 614 613 613 614
163 420 163
717 717 788 788 788
614 613 613 614 614
614 614 613 613 614
163 491 163
614 742 742 614 614
788 788 788 717
821 163 821
163 166 163
163 72 163
717 271 717
614 756 614
717 788 717 717
614 613 614
717 717 788
163 121 127 613 614
614 614
717 717
163 641 163
717 717 717
163 459 717
614 614 614 742 614
717 717 717 717
163 145 163
717 717 788 788 717
717 271 717 788 717
717 717 788
614 614 742 614
788 717 717 788 788
717 788 717 717 717
788 717 788 788
717 788 788 788 717
717 271 717 788 717
821 163 821
163 821 163 821
163 934 163
614 614 614 742 614
163 42 163
614 613 614
163 643 163
614 613 613 614
717 788 788 788 717
614 614 742 614
788 717 788 788
821 163
163 42 163
717 788 717 788 788
614 613 614
717 271 717
163 166 163
614 614 613 614
717 717 788
788 717 788 788
717 717
163 459 717
788 717 717
717 788 717 788 788
614 614 613 614
717 788 717 215 717
163 166 163
788 788 717 788 717
614 742 742 614 614
614 614 613 614
614 614 614
717 788 788
821 163 821
788 788 788 788 788
614 614 742 614
614 613 614
163 934 163
163 641 212 163
614 614
163 934 163
821 163 821
163 821
717 788 717 788
614 613 613 163
163 459 717 717
788 717 788 788
163 491 163 212 163
614 613 613 163
717 717 717
717 788 717 717 717
614 614 614
788 788
163 459 717
717 271 131 163
614 742 614 614
163 121 127 613 614
163 121 127 613 614
614 614 613 613 614
788 788 788
717 788 788 788
717 788 717 788
717 717 717 717
821 163 821
163 154 154 163
163 652 163
788 717 717
788 717
717 271 717 788 717
614 613 613 163
717 271 717
717 788 717 215 717
163 821
163 459 717
788 788 717
788 717 717 788 788
788 717 788 717
717 160 427 107 163
717 271 717
788 717 788 788 717
163 491 163 212 163
163 601 163
717 788 788 788 717
717 717
614 613 163
821 163 821
788 788 717 788 717
788 717 131 163
717 131 163
717 788 788 788
821 163
717 788
163 20 282 20 163
788 717 788 788 717
163 652 163
717 271 717 788 717
614 742 742 614
163 491 163
717 717 788 788 788
821 163
163 613 614
614 614 613 614
717 788 717 788
821 163 821
614 613 614
788 717 215 717
788 788 788 717
614 614 613 613 614
163 491 163
788 788 788 788 788
163 821 163
788 717 788 788 717
614 613 163
163 601 163
163 121 127 613 614
788 788 717 788
614 614
788 788 788
163 411 163
788 717 131 163
614 742 614
163 162 163
788 717 788 788
717 717 717 717
788 788 788
614 614 613 163
614 613 613 614 614
788 717 717 788 788
163 212 163
614 614 613 163
788 717 788 788 717
163 121 127 613 614
163 154 154 163
788 788
788 788 788
788 717 717 717
163 518 615 163
717 160 427 107 163
614 614
717 271 717 788 717
614 614 613 613 614
163 601 163
788 788 717 788 717
788 717
717 788 788 788 788
614 614
614 613 613 163
163 641 212 163
788 717 788 717 717
614 613 613 614 614
163 934 163
788 717 717 788
163 518 615 163
821 163 821
717 788 717 717
614 614 614 742 614
788 788 788 788 717
788 717 717 788 788
788 717 131 163
614 613 613 614
788 788 717
788 717 717 788
717 788 717 717 717
717 788 788 788 788
163 20 282 20 163
163 42 163
788 717 717 717
163 154 154 163
614 756 614
717 788 788 717
614 756 614
717 717 717
788 717 215 717
788 788 717
717 271 717
163 162 163
717 788 717 788 788
163 459 717 717
788 788 717 788
614 614 742 614
717 788 788 788 717
717 788 717 717 788
163 420 163
163 131 717
788 788 788 788 788
717 788 788 788 717
163 459 717
614 614 614 742 614
717 788
717 788 717
788 717 717 788 788
788 788 788
163 459 717
788 717 271 131 163
788 788 717 788
717 788 717 717
163 601 163
788 717 717 717
717 717 788 788
788 717 717 717
717 788 717 788 788
163 613 614
614 106 154 163
788 717 717 717
717 788 717
788 788 788 717
788 717 717
614 613 613 614
614 614 613 613 614
614 614 614
614 613 613 614 614
163 145 163
788 717 215 717
717 271 717 788 717
614 613 614
788 717 717 788 788
788 717 215 717
163 20 282 20 163
717 717 788 788
788 717 717 788 788
788 717 271 131 163
717 788 788 788 717
163 491 163 212 163
163 459 717 717
163 131 717
717 788 717 717 788
163 42 163
614 614 742 614
163 20 282 20 163
614 614 742 614
614 613 613 614
788 788 788 788
163 154 154 163
717 459 107 163
717 788 717
614 742 614 614
614 614 742 614
163 821 163 821
717 788 717 788
717 717
163 652 163
717 271 717
717 788 717 717
614 614 613 613 614
717 717 788 788
788 717 717
788 717
821 163 821
163 212 163
614 613 613 163
614 742 742 614 614
163 72 163
717 215 717
163 212 163
788 788 717 788
717 717 717 717
163 162 163
717 271 717 788
717 788 717
614 756 613 613 163
614 614 613 613 614
614 614 613 613 614
163 643 163
163 821
788 788 788 717 788
788 717 717
788 717 788
614 614 614 742 614
163 121 127 613 614
614 742 614 614
717 788 788 788
163 601 163
163 166 163
788 717 788 717 717
788 788 717
614 106 154 163
614 614
717 271 717
717 271 717 788
717 459 107 163
717 788 717 788 788
717 717 717
788 717 788 788
788 788 788 788 788
788 717 788 788 717
717 788 788
614 613 613 614
163 162 163
717 717 788
717 788 717 215 717
717 131 163
717 717 788 788 788
614 756 613 613 163
163 641 163
788 717 215 717
788 788 788 717 788
788 717 788 717 717
788 717 788
163 212 163
163 166 163
717 717 788
717 271 717 788 717
614 742 614 614
788 717 215 717
821 163
717 717 788 788
717 788 717 717 788
717 717 717 717
163 42 163
717 788 788 788 717
717 717 788
717 717
788 717 271 131 163
788 788 788
717 717 788 788 717
717 160 427 107 163
788 788 788 788
717 788 717 717
717 215 717
717 717 788 788 788
614 742 742 614 614
163 613 614
717 717 788 788 788
788 717 131 163
788 717 788 788 717
163 459 717
163 435 163
163 821
788 717 788 717 717
717 788 717 717
717 131 163
614 742 742 614
788 717 788 717
788 788 788 788 717
788 717 717 717
163 420 163
614 756 613 613 163
717 788 717 717 717
614 613 613 614 614
614 614 614
792 121 792
717 788 788
788 717 717 788 788
163 411 163
163 641 212 163
717 131 163
717 788 717 215 717
163 613 614
163 643 163
163 652 163
821 163 821
717 717 788 788 717
614 106 154 163
614 756 613 613 163
792 121 792
163 72 163
163 934 163
614 613 613 614 614
717 788 788 788
717 788
788 788 788 788 717
163 491 163 212 163
163 42 163
163 641 163
163 491 163 212 163
163 459 717 717
788 717 788 717
717 459 107 163
788 788 788 717
788 717 717 788 788
163 20 282 20 163
614 742 742 614 614
788 717 788 788
717 788 717 717
788 717 788 788 717
614 742 742 614
163 641 212 163
717 717 717
717 271 717 788 717
717 160 427 107 163
717 717 788 788 717
788 717 215 717
788 788
163 459 717
163 154 154 163
788 717 717 788
788 717 717 717
614 106 154 163
163 821 163
717 788 717 717
717 788 717 215 717
717 788 788 788
788 788 717 788 717
788 717 215 717
614 742 614
788 788 788
163 42 163
717 717 717 717
788 717 717
163 821 163
717 717 788
163 145 163
614 614 742 614
788 717 215 717
614 613 613 163
717 788 788 788 788
717 717 788 788 717
821 163 821
717 271 717 788 717
614 614 614 742 614
163 491 163 212 163
163 613 614
614 756 614
163 652 163
717 717 788 788
717 788
614 756 613 613 163
614 613 613 614 614
717 788 717 788 788
788 717 788 717
163 162 163
788 717 788 788 717
717 271 717
792 121 792
717 788 717 717
788 717
788 717 717 788
788 717 788 788 717
788 788 788 788
163 601 163
788 717 717 788 788
614 756 613 613 163
717 717
163 145 163
614 614 614 742 614
614 614 613 614
614 742 614
163 491 163
717 788 717 215 717
163 821 163
614 742 614 614
614 756 614
717 788 717 788
788 717 717 717
614 614 613 614
614 614 614 742 614
163 601 163
163 613 614
614 613 614
163 435 163
788 788 788 717 788
163 613 614
717 271 131 163
163 821 163 821
163 652 163
717 717 717
163 459 717 717
792 121 792
614 613 163
614 613 613 614
788 717 788 788
788 788 717
717 717 717
788 788 788 717 788
717 788 717 215 717
792 121 792
163 166 163
717 788 788
717 271 717 788
614 613 614
614 613 613 614 614
788 717 788 788
717 788 788
163 411 163
163 821 163 821
788 717 215 717
614 613 614
821 163
163 491 163 212 163
717 215 717
788 717 215 717
788 788 717
614 614 613 163
788 788 788 717
788 717 788 788
717 788
717 271 717 788 717
788 788 788 788 788
717 788 717 717 717
788 717 788
788 788 788 788
788 788 717
788 717 788 788
717 459 107 163
614 614 742 614
614 742 614 614
717 788 717 717 788
717 717 788 788 717
163 459 717 717
163 459 717
717 788 717 788
788 717
717 788 788 788 717
717 459 107 163
163 420 163
788 788 717 788
788 788 788 717 788
717 788 788 717
788 717 788 717 717
717 788 788 717
717 717 717
788 788 788 788 788
614 742 742 614
614 613 614
614 742 614
614 614 613 613 614
788 788 788 788 717
788 717 131 163
717 131 163
163 42 163
163 821 163
614 613 613 614 614
163 162 163
788 788 717
717 788 788 788 788
163 934 163
614 742 742 614
717 788 788 788 788
788 717 788 788 717
163 212 163
788 788 788 788 788
717 788
788 788 717 788
788 788 788 717
614 614 613 163
614 613 613 163
614 742 742 614
717 788 788 717
163 641 212 163
163 166 163
163 641 212 163
163 459 717 717
717 788 717 717 788
163 212 163
788 717 788 788
788 717 717 788
788 717 717 788
163 459 717 717
614 742 742 614 614
717 788 788
163 601 163
717 131 163
717 788
788 717 215 717
788 788 788 717
163 601 163
717 271 717 788 717
163 162 163
163 821
788 717 788 788 717
717 271 717
788 788 788 717 788
163 641 212 163
788 717 271 131 163
614 613 613 614
614 613 163
163 491 163
788 788 788
717 459 107 163
163 162 163
614 613 614
614 613 613 163
163 641 163
163 821 163 821
717 788 788 717
163 613 614
163 821
717 459 107 163
163 166 163
614 756 613 613 163
717 717 717 717
788 788 788 717
821 163 821
717 788
788 717 717 788 788
163 643 163
614 614 614
163 821 163 821
614 613 614
717 271 717 788
614 742 742 614 614
717 788 717
717 717 788 788
717 788 717 215 717
717 717 788 788
717 271 131 163
163 821 163 821
163 641 212 163
163 131 717
717 788 717 717 717
788 788 717 788
163 491 163 212 163
788 717 788 788
163 652 163
788 717 788
614 742 614
163 162 163
163 72 163
163 162 163
163 613 614
788 788 788
717 459 107 163
717 788 788 717
163 411 163
788 717 788
788 788 788
163 601 163
614 614 613 614
717 717 717 717
788 717 215 717
163 491 163
788 788 788 788
163 435 163
717 271 717 788 717
614 614 613 163
717 717 717 717
788 788 717
614 613 614
717 717 788 788 717
788 788 788 788 788
717 160 427 107 163
614 613 614
614 613 613 614
163 459 717 717
614 613 613 614
614 742 614 614
614 756 614
788 788 717 788
614 613 163
614 614
614 742 742 614 614
792 121 792
614 614 614 742 614
163 601 163
614 106 154 163
788 788
163 518 615 163
614 614 613 163
614 613 613 614 614
788 717 788 788 717
788 788
717 271 717 788 717
163 162 163
163 821
717 215 717
614 614 742 614
163 821
717 788 717 215 717
788 788 788 788
163 212 163
163 145 163
717 271 717 788
788 717 717 788
792 121 792
717 788 717 717 788
788 717 717 717
163 821
717 788 717 215 717
788 788 717
163 162 163
788 717
163 42 163
717 717 788 788
614 614 614 742 614
821 163 821
717 717 788
163 821
717 271 131 163
614 742 742 614 614
717 717 788 788
163 491 163 212 163
717 271 717
163 491 163 212 163
788 717 788 717
788 717 788 717 717
788 717 717 717
717 717 788 788 788
614 613 163
614 613 614
163 166 163
163 145 163
717 271 717
614 742 742 614 614
717 271 717
788 717 717 717
163 934 163
717 717 717
717 717 788 788 717
163 72 163
821 163
163 518 615 163
614 613 614
717 459 107 163
163 821
788 717 788 788
614 106 154 163
614 614 614 742 614
614 614 614 742 614
717 717 788 788 717
717 788 788 717
788 717 717
788 717 717
788 717 788 717 717
614 614 613 613 614
163 212 163
788 788 788 788 717
163 121 127 613 614
163 491 163 212 163
614 614 742 614
717 271 131 163
717 271 131 163
788 788
163 491 163 212 163
163 162 163
717 271 131 163
788 717 717
788 788 788 717 788
614 742 614
788 717 788 788
163 420 163
614 106 154 163
717 459 107 163
788 717 717
717 788 788 788 717
614 613 613 614
788 717 215 717
717 788
163 821 163 821
788 717 717
163 212 163
821 163
788 717 131 163
717 788 717
614 614 614
717 717 788 788
717 788
717 717 788 788
717 271 717 788 717
717 131 163
717 717 788 788 717
717 131 163
614 756 614
788 717 717 717
614 614 613 163
788 717 788 788
717 788 788 788 717
614 614 613 163
163 420 163
163 643 163
614 613 163
163 121 127 613 614
163 72 163
614 613 614
163 643 163
717 788 788 788
614 742 614
717 788 788
614 742 614
163 652 163
788 788 788 788 788
614 614 613 613 614
788 717 131 163
163 821 163 821
163 601 163
163 641 212 163
788 788 788 717
163 162 163
717 788 788 788 788
163 411 163
788 717 788 788
163 821
788 788 788 717 788
788 788 788 717
788 788 717 788 717
788 788 788 788 717
614 106 154 163
614 742 614
788 788 788 788 788
717 271 717
163 435 163
788 717 131 163
788 717 717 717
788 788 788 788
788 717 788 717 717
163 821
821 163 821
163 459 717 717
788 788 717
614 614 613 614
788 717
614 742 614
163 42 163
717 717 717 717
788 717 788 788
163 821
788 788 788 717
717 131 163
163 20 282 20 163
717 788 788 788 788
163 643 163
717 788 788 788 717
788 717 215 717
614 614 613 614
717 160 427 107 163
163 518 615 163
614 614 613 163
163 491 163 212 163
788 717 131 163
717 788 788
788 717 271 131 163
788 717 788
163 821
163 821 163
717 271 131 163
788 717 717 717
163 641 163
717 788 717 717
614 106 154 163
717 788 717 215 717
614 613 163
163 821 163
788 717 788 788
163 154 154 163
163 435 163
614 756 613 613 163
163 166 163
163 518 615 163
163 42 163
821 163 821
163 821 163
614 756 614
788 788 788 788
614 756 613 613 163
614 742 742 614 614
614 742 614 614
717 788 788 717
717 788 717 717
788 788 788 717
614 614 613 163
717 717 788 788 788
717 717 717 717
163 613 614
717 788 717 717 717
788 717 717 788
163 934 163
788 717 788
614 613 613 614 614
614 613 613 614 614
163 491 163 212 163
614 614 613 614
614 614 742 614
163 420 163
163 411 163
163 131 717
614 613 613 614 614
163 491 163
788 717 788 788 717
717 271 717 788 717
717 788
788 717 788
788 788 788 788
788 717
614 756 614
717 271 131 163
717 788 717 788
788 717 717
614 613 613 163
614 742 614 614
788 717 788 788 717
614 613 613 614 614
614 613 613 614 614
788 717
163 821 163 821
614 614
614 613 614
163 72 163
614 742 742 614 614
717 717 788 788 788
788 717 788
717 788 788
163 162 163
717 788 717 717
788 717 717
788 717 788 788
717 788 788
163 435 163
614 613 614
163 162 163
614 742 614 614
163 491 163 212 163
614 742 614 614
163 72 163
788 717
717 717 717
614 742 742 614
163 518 615 163
163 72 163
163 162 163
614 614
614 613 614
163 145 163
163 934 163
788 717 717 717
821 163
163 652 163
163 821 163
163 934 163
788 788 788
163 435 163
163 821 163
614 613 614
717 788
614 613 614
717 788 788 788
163 162 163
788 717 788 717
614 614 613 163
717 788 788 788
717 788 717 717 717
614 756 613 613 163
717 271 717
163 72 163
614 756 614
163 652 163
163 459 717
717 717 788 788 788
717 788 717
163 934 163
717 788 788 717
614 742 614 614
717 717 788
717 788 788 788 717
614 613 613 614
614 613 614
614 614 742 614
788 717 271 131 163
614 742 614
788 788 788 788 788
717 717 717 717
163 20 282 20 163
788 788 788 717
614 614 614
163 641 212 163
717 717 788 788 788
163 420 163
717 717 788 788 788
792 121 792
717 788 788 788
788 717 717 717
163 42 163
717 788 717
163 491 163
717 131 163
614 614 613 613 614
717 788 788 788 788
614 613 614
788 717 788 788
614 614 613 613 614
614 106 154 163
163 821 163 821
717 788 788 788
163 643 163
788 717 717 717
717 788 788 788 788
614 614 613 613 614
788 717 788
614 614 614 742 614
163 613 614
717 788 717 717
717 717
163 20 282 20 163
788 788 717 788 717
788 717 131 163
821 163
163 518 615 163
717 788 717 788 788
788 788 717 788
717 788 788
788 788 788 788 717
788 717 788 788
717 215 717
717 271 717 788
788 717 788 788 717
163 641 163
614 614 614
717 271 131 163
788 788 788 788
717 788 788 788
717 788 717 717 788
821 163 821
163 643 163
614 756 613 613 163
163 162 163
614 106 154 163
717 788 717 717
163 934 163
788 717 717 717
788 788 788 788 788
717 717 788 788
163 411 163
717 788 717 788 788
717 271 717
163 491 163 212 163
717 717 717 717
614 613 613 614 614
717 788 717 215 717
163 72 163
788 717 215 717
821 163
163 491 163
163 934 163
788 717
717 717 717
163 641 163
821 163
614 756 614
788 788 788 788 788
717 160 427 107 163
717 788 717 215 717
717 459 107 163
614 742 614 614
717 788 717 717
614 742 614 614
163 162 163
163 652 163
717 215 717
788 788 788 788 788
163 435 163
717 271 717
717 788 788 788
614 613 613 614 614
788 788 717 788 717
614 613 613 163
717 788 717 215 717
717 788 717 717
163 212 163
717 788 717 717 717
788 717 131 163
788 717 717
163 491 163
163 459 717 717
717 717 788 788
163 20 282 20 163
788 717
788 717 131 163
788 717 717
614 614 613 614
788 788 717 788
163 459 717
163 212 163
717 160 427 107 163
614 742 614
163 601 163
163 652 163
163 20 282 20 163
717 717 788 788 717
717 717
788 717 215 717
614 614
717 271 717 788 717
788 788 788 788 717
614 742 614 614
717 788 717 788 788
163 42 163
163 131 717
717 717 788
788 717 788 717
163 491 163 212 163
717 788 717 788
163 643 163
717 271 717 788
614 614
717 459 107 163
717 717 788 788
163 821 163 821
717 788 788 788 788
163 934 163
717 717 717 717
163 72 163
163 934 163
717 788 788 788 717
792 121 792
614 614 613 614
717 717 717
788 788
163 821
614 614 613 614
163 420 163
717 788 717 788 788
163 821 163
717 717 788 788 788
163 821 163 821
163 821 163 821
717 717 788 788
717 788 717 788 788
717 717 788
792 121 792
614 613 613 163
717 788 717 788
614 613 613 163
163 20 282 20 163
163 491 163
788 717 788 788
717 271 717
788 717 788
163 821
163 145 163
788 717 271 131 163
614 742 614 614
788 788 717 788 717
788 717 717 788
788 717 788 788 717
163 821 163 821
614 614 614
614 614 614 742 614
717 717
163 641 163
717 788 717 717 717
614 613 614
614 613 614
163 601 163
788 788 717 788
163 435 163
717 788 788 788
163 641 163
163 72 163
163 162 163
788 788 788
792 121 792
788 717 717 788 788
614 742 742 614 614
788 717 717 788 788
717 788 717
717 271 717 788
788 788 717 788 717
717 788 717 717
614 613 613 614 614
788 788 717 788 717
717 271 131 163
717 788 717 215 717
717 788 788
614 614 613 613 614
788 717 271 131 163
717 788 788 788
163 42 163
614 613 613 614
788 717 717 788
163 518 615 163
163 162 163
717 271 717
788 788 717 788
163 613 614
717 788 717 788
717 271 131 163
788 717 717
163 212 163
788 788
717 788 788
163 154 154 163
614 614 613 163
163 42 163
788 788 788 788
163 162 163
163 601 163
717 160 427 107 163
788 717 271 131 163
614 613 613 614
788 717 215 717
614 614 613 614
788 717 788 717 717
717 788 788 717
717 788 788
163 162 163
163 20 282 20 163
163 72 163
717 788 788
163 518 615 163
163 821 163 821
614 614
614 756 613 613 163
163 459 717
788 717 788
788 788 788 788 717
788 788 788
614 756 614
717 788
717 788 717 788
717 788
163 420 163
717 717 788 788 788
163 491 163
163 601 163
614 614 613 613 614
717 459 107 163
163 821 163
788 788 788
788 717 788 717
163 435 163
614 742 742 614
163 145 163
163 411 163
163 491 163
788 717 788 717 717
717 788 717
717 717 717
788 717 215 717
614 613 613 614
163 934 163
614 742 742 614
788 788 717 788 717
163 42 163
788 788 788 717 788
717 459 107 163
163 641 163
614 756 613 613 163
717 271 717
717 271 717 788 717
717 788 717 717 717
614 742 742 614 614
163 162 163
614 106 154 163
788 788 788 717
717 788 717 788
163 145 163
163 435 163
717 788 788 788
614 614 613 614
788 717 788 717 717
163 121 127 613 614
163 613 614
821 163
717 788 717 788
717 788 788 788
614 614 613 163
614 756 614
717 717 788
163 518 615 163
788 788 788 788 788
163 72 163
717 788 717 788
788 717 717 788 788
614 614 613 163
788 717 717 788
788 717 788 717
614 614 613 163
717 717 717 717
614 613 163
788 717 131 163
163 641 163
717 788 717 717 788
717 717 788 788 788
614 614 614 742 614
614 613 613 614 614
717 271 717 788 717
717 717 788 788 788
788 717 788 717
788 788 717 788 717
163 459 717
717 717
717 459 107 163
788 788 717 788
717 717 717 717
717 788 788 788 788
614 756 614
717 788 717 717 717
788 788 788 717
614 614 614
788 717 788 717 717
614 614 613 614
163 641 163
717 788 717
788 788
163 821
788 717 788 788
614 614 613 614
163 491 163 212 163
614 106 154 163
717 717 788
717 788
788 788 788 788 717
788 717 788 788
614 742 614 614
163 435 163
717 271 717
788 717 717
163 42 163
788 788 717 788
163 42 163
614 756 613 613 163
717 717 788
163 641 163
788 788 788 788 788
163 652 163
717 271 131 163
614 614 613 163
614 756 614
717 788 717 788
788 788 717 788 717
792 121 792
821 163 821
717 717
717 271 717 788
788 717 788 788 717
717 459 107 163
163 491 163
163 491 163
788 717 271 131 163
717 271 131 163
717 788 717 788
163 491 163
717 717 788 788 717
614 106 154 163
614 613 613 614 614
614 756 614
163 821 163 821
163 613 614
788 717 717 788
163 643 163
614 756 614
717 717 788 788 717
717 788
614 614 614 742 614
163 652 163
163 641 212 163
163 821
788 717 271 131 163
614 614 614 742 614
163 20 282 20 163
717 788 717 788 788
717 271 717 788
163 420 163
788 717 131 163
717 788 788
163 212 163
163 518 615 163
717 717 717 717
163 491 163
717 788 788 788 717
788 717 131 163
717 271 717
614 614 613 613 614
614 614 613 163
717 459 107 163
717 717 717
614 756 614
788 717 788 717
717 788 788 788
163 491 163
788 788 788 788 788
717 717
717 131 163
788 788 788 788
788 717 131 163
788 717 131 163
163 42 163
163 212 163
614 613 613 614 614
717 215 717
717 788 717 717
788 717 788 717 717
717 459 107 163
163 641 212 163
788 717 788 717
717 717 788
788 717 788 788
788 788 717
614 756 614
163 601 163
163 821
788 717 788
163 162 163
163 420 163
163 613 614
163 121 127 613 614
717 788 788 788 717
788 717 788 788
614 756 614
717 717 788 788
163 72 163
717 788 717
717 788 717 788 788
163 518 615 163
788 717 271 131 163
163 420 163
717 717 788 788 717
717 717 717
717 459 107 163
163 145 163
717 271 717 788
788 717 788
717 271 717 788 717
717 788 717 717 788
717 788 717 717 788
788 717 788 717
788 717 215 717
788 788 788
788 788 788 788 788
821 163
788 788 788 788
717 788 788
614 106 154 163
788 717 788 788
614 613 163
717 788 788
163 491 163
792 121 792
788 717 717 717
788 788 788 717
614 756 614
717 717 717
614 613 613 614 614
163 518 615 163
792 121 792
163 145 163
788 717
788 717 717
163 821 163
788 717 717 788
717 788 788
614 614 613 613 614
163 435 163
163 420 163
614 756 613 613 163
163 154 154 163
614 613 613 614
788 788 717
717 788 788 788 788
614 614
163 121 127 613 614
614 756 613 613 163
717 788 788
163 518 615 163
788 788 788 788 717
717 459 107 163
788 788 717 788
163 459 717 717
163 131 717
163 613 614
614 613 614
163 821 163
163 459 717 717
614 613 614
717 788 717 717 788
163 435 163
788 788 788 788
163 641 163
163 131 717
163 459 717
717 160 427 107 163
614 613 613 163
163 613 614
717 788 717 788
163 411 163
717 788 717 717
717 717 788 788
821 163 821
788 717
717 788 717 717
163 42 163
163 42 163
717 788 717 717 717
614 614 613 163
614 614
717 788 717 717
163 518 615 163
163 162 163
717 788 717 215 717
163 162 163
163 601 163
788 788 788 717
163 934 163
163 212 163
788 717
788 717 131 163
717 271 717 788
788 717 717 788
163 652 163
717 717
614 613 613 163
163 20 282 20 163
163 121 127 613 614
163 435 163
717 717 788 788 717
163 435 163
717 717 788 788
792 121 792
163 121 127 613 614
163 652 163
163 641 163
614 614 742 614
614 756 613 613 163
163 821
163 435 163
717 717
163 121 127 613 614
788 788 717 788 717
163 411 163
788 788 788 788 788
614 742 742 614 614
163 166 163
163 420 163
788 717 215 717
163 641 163
788 717 788 717
717 717 717 717
788 717
788 788 717 788 717
163 459 717 717
163 411 163
163 131 717
614 613 613 614
163 491 163 212 163
163 652 163
614 742 742 614
614 614 613 163
788 717 788 717 717
163 162 163
163 72 163
717 717 717 717
614 742 614 614
717 271 717 788 717
614 756 613 613 163
163 131 717
788 788 788 788 717
163 821
717 788 717 215 717
163 934 163
717 271 717
788 717 271 131 163
788 717 215 717
717 271 717 788 717
717 788 717 788
614 106 154 163
788 717 788 717 717
717 271 131 163
614 742 742 614 614
163 821 163
788 788 717
717 788 717 717 717
163 643 163
163 821
717 788 717 717
614 614 614
717 788 717 215 717
163 459 717
614 742 742 614 614
163 145 163
788 788 788 788
717 788 717 717 788
717 271 717 788 717
163 821
717 271 131 163
717 459 107 163
614 614 614 742 614
788 717 131 163
717 459 107 163
163 162 163
717 215 717
614 613 614
788 788 717 788
163 613 614
163 821
163 20 282 20 163
614 742 614
717 788 717 788 788
614 614 613 614
717 717 788
788 788 717
163 641 212 163
163 652 163
614 614 613 614
788 788 788
788 788 717
717 788 717 717 717
717 788 717 717 717
717 459 107 163
717 788 788 788
717 717
717 717
717 717 717
788 717 788 788 717
614 614 742 614
788 717 271 131 163
163 212 163
163 613 614
717 788 788
614 614 742 614
821 163 821
717 788 717 215 717
821 163 821
788 717 788 717 717
163 601 163
163 934 163
717 788 788 788 788
614 742 742 614 614
788 717 717 717
163 20 282 20 163
163 613 614
163 652 163
614 742 742 614 614
163 154 154 163
163 166 163
788 788 717 788 717
788 717 788 788
163 643 163
788 717 717 788 788
788 717 271 131 163
788 717 788 717 717
614 742 742 614 614
614 614 613 613 614
614 614
614 742 742 614 614
717 131 163
614 614 614
614 613 613 163
788 717 131 163
788 788 717 788 717
717 788 717 788 788
614 614 613 614
788 717 717 788
614 613 613 614
717 271 717 788 717
163 459 717 717
788 717 215 717
163 121 127 613 614
788 788 788 788
788 717 788 717
163 613 614
788 717 788
614 106 154 163
788 717 717 788
788 717 215 717
717 717 717
717 271 131 163
717 271 717
614 614 614 742 614
163 491 163 212 163
614 613 614
788 788 717 788 717
788 717 717 717
614 614 742 614
788 717 788 717
163 154 154 163
717 271 717
788 788 788 788 717
163 420 163
614 614
163 459 717 717
717 788 717
788 717 788 788 717
788 788 788 717 788
163 459 717 717
163 20 282 20 163
163 121 127 613 614
717 788
821 163 821
614 613 613 614 614
163 145 163
163 166 163
717 788 717 215 717
821 163 821
163 652 163
717 717 788 788
614 614
788 788 788 788 717
717 459 107 163
163 212 163
163 435 163
163 420 163
614 614 613 163
717 717 717 717
717 788 717 717 788
163 162 163
788 717 131 163
614 614
163 821 163
717 717 788 788
788 717 717 788 788
717 271 717 788
717 271 717
614 742 614
821 163
788 717 271 131 163
163 641 212 163
163 121 127 613 614
788 788 717
717 788 717 717
614 742 614
717 717 788 788 788
163 420 163
163 20 282 20 163
788 717 131 163
163 420 163
163 491 163 212 163
163 934 163
717 131 163
614 742 742 614
614 613 163
163 435 163
163 491 163 212 163
614 756 614
