6 516 2 859 6
5 728 885 106 64
5 528 644
6 204 6
5 302 64
528 528 644
528 64
64 216 64
6 418 473 6
5 349 180 644
5 644 6
644 64
5 102 192 58 6
64 198 64
528 191 420 235 5
6 562 457 840 64
6 563 572 515 6
644 820 64
5 763 763 763 5
64 482 74 482 64
644 6
64 771 105 450 5
489 419 489
5 815 64
6 611 5
64 98 64
6 286 5
6 489 528 5
5 279 279 5 64
6 994 6 5
5 96 866 411 5
644 489
64 211 3 859 6
5 828 64
5 303 105 489
644 349 64
5 718 5
6 528
5 99 64
644 5 716 5
6 305 5
64 6
489 408 5
5 184 166 376 64
64 64
64 93 64
6 57 56 6
528 489 6
64 349 5
644 528 528 644
64 440 6
6 183 6
5 5
489 434 64
64 165 171 64
5 305 58 5
644 180 644
6 2 305 528
5 357 5
6 859 4 6
6 949 6
5 517 192 5
528 644 644 64
64 325 962 325 64
6 286 5
5 184 166 376 64
6 137 420 450 5
6 438 136 89 5
489 64 644 644 6
6 517 5 96 64
64 719 64 980 64
6 193 6
5 325 64
5 96 76 113 64
528 392 528
5 57 6
528 5 728 5
6 272 6
5 2 1001 6
64 94 64
5 237 6
5 102 100 5
6 1001 194 5
6 644 6
64 420 139 6
64 357 68 184 5
5 57 64 325 5
64 719 64 980 64
5 184 166 376 64
528 305 211 6
6 667 6
5 374 5
6 430 64
6 308 5
5 763 763 5
64 528 644
64 523 168 6
5 438 6
64 496 5 53 5
5 323 64
5 286 6
64 528 644
528 5 815 859 6
528 392 528 644
6 6 55 6
64 419 489
64 644 528 528
6 528 64
6 194 5
6 137 420 450 5
644 528 6
528 191 64
64 572 515 6
64 42 64
5 215 58 195 6
64 183 424 269 5
644 140 6 489
6 6 181 6
5 327 328 108 64
5 236 930 234 64
489 644 180 644 6
644 644 6
6 430 64
64 191 528
64 234 58 6
64 94 64
6 1001 194 5
64 157 64
64 42 64
64 644 349 64
5 349 122 397 64
64 98 323 6
5 902 5 312 5
6 528 64
5 325 64
5 430 5
644 528 305 211 6
5 89 6
64 980 5
6 232 64
5 419 542 458 6
6 438 136 89 5
489 64 644 644 6
644 820 169 64
5 99 100 5
489 408 6
644 269 64
489 489
5 140 5
5 183 89 552 6
5 24 64
5 6
64 6 994 6
6 140 929 489
64 61 64
528 373 528
6 21 92 728 5
64 419 64
6 204 6
64 786 64 5
6 587 587 2 5
489 929 489 489
64 191 528
64 140 644 820 64
64 280 53 129 64
489 771 489
5 57 5
5 291 142 64
64 5 902 5
6 305 5
5 462 21 5
64 376 64
5 59 305 64
64 6 994 6
64 440 64
64 140 644 6 644
64 2 571 6
489 929 489 489
5 234 64
5 24 64
5 192 517 305 64
5 291 183 6
64 644 528
5 100 5
489 528 6
5 132 285 107 489
5 5
6 528 528 6
5 243 64
64 527 6 5
6 102 6
644 489 64
5 840 64
5 357 5
5 763 5
489 64 419 211 489
644 6 489
5 327 6
644 489 64
64 57 194 6
6 611 5
528 271 64
5 440 64
5 726 5
64 914 64
644 296 6
5 445 64
489 6 286 6
489 489
528 5 728 5
5 41 5
64 224 64
489 528 5 140 64
489 528 64
5 520 21 5
64 484 143 375 5
64 290 256 303 5
64 528 489
489 132 5
644 489
64 191 6
64 134 134 6
64 572 515 6
64 318 64
528 191 528
64 201 64
64 397 6
64 326 10 327 6
6 337 133 5
5 169 170 64
6 517 5 96 64
489 644
6 191 5
6 137 420 450 5
64 511 420 64
64 243 930 669 5
6 438 361 438 64
5 489 5
5 489 64
64 719 64
64 5 716 5
64 719 64 980 64
5 57 64 325 5
6 57 63 6
5 489 489
5 492 64
64 102 516 5
6 59 6
64 184 5
5 191 349 6
6 562 232 64
528 644 6
6 191 528 6
5 489 528
5 450 438 6
5 868 5
6 489 528 5
64 450 64
64 140 644 6
5 234 64
6 275 6
5 462 121 296 644
64 572 515 6
489 644 180 644 6
489 644 180 644 6
644 64
64 42 820 644
5 738 59 5
5 458 6
644 644 64
64 191 282 372 64
644 644 5
64 198 5
64 419 211 489
64 5 716 5
5 291 183 6 64
6 644 6
489 771 489
489 644 269 140 644
6 362 6
5 286 411 665 64
489 644 644
6 418 81 21 6
6 563 484 64
489 300 64
5 349 5
5 438 6
6 137 420 450 5
5 815 859 6
644 296 6
5 902 5 312 5
64 191 528
5 154 5
5 96 866 411 5
64 2 571 6
528 6 64
6 169 64
6 281 5
6 57 64
6 644 644 489
64 354 354 64
64 349 349 5
5 135 47 5
64 74 308 5
6 562 232 64
6 544 212 173 64
644 820 5
6 375 64
5 255 106 64
6 286 6
5 235 244 64
64 196 64
64 665 6
64 644 5
64 786 64 5
6 826 6
6 191 528
6 994 6
6 921 930 931 5
5 308 5
489 249 173 96 5
5 763 763 5
64 243 930 669 5
6 1001 803 193 6
6 64
6 516 517 5
6 527 6
6 5 437 96 5
528 489 528
644 140 6 489
5 496 64
5 302 115 5
528 644 950 64
6 285 5
64 379 6
5 351 94 94 64
64 140 644 820 64
64 318 170 6
64 375 6
5 840 64
64 434 489
644 820 64
644 269 140 644
5 135 116 64
5 5 726 5
5 74 438 64
5 57 64 325 5
64 281 6
6 286 6
64 234 5
5 2 990 5
6 64 511 420 64
6 921 6
64 489
64 515 6
5 327 327 5
528 5 57 131 64
64 528 528 644
6 0 103 64
5 140 64
5 489 528 644
6 337 5
6 346 820 64
6 64
528 528 5
5 140 5
6 89 333 516 6
528 644 296 6
64 42 820 644
64 302 5
5 902 5 730 64
64 515 64
5 462 121 296 644
6 232 64
6 644 489
489 771 489
64 528 528 5
528 644 528 489
528 271 64
5 218 549 64
5 183 58 481 6
6 308 74 222 64
64 438 64 528 6
644 644 950 644
5 24 64
489 932 174 859 64
64 349 64
6 102 743 517 6
6 644 5
5 466 6 528
6 64 511 420 64
6 89 333 516 6
64 102 516 5
64 134 5 379 64
528 528 64
5 308 880 2 489
6 408 832 59 6
64 165 171 64
5 516 305 64
64 489 5
5 291 142 64
5 281 6
5 738 6
644 269 140 644
5 201 5
5 430 5 902 5
64 103 64
528 5
5 520 21 5
64 199 64
644 644 64
5 528 644
5 815 64
528 528 5
64 440 64
5 195 516 102 5
489 644 180 644 6
64 168 484 572 5
64 496 451 141 6
5 192 102 6
528 64 456 64
5 520 815 815 5
644 489 64
6 89 333 516 6
644 950 644 489
5 195 516 102 5
6 64 496 64
6 132 5
489 528 6
6 305 5
64 528
5 466 6 528
5 462 21 5
64 80 880 6
6 644 6
6 275 168 900 5
528 644 64
5 828 64
5 58 6
64 99 5
6 134 64
6 412 64 528 644
6 438 5
64 815 64
64 771 489
64 89 5
64 523 64
5 931 238 64
489 644 6
5 828 64
6 285 6
6 286 6
64 511 64
64 412 64
64 611 5
64 372 283 5
6 134 133 64
64 191 6
5 215 58 195 6
6 327 11 5
6 430 64
5 990 281 6
6 284 6
644 6 489
5 511 682 191 5
64 528 644
528 644 64
5 96 64
6 57 56 6
6 286 5
6 64 511 420 64
64 330 860 900 5
489 644 528 489
64 11 5 5
64 527 6
64 489 528
5 41 5
64 644 528 644
5 763 5
5 349 644 644
6 528 5
64 937 937 64
6 517 517 5
64 57 305 64
6 826 6
5 868 5 5
489 212 489
64 124 124 64
64 527 5 135 5
6 5
5 430 5 902 5
64 376 64 644
5 132 285 107 489
644 644 5
489 434 64
64 349 349 5
5 243 64
64 91 64
5 192 517 305 64
6 2 305 528
5 730 64
5 201 5
6 140 929 489
6 63 6
64 786 64
6 994 6 327 5
64 183 424 269 5
64 329 46 96 5
5 57 6
5 517 6
6 346 820 64
64 456 64
64 102 743 516 6
644 147 644
5 211 117 5
5 644 5
64 184 5
64 5
5 201 5
64 644 528 528 644
5 644 64
5 211 6
5 55 6
64 456 64 330 64
5 517 192 5
644 644
64 665 64
644 644 6
5 644 528
644 6 489
6 426 426 440 64
5 644
489 2 273 140 5
6 489 528 5
6 57 56 6
64 644 349 644
5 716 5 489
6 516 2 859 6
489 157 6
5 57 6
6 563 572 515 6
5 466 466 496 5
6 430 64
64 57 5
5 35 5
6 59 6
6 375 64
64 149 6
528 528 5
6 489
6 563 584 290 64
528 271 5
64 290 256 303 5
6 949 6
5 309 5
5 154 5
5 312 5
528 373 528 5
64 685 208 408 6
5 117 5
5 59 880 6
6 272 6
644 644 528
64 496 451 141 6
644 820 64
5 520 21 5
6 5 489
5 438 6
528 644 528
64 305 517 6
5 644 644
64 489 644 644
644 147 644
644 950 644
5 438 261 133 5
64 93 64
64 528 5
5 169 437 5
6 0 377 215 5
64 438 64 528 6
64 511 64
644 269 140 644
64 515 6
489 132 807 5
64 980 5
64 980 64 445 5
528 528 5
5 135 455 64
5 669 5
6 563 484 64
64 395 64
64 290 256 303 5
6 994 6 327 5
6 375 6
5 445 64
5 135 5
5 516 5 718 5
489 64 644
6 234 6
5 489 5 669 5
6 285 6
5 35 5
64 450 611 183 5
64 926 64
64 771 489
528 644 644
6 323 5
489 211 64
64 216 64
64 89 5
64 489 528 528
5 840 5
644 644 950 644
64 434 489
64 914 753 261 5
528 6 528
64 828 234 5
5 230 5 489
5 809 5
644 140 5
6 21 92 728 5
64 511 64
64 164 140 64
64 199 64
64 730 64
489 771 13 211 64
5 450 438 6
644 6
489 644 644 644 644
489 64
64 528 6
64 376 64 644
5 279 279 5
5 184 6
64 98 323 6
489 64 644 644
6 528 644 64
64 2 571 6
528 392 528 528
528 5
489 528 271 5 528
489 408 5
64 5 716 5
5 269 147 644 528
5 134 64
64 445 139 209 64
6 611 64
5 900 900 411 5
528 644 5
5 183 64
64 191 528
489 157 389 64
489 771 489
5 718 55 6
6 430 64
6 397 64
6 211 5
489 528
6 667 6
644 528
64 528 489
5 132 285 107 489
644 820 169 64
6 102 6
528 5 408 517 5
6 281 5
644 528 528
5 520 164 929 489
6 5
64 611 5
64 329 46 96 5
6 528 64
64 191 6
489 132 5
64 181 6
6 346 351 284 5
6 64 496 64
5 100 5
64 134 5 379 64
64 116 64
64 64
528 644 296 6
6 191 528
5 718 55 6
64 198 5 807 5
5 184 166 376 64
6 489 528
489 419 489 6
5 346 351 5
6 211 5
64 515 6
6 738 281 6
5 134 777 482 64
6 438 136 89 5
6 21 92 728 5
64 815 5 135 5
6 5 255 106 64
5 481 6
5 902 5 242 5
6 284 6
64 458 64
5 117 211 286 6
5 284 6
64 271 528
64 10 306 325 5
6 949 6
64 489 644 644
6 305 5
6 516 2 859 6
5 102 100 5
5 99 64
528 392 283 5 6
64 102 516 305 6
64 42 64
6 517 5 96 64
6 281 5
5 302 64
64 6 489
64 685 809 5
5 230 5 489
5 511 682 191 5
64 665 6
5 644 6
6 281 685 64
528 644 64
6 528 6
5 134 64 489
5 115 492 64
5 261 165 64
528 644 820 5
644 644 950 644
6 859 408 489 5
64 644 644
5 527 527 64
5 302 115 5
489 528 644 950 64
5 489 5
64 419 64
489 644 644 489
644 528 644
5 243 5 528
644 6 994 6
5 438 6
6 55 6
5 269 147 644
64 527 423 5
6 440 5
64 140 64
5 102 100 5
64 395 64
64 140 644
64 828 64
64 450 64
64 191 528
6 528 191 528
644 6 994 6
528 528 392 283 5
6 96 211 5
6 132 131 64
5 430 280 64
5 309 5
644 6 337 5
5 716 5 430 6
5 469 5
6 157 719 64
6 308 74 222 64
6 389 6
5 437 437 5
5 357 5
6 921 6
528 644 644
5 306 5
5 726 152 128 64
6 89 469 5
64 80 230 5
5 291 142 64
64 198 5 807 5
64 349 349 5
64 644 644 6
64 492 5
6 362 6
528 271 64
644 296 105 269 644
528 528 644
64 357 68 184 5
5 527 64
5 323 5
64 685 880 6
6 149 64
5 438 6
644 644
5 271 211 6
6 516 517 5
489 211 64
644 140 64
6 5 255 106 64
64 302 64
64 840 5
5 6 6
6 59 619 5
5 807 5
64 527 423 5 5
6 362 6
5 24 64
64 354 354 64
64 89 132 489
6 206 207 191 64
644 269 64
6 375 64
528 305 516 5
5 134 777 482 64
6 140 929 489
64 719 64
5 55 6
5 516 305 64
6 644 528
5 349 644 644
64 191 528 528
5 517 517 517 5
5 611 6
5 255 106 64
5 157 392 528
6 644 6 337 5
64 95 6 418 6
5 99 100 5
6 141 64
64 528 644
64 644
5 234 160 68 64
6 134 64
64 644 528 528 644
64 445 64
5 64 140 644
64 234 58 6
528 644 644 64
6 191 528
6 64 511 420 64
64 840 5
64 6 994 6
489 644 528
5 644 644
6 549 64
64 6 489 64
644 820 169 64 64
6 528 191 528
64 489 644
489 408 6
6 528 5
5 184 21 64
5 96 866 411 5
5 192 517 305 64
5 134 64 489 644
6 516 305 408 5
528 489
489 528 644
6 528
6 440 5
5 527 6
489 644 6
6 1001 194 5
5 24 64
5 57 131 64
489 644
489 489
644 349 5
6 59 845 6
64 124 124 64
5 291 183 6 64
5 833 5
6 54 132 489
489 489 6 286 6
64 397 6
64 69 187 418 6
5 57 131 64
5 809 137 420 64
64 815 5
64 2 571 6
528 191 420 235 5
6 544 6
6 644 644
64 456 64
6 63 243 64
64 980 5
6 563 484 64
5 211 117 5
64 445 139 209 64
6 211 5
64 11 5 5
6 191 5
5 234 6
489 644
644 644 528 6
6 346 820 64
64 496 451 141 6
528 64 456 64
5 511 118 132 6
5 337 437 170 6
5 516 6
644 528 528 644
5 157 392 528
5 189 695 316 6
64 379 64
5 681 5
489 121 489
64 183 424 269 5
5 189 695 316 6
5 261 165 64
6 994 6 5
5 243 411 728 5
64 292 64
5 2 990 5
64 229 489
489 249 173 96 5
5 184 21 64
64 134 5
64 611 5
5 868 5
64 528 528
5 236 930 234 64
6 157 489
6 826 6
5 411 24 440 64
6 667 6
5 644 6
64 456 64
5 11 64
528 644 115 64
64 572 515 6
6 921 6
64 198 64
64 611 5
5 789 5 528
6 234 6
6 517 6
644 147 644
5 309 5
5 115 492 64
528 528 64
6 544 212 173 64
6 346 157 6
644 349 644 528
64 184 5
644 269 140 644
5 106 5
528 644 950 64
5 527 527 64
528 305 489
5 511 118 132 6
5 730 5 763 5
5 351 94 94 64
64 329 473 408 6
6 272 6
489 132 949 57 64
5 100 5
64 527 5
528 392 528 644 6
64 11 5
64 496 451 141 6
64 489
6 751 6
5 520 815 815 5
6 517 5 96 64
5 337 438 5
6 994 6 667 6
5 279 5
5 644 6
644 115 64
5 7 141 6
64 572 515 6
64 489 528
64 224 64
6 140 644
528 64 456 64
6 528 644 64
5 489 528
5 357 64
528 392 528 644 6
5 520 815 815 5
64 80 230 5
5 351 94 94 64
64 211 3 859 6
64 644
5 192 102 6
489 64 644 644
5 97 97 640 64
528 528 6
64 419 489
5 619 5
6 206 207 191 64
5 302 64
5 284 511 284 5
6 59 619 5
5 57 6
64 93 64
5 76 417 5
6 644 644
5 96 64
64 302 304 87 489
528 644 528 489
5 902 5 57 5
5 102 192 58 6
489 157 376 64
489 489 6
5 24 5
64 169 64
64 511 420 64
64 484 143 375 5
5 24 64
5 528 528
6 644 644 489
5 242 5
5 337 437 170 6
64 191 282 372 64
489 157 376 64
64 528 644
6 949 6
64 89 132 489
6 308 6
644 147 644
528 271 5
64 372 513 93 64
5 261 980 980 5
64 786 64 5
64 164 140 64
6 323 5
528 489 528
6 5 807 5
6 232 231 820 64
64 305 517 6
6 516 6
6 285 5
5 99 64
644 269 140 644
644 349 5
6 89 5
5 6
528 528
644 528 644 820 5
5 97 97 640 64
5 243 5 528
6 21 92 728 5
5 325 64 528
6 139 209 5
64 980 64
6 418 81 21 6
64 349 64
6 95 207 5
64 95 6
64 937 937 64
489 6 55 718 5
64 523 64
489 256 81 166 644
6 63 243 64
5 323 5
5 789 5 528 64
64 644 64
5 281 6
644 950 644
5 140 6
5 102 192 58 6
6 516 305 408 5
64 140 644
64 292 64
5 789 5 528 64
64 719 64
5 309 5
64 329 46 96 5
6 2 281 64
64 171 64
6 57 56 6
5 99 64
528 489 528 644
5 5 726 5
489 419 489
5 102 64
6 102 743 517 6
6 644
6 183 6 211 64
5 445 64
644 644 489
489 528 6
6 55 718 5
644 296 6
528 644 644
6 0 6
6 141 64
6 95 207 5
489 211 64
6 234 6 308 6
5 97 5
6 134 133 64
6 517 5
64 170 5
6 286 5
5 5
5 517 517 517 5
644 349 644
5 349 122 397 64
64 57 305 64
6 204 93 64
6 489 64
489 157 376 64
489 644 489
5 405 489
64 528 528 5
5 57 5
5 134 5
5 868 5 5
5 140 160 445 64
6 397 64
5 209 5
5 327 328 108 64
5 492 5
6 193 4 170 5
5 489 64
489 249 5
6 346 351 284 5
64 379 6 6
528 64 456 64
644 489 64
5 134 64 489 644
64 376 397 6
64 372 283 5 528
5 868 5 5
6 528 6
6 327 6
64 397 6
528 5 728 5
6 408 832 59 6
64 828 234 5
528 5 815 859 6
528 271 64
5 644 6
528 489 489
64 644 349 644
5 408 192 5
64 719 64 980 64
5 230 5 489
6 563 584 290 64
5 6 64
5 120 5
64 438 64
5 527 64
64 489 644 644
6 549 64
5 644 489
64 665 58 921 6
6 305 528
64 372 283 5
5 980 980 5
64 980 64
6 285 6
5 230 5 489
5 511 949 6
5 489
64 234 5
5 828 64
6 562 232 64
5 644 644 6
6 418 81 21 6
644 644 644 644
64 528 528
528 644 950 64
6 379 64
64 733 64
6 379 379 6
5 902 5 57 5
64 102 516 305 6
5 517 305 5
64 515 572 5
6 5 437 96 5
64 10 306 325 5
644 349 64 198 64
489 644 644 489
528 191 420 235 5
5 183 5
6 516 305 528
5 291 142 64
64 171 5
6 562 440 5
64 644 644
6 859 142 820 644
64 420 139 6
489 64 644 644
5 408 880 815 64
5 931 5
6 528 528 6
5 405 489
64 95 6
5 516 5
489 408 6
5 327 5 681 5
64 730 5
64 99 64
5 327 328 108 64
5 323 5
6 194 5
5 980 980 5
5 191 349 6
5 730 64
6 516 762 516 5
6 994 6 667 6
64 376 64
489 211 419 337 6
5 900 183 80 64
64 420 139 6
5 430 280 64
64 489 64
489 211 64
5 243 5 528
644 644 950 644
6 126 6
5 183 89 552 6
64 419 211 489
489 644 528 489
64 16 269 64
64 528 489
6 193 6
64 95 201 5
64 326 10 327 6
6 0 6
6 489
6 544 6
6 738 281 6
5 234 64
5 527 444 455 64
5 140 5
64 815 5 135 5
6 516 2 859 6
489 13 272 6
489 405 489
64 349 5
6 272 6
644 489
6 57 64
64 492 5
64 375 6
644 644 6
644 5 528
6 191 5
6 994 6 667 6
5 102 5
489 64 644 644 6
6 281 305 64
5 492 5
64 171 64
489 929 489
6 132 131 64
644 5
6 134 133 64
5 285 458 142 64
5 763 763 5 489
6 59 5
64 719 64 980 64
5 74 438 64
5 716 5 489
64 318 170 6
64 103 64
64 375 51 346 5
6 305 528
5 59 285 5
64 149 6
6 346 820 64
5 285 458 142 64
489 528 489
6 375 6
64 828 234 5
5 868 5 5
489 2 665 64
528 64 456 64
6 284 6
6 102 5
6 562 232 64
5 261 165 64
5 195 57 64
6 994 6 667 6
5 990 5
64 528 489 489
64 349 64
489 157 376 64
64 330 860 900 5
64 372 513 93 64
489 644 644 489
64 191 282 372 64
5 286 6
5 96 866 411 5
489 121 489
64 329 46 96 5
6 349 64
6 57 63 6
5 100 5 201 5
64 6
6 137 420 450 5
64 354 64
489 932 174 859 64
528 644 644 64
6 211 64
5 234 6
6 64 496 64
5 169 170 64
64 325 5
6 308 5
64 379 6 6
5 690 5
6 5 437 96 5
528 271 5 528 528
5 726 5
5 528
6 515 94 440 64
64 103 64
5 611 6
5 517 6
6 994 6 528
6 140 644
64 197 64
64 64
64 527 64
5 697 5
489 528 489
64 243 373 528
5 135 455 64
5 261 165 64
6 562 440 5
5 716 5 980 5
5 305 58 5
5 408 5
5 308 5
6 515 6
5 517 6
5 5
64 489 5
489 2 809 59 6
6 949 281 5
6 234 6
6 56 194 5
5 11 64
528 644 644
64 94 64
5 458 6
64 330 860 900 5
5 308 5 35 5
6 89 469 5
64 140 209 64
5 281 408 6
64 640 98 99 64
5 357 5
64 489 528
489 644 644 644 644
6 204 93 64
6 327 11 5
5 236 5
644 6 489
644 6 644
6 59 5
6 89 469 5
64 644 528 528
5 42 64
5 815 64
6 128 362 6
64 434 489
5 362 6
6 552 6
6 191 528 6
5 716 5 5
64 234 58 6
64 6 489
5 730 5 763 5
64 644 349 64
6 516 6
489 211 419 337 6
6 379 64
6 411 58 5
64 80 880 6
6 285 5
6 517 517 5
64 527 6
5 496 64
5 303 13 771 64
64 134 134 6 489
64 528 528 528
5 489 528 644 6
64 372 513 93 64
6 544 6
6 281 305 64
64 196 64
6 181 6
5 430 543 222 64
6 418 81 21 6
64 243 373 528
5 346 351 5
6 426 426 440 64
6 418 81 21 6
6 411 58 5 489
644 528 644
5 279 279 5 64
528 5
64 89 132 489
528 191 420 235 5
64 528 6
528 305 489
6 132 807 5
64 198 5
6 102 743 517 6
64 323 708 99 64
64 644 528 64
528 644 64
64 330 64
64 489 64
6 102 743 517 6
5 140 6
6 389 6
489 300 64
5 57 6
5 306 5
6 994 6 327 5
64 367 128 5
644 644 5
5 763 5
5 102 6
64 730 5
5 279 279 5
489 528 271 5 528
5 57 64 325 5
5 309 5
6 528 528 6
5 511 682 191 5
644 269 64
5 931 5
6 611 5
5 815 859 6
5 2 1001 6
64 528 528 5
5 489
5 557 5
5 5 726 5
6 281 685 64
5 337 437 170 6
64 528
5 6 6
64 305 517 6
6 21 92 728 5
6 64 511 420 64
5 306 5
5 105 346 128 5
64 644 64
6 528 191 64
64 165 171 64
5 716 716 716 5
64 99 5
5 726 5
6 515 6
5 408 517 5
6 59 619 5
6 408 138 57 6
5 445 5
5 517 517 517 5
6 5 255 106 64
64 515 572 5
64 282 115 5
5 738 59 5
64 172 458 6
5 102 64
6 880 6
64 21 5
64 140 209 64
5 284 511 284 5
5 24 5
644 528 528 6
5 466 6 528
64 69 551 184 6
6 204 167 751 6
6 308 6
5 619 5
64 184 42 64
5 868 320 868 5
5 215 58 195 6
644 528
5 445 64 980 64
64 496 5 53 5
5 716 5
64 527 64
6 346 157 6
489 929 489 489
489 644 269 140 644
64 191 528
644 140 64
6 305 528
6 375 64
5 57 6
6 137 665 64
644 644 644 489
5 96 76 113 64
5 833 5
5 64 140 644
6 517 333 5
64 201 64
6 57 56 6
5 517 305 5
5 325 64
5 100 5
64 379 64
5 6 102 5
5 6 64
64 450 64
5 809 5
64 292 183 5
528 644 296 6
64 90 13 489 528
6 191 5
64 644 349 64
489 644 489
64 181 6
64 644 64
5 900 5
64 440 6
489 64
5 106 5
64 527 6 5
6 418 81 21 6
528 644 5
64 771 16 771 64
6 195 6
6 430 6
5 134 64
6 458 533 667 6
528 528 64
5 511 682 191 5
6 440 5
6 323 5
64 329 473 408 6
64 611 5
644 147 644
5 931 5
6 346 351 284 5
64 430 5
528 271 64
6 59 619 5
489 6 55 718 5
644 349 5
5 6 134 133 64
64 840 64
5 195 516 102 5
5 644 5
6 327 728 5
489 644 644 644 644
64 771 489
64 6 489 64
5 730 5 763 5
64 527 423 5
644 950 644 489
644 528 528 6
6 438 136 89 5
64 124 323 64
5 486 5
5 466 6 528
64 719 64
64 51 409 417 5
6 64 511 420 64
64 430 6
64 719 64
6 5 255 106 64
5 902 5 57 5
6 1001 803 193 6
528 271 64
64 57 194 6
644 820 64
5 305 58 5
528 528 528
5 117 5
64 730 5
5 517 6
5 763 763 5
64 171 5
644 820 64
6 95 207 5
5 430 6
64 326 10 327 6
64 528
489 132 5
5 489 528 644
489 6
6 389 6
528 5 408 517 5
5 230 5 489
644 644 5
6 64 496 64
6 408 138 57 6
489 929 489
6 64 357 5
64 329 46 96 5
5 900 5
5 462 21 5
5 528
6 563 484 64
5 302 115 5
6 5
5 272 216 429 6
6 408 832 59 6
64 375 51 346 5
5 21 6
64 330 64
5 99 64
5 5
5 115 492 64
644 820 5
64 198 5 807 5
64 89 5
5 516 5
5 302 64
64 102 516 305 6
5 357 5
64 57 64
5 242 533 35 5
5 408 192 5
64 89 305 281 6
5 59 305 64
64 527 6
644 489
5 269 147 644 528
644 528 528
64 980 64
64 375 6
6 157 157 489
5 6 134 133 64
5 716 5 5
64 354 64
5 201 64
64 354 354 64
489 64 644
5 528 5
644 147 644
5 59 880 6
489 6 55 718 5
644 489 434 64
6 132 807 5
5 133 64
6 234 6 308 6
5 243 5
5 809 137 420 64
64 450 64
64 511 5
6 128 362 6
6 204 93 64
5 728 885 106 64
644 489
64 496 64
644 528 644
489 211 64
5 5
644 489
644 349 5
6 132 807 5
64 94 64
5 2 489
64 323 6
5 419 405 105 64
6 544 6
528 644 296 6
5 408 517 5
6 516 305 528
5 134 64 489
5 423 5
5 489 528 644 6
64 271 528 489
6 528 528
6 0 6
489 528 528
64 269 164 96 5
64 95 201 5
64 124 64
5 730 5 763 5
64 171 64 5
6 563 584 290 64
6 544 6
64 440 64
5 408 517 5
64 177 64
5 184 166 376 64
64 528 489 489
528 644 6
644 6 489
5 323 64
64 786 64 5
64 511 64
6 102 5
489 408 5
6 563 484 64
5 527 527 6
5 291 183 6 64
64 528 644
6 587 587 2 5
528 392 528 644
6 308 74 222 64
5 520 21 5
5 419 542 458 6
64 496 64
64 98 64
6 2 305 528
5 41 5
5 323 64
5 718 5
64 349 349 5
5 74 438 64
5 242 5
64 211 6
489 212 489
6 346 820 64
5 134 340 74 5
5 466 6 528
5 644 6
5 279 279 5
64 644 6
6 517 517 5
6 64
5 489 5
64 181 380 376 6
64 376 397 6
64 456 64 330 64
64 64 102 5
644 349 64
64 16 64
6 89 333 516 6
5 419 542 458 6
6 1001 194 5
64 527 5
6 418 6
64 511 64
5 349 5
64 325 962 325 64
6 21 489
5 57 408 462 5
64 211 6
6 430 6 994 6
489 644 644 644 644
6 438 5
64 572 5
64 395 64
644 528 64
5 286 5
6 408 832 59 6
6 102 6
5 261 165 64
64 184 5
5 349 122 397 64
6 880 281 64
64 527 5
64 5 716 5
5 581 420 5
64 528 528
5 235 5
5 291 183 6
528 271 64
64 815 5
489 771 489
489 528 6
6 738 281 6
5 308 6
6 57 56 6
6 346 351 284 5
5 419 542 458 6
5 809 5
64 828 234 5
5 302 115 5
5 2 990 5
64 523 64
644 644 644 644
64 191 282 372 64
5 728 5
64 11 5
64 292 64
5 430 6
6 5 437 96 5
528 5 57 131 64
644 349 64 198 64
64 16 269 64
489 13 272 6
64 329 46 96 5
644 489
6 58 56 6
6 667 6
5 201 5
5 97 5
5 57 5
5 430 280 64
5 34 5
5 64 140 644
5 419 489
5 728 5
644 269 64
489 6 5
6 206 207 191 64
489 6 286 6
64 450 64
528 64
5 516 305 64
644 820 169 64
5 681 5
6 527 64
5 520 815 815 5
5 644 644
5 279 5
528 6 528
5 716 5 489
489 644 180 644
5 281 408 6
6 1001 194 5
5 140 6
64 644 528
64 95 201 5
5 517 517 517 5
6 57 64
644 147 644
6 1001 6
5 2 1001 6
64 69 187 418 6
64 234 6
489 64 419 211 489
6 411 58 6
6 562 440 5
528 528 528
5 157 392 528
64 116 64
5 189 695 316 6
5 41 5
64 379 398 377 6
5 809 5
5 902 5
6 281 305 64
5 738 6
5 902 5 312 5
64 21 5
64 458 64
5 140 6
5 868 320 868 5
64 61 64
489 305 5
528 392 528
6 515 94 440 64
64 527 423 5
5 408 5
6 132 5
644 528 5
6 517 5
64 527 6 5
5 405 489 64
6 349 64
644 528 528
64 326 10 327 6
489 132 5
64 511 64
5 128 11 5
64 440 64
5 337 437 170 6
6 516 2 859 6
5 833 5
6 204 167 751 6
64 527 6 5
64 57 305 64
64 318 5
5 211 419 64
5 211 117 5
64 644 528 64
64 89 132 489
64 357 5
5 237 6
64 601 166 644
5 102 5
5 100 5 201 5
528 644 644 64
64 980 64
5 489 528 644
5 481 6
64 397 6
6 193 4 170 5
64 2 323 6 644
64 412 64
64 489 644 644
5 430 280 64
5 492 64
5 57 5
6 193 4 170 5
644 528 644 820 5
489 644 269 140 644
64 191 282 372 64
64 528 528
489 408 5
5 89 58 6
5 728 5
6 489 528 5
644 140 5 489
5 59 285 5
5 357 64
64 354 354 64
5 738 6
64 980 64
644 5
64 2 323 6
5 738 59 5
644 140 64
64 379 6 6
64 496 64
64 198 5
64 950 644
489 932 174 859 64
6 59 619 5
5 183 58 481 6
64 116 64
5 211 6
5 169 170 64
64 325 5
64 196 128 64
6 517 517 5
64 2 571 6
5 527 64
64 140 644 6
64 191 6
64 238 0 5
64 325 962 325 64
5 789 5 528 64
5 489
64 496 5
6 323 64 318 64
5 235 5
6 64
64 644 64
5 89 88 302 5
5 327 328 108 64
5 516 5
64 199 64
64 199 64
5 120 5
6 489 6
644 528 489
64 269 164 96 5
5 243 64
6 6 181 6
64 90 13 489
64 216 64
528 489 528
5 840 5
528 489 6
64 271 528 489
6 55 718 5
6 438 136 89 5
528 644
64 5 902 5
528 6 5
5 169 437 5
6 89 5
64 305 54 807 5
64 719 64 980 64
5 527 64
64 305 54 807 5
528 305 211 6
5 128 11 5
64 149 64
644 644
64 21 5
64 528 489 489
6 438 361 438 64
528 191 420 235 5
5 97 97 640 64
528 644 644
5 337 5
6 826 193 826 6
5 89 6
6 644 6 337 5
64 914 64
5 102 192 58 6
64 323 6
5 430 5 902 5
5 902 5
5 681 5
489 771 489
5 134 64 489 644
5 528 6
64 172 458 6
6 528 305 516 5
64 349 644
528 644 5
5 327 5 681 5
64 302 5
64 0 6
5 157 392 528
5 211 419 64
5 868 5 5
528 305 211 6
64 489 644
6 140 929 489
64 157 64
64 572 515 6
489 528 271 5 528
6 275 168 900 5
64 325 5
5 980 980 5
644 489 157 6
6 859 408 489
5 261 980 980 5
6 63 6
64 430 5
