409 306 306 20 118
13 210 169 409
420 520 20 420
651 301
409 244 301
409 30 420
118 597 118
301 453 301
420 607 118 118 13
13 667 409
301 273 322 13
409 474 409
13 263 301
810 560 810
409 29 13
13 47 13
409 118 387 118
301 63 854 420
118 409
301 340 121 420
118 748 495 118
409 450 93 409
301 428 322 446 13
13 199 677
13 450 86 189 301
13 179 128 450 13
651 301 420
13 476 13
118 667 409
301 298 301
301 357 184 420
118 748 118
301 596 597 651
301 511 810 511 301
301 420 108 13
301 13 209 13
420 651 301
118 300 283 420
118 607 490 371 409
118 13 624 651
13 785 409 326 118
13 483 226 301
301 624
13 509 420
13 357 184 409
409 225 309 5 420
651 511 511 420
409 346 13 301
13 478 514 13
409 800 409
13 535 13
301 115 420
13 461 624 420
409 207 116 118
301 312 300 118
420 490 490 420
420 326 409
13 667 409
301 21 820 13
13 210 169 409
409 25 409
301 597 597 810
420 230 420
301 28 409
13 263 301
420 280 165 420
810 210 13
420 210 256 312 420
409 40 318 409
420 326 409
409 225 309 5 420
13 56 408 420
118 118 13
624 420
13 351 155 420
651 624 461 118
420 83 118
301 404 212 420
13 809 13
409 590 13
810 597 118 651
420 68 420
420 188 420 409
301 453 301
13 357 107 495 118
420 854 420
118 461 13
13 325 13
301 651 624 461 118
301 651 506 13
301 446 13
301 137 301
651 624 461 13
624 84 83 13
420 291 133 581 13
13 357 357 13
301 473 627 420
420 209 244 244 420
301 809 13
420 68 420
301 28 409 118
301 926 301
651 624
13 661 7 420
409 326 118
13 809 302 123 420
13 655 13
420 244 301
624 21 624
420 301 809 13
420 188 420
301 290 301
13 130 345 346 409
118 495 214 13
420 78 13
624 301 420
301 621 160 621 301
420 325 409
420 402 402 349 13
13 199 677
301 747 663 68 420
810 301 290 145 13
13 164 13
420 511 301
651 2 409 409
13 108 420
420 218 218 420
301 209 244 409
13 346 409
301 651 624 461 118
409 336 409
301 747 663 68 420
420 355 137 13
301 624 461 118
13 290 13
301 183 121 13
301 13
301 290 121 301
301 137 138 409
810 296 87 810
301 651 118 420
13 352 13
651 420 211 281 13
13 785 409 326 118
301 189 301
301 209 301
13 509 420
301 159 183 301 301
651 118
13 12 420
301 13 209 13
420 453 607 118
301 68 667 409
301 171 301 312 420
651 506 651
301 931 301 651
651 511 420
13 236 183 35 13
301 81 409
624 420
409 244 301
301 511 64 357 409
624 420 28 420
409 13 478 514 13
13 177 13
13 418 190 311 420
420 301 624 461 13
420 301 624
13 483 13 13
409 171 976 444 13
301 420 108 13
301 140 45 301
409 30 590 409
301 327 141 11 420
118 409 420
301 216 429 461 118
118 511 651
301 273 13 730 13
13 444 13
118 121 166 301
409 667 118 651
13 33 27 409
13 53 231 624
420 453 42 87 13
13 33 27 409
13 327 945 409
420 15 541 15 420
409 800 409
13 118 667 13
301 963 301
301 686 301
13 576 93 13
118 387 118 118
301 444 981 113 13
420 624 420
301 747 663 68 420
420 647 420 581 13
13 509 420
301 140 301 27 409
13 306 733 420
118 748 118
420 305 13
301 340 13
810 560 810
420 184 409
420 511 651 651 651
13 336 437 39 13
301 173 166 28 301
409 35 301
301 820 13
13 357 13
420 490 490 420
651 511 651 420
624 13 351 155 420
420 669 420
409 457 409
13 409 338 409
301 52 301
420 30 13
301 596 597 651 301
118 651 511 118
420 367 420
301 428 409
651 420 211 281 13
301 597 597 810
420 269 420
13 90 409
13 390 438 336 13
13 197 128 13
420 69 473 141 420
624 651 301
651 427 651
409 450 176 94 13
651 427 651 420
301 420 118
118 651 301
420 624 231 177 409
420 647 685 13
13 349 13 343 13
409 624 21 13
409 306 306 13
13 114 420
13 461 624 409
13 840 285 285 420
420 568 357 301
118 84 111 375 301
810 244 409
13 47 409
118 13
118 420
420 186 420
13 420 810
301 357 184 420
409 418 190 420
301 108 420
651 272 651
13 450 86 189 301
13 242 963 83 118
651 428 409
13 171 13
420 108 301
409 118 511 651 118
420 810 244 810
301 624 461 118
301 312 420
118 13 624
301 596 597 810
651 624 461 118
13 285 420
13 679 13
420 402 402 349 13
409 800 287 81 301
409 40 30 13
13 304 13
409 336 30 473 301
301 118 409
810 420 13
301 624
13 767 82 99 420
301 747 301
651 511 682 511 118
420 783 420
420 291 450 464 420
118 511 284 301 13
651 651 651
420 155 301 810
420 301 809 13
301 269 301 13
13 327 301
651 511 651
13 207 13
420 28 160 149 420
301 225 756 215 301
13 420 810
13 114 169 13
651 118 13
409 800 287 81 301
420 184 409
118 511 118
301 420 624 409
13 483 226 301
301 211 301
420 99 420
409 118 387 118
409 38 23 25 13
118 511 420
13 137 301
301 651 420
13 87 654 420
651 427 651 420
13 210 169 409
409 47 361 13
13 23 301
13 306 409
677 199 13
13 130 345 254 420
13 624 409
118 117 118 409
13 26 165 337 13
13 197 13
420 167 420
624 651 420
409 474 514 13
624 651 118 597 118
13 484 13
409 51 13
624 13 351 155 420
118 651 301 13
301 137 138 409
13 53 231 624
13 339 464 420
301 228 309 312 420
420 20 62 474 420
13 483 226 301
118 511 284 301 13
301 810 244 301
420 316 409
420 167 515 13
420 651 624 409
420 669 420 624 409
409 624
13 210 355 420
13 579 13
420 115 420
409 140 301
301 357 184 420
651 651 651 118
420 810 244 810
420 83 180 420
301 273 139 541 420
13 514 13
118 461 735 140 409
420 283 288 199 677
301 140 273 301
409 371 174 63 420
420 494 420
13 79 13
409 316 420
651 118 301
420 83 615 800 409
13 444 301
409 40 318 409
420 114 165 26 13
624 13 409
13 667 509 13
420 167 13
420 340 483 128 13
624 13
13 413 458 647 420
420 167 420
420 651 118
13 420
13 12 420
409 207 13
420 191 682 511 810
301 276 301
13 78 79 13
13 278 342 350 13
409 118 511 651 118
420 325 409
13 409 785 409
810 296 87 810
301 327 10 409
13 420
118 209 543 170 13
420 20 327 82 420
420 114 165 26 13
13 197 409
301 118
13 33 27 409
13 423 301 810
13 483 226 301
420 29 13
118 209 13
13 146 615 669 420
651 624 461 118
409 128 118
301 596 596 597 810
13 444 245 339 13
677 199 121 18 420
420 581 409
420 783 420 78 420
13 306 733 420
651 272 446 301
420 138 409
409 2 13
301 511 118
409 138 409
13 900 13
420 810 244 810
409 21 409
118 20 420
301 624 13
118 13 420
409 945 327 13
13 302 123 420
301 809 13
409 47 409
810 420
301 150 301
13 90 409
420 172 351 13
301 170 13
420 244 301
420 83 180 420
420 337 511 118
13 698 13 579 13
420 79 482 576 13
409 371 473 108 420
13 167 207 13
420 325 409
13 242 926 301
409 197 167 420
420 235 963 210 810
651 511 301
409 280 458 420
13 190 189 190 420
420 651
810 597 651
420 12 13
420 581 301
118 209 155 301
420 669 420 624
420 190 105 87 810
301 214 13
420 541 215 301
301 137 301
420 318 171 13
118 651
409 420 269 810
409 336 160 446 13
420 651 118 13
13 409 409
13 27 121 118
13 167 420
13 357 105 478 13
409 40 590 409
301 29 459 90 409
420 367 420
13 190 13
420 11 406 506 409
118 651 427 651 420
301 818 86 326 420
810 597 118 651 301
13 210 169 409
301 730 13
420 244 13
810 210 13
409 23 785 13
118 461 812 13
810 597 118
118 607 170 355 420
301 228 314 301
301 244 963 473 301
420 509 418 509 420
118 511 810
301 624 301
118 20 459 223 624
409 38 23 25 13
301 226 301
651 511 651
420 83 292 409
420 121 651
420 666 420
409 316 420
13 352 13
409 624
409 515 413 13
420 624 461 13
409 450 93 409
409 667 13
301 321 387 118
13 190 69 13
420 581 13
420 210 256 312 420
13 478 13
13 351 363 420
301 36 107 430 420
409 418 188 420
301 155 137 420
118 667 13
13 590 409
301 357 301
13 318 420
118 51 118
409 450 413 13
13 207 94 13
13 164 13
301 36 34 33 409
13 581 13
420 137 420
13 23 409
409 667 13
409 428 272 140 301
420 810 420
409 244 409
13 33 30 409
13 357 409
420 810 420
810 520 6 375 13
118 597 301
13 47 409
301 473 627 420
13 290 13
13 199 820 420
13 272 651
13 748 460 159 301
409 443 13
13 481 552 949 13
13 171 13
810 210 13
301 511 810 511 301
13 33 27 409
13 767 473 301
13 346 128 409
118 409 138 409
420 453 42 87 13
420 118 301
13 484 13
651 420
651 420 733 420
420 143 328 560 810
13 302 13 420
420 373 420
118 607 490 371 409
420 167 420
420 494 420
301 13 420
409 27 27 301
420 291 420
301 963 301
301 23 409
420 783 420
13 126 408 420
13 514 13
13 423 114 420
13 497 409
409 35 301
420 511 301
13 53 231 624
13 126 13
409 165 13
409 581 420
409 667 13
13 118 301
420 318 171 13
301 13
420 133 128 420
409 418 13
420 854 420
118 118 409
13 58 233 88 810
420 249 301 926 301
409 128 409
409 581 13
301 211 402 420
651 254 651 301
810 301 189 222 420
651 2 13
301 327 141 11 420
409 420 337 420
420 20 62 474 420
420 651
409 325 962 325 409
409 945 945 409
118 667 409
301 228 450 420
13 590 13
420 624 301
13 183 81 420
301 36 107 430 420
624 409 35 301
420 283 288 199 677
13 27 13
624 223 624
420 105 489 13
13 980 64 511 651
13 900 953 301
301 931 301 651
409 29 13
420 118
118 387 118 118
301 269 447 579 13
301 651 118
301 327 945 945 409
13 58 233 88 810
13 32 13
13 128 118
810 222 314 420
118 279 118
118 597 301
420 450 409
13 785 409 326 118
420 651 118 409 409
13 137 301
409 165 13
118 607 170 355 420
409 800 287 81 301
420 141 86 393 301
118 409 138 409
118 651 624 651
409 325 420
420 121 301
13 126 13
409 945 409 409
13 820 424 338 420
118 667 13
13 171 116 118 118
420 624
409 35 339 13
13 771 13
420 123 337 301
420 624 409
301 357 184 301
118 651 624
13 698 13
13 33 590 409
13 126 173 651
301 273 13
13 840 285 285 420
420 167 13
420 311 301
420 647 685 13
13 306 733 420
409 776 409
13 32 13
420 647 420 581 13
420 404 420
420 78 13
624 223 309 64 420
13 244 301
651 420
420 211 66 117 409
13 199 677
13 327 945 409
301 810 244 301
420 69 473 141 420
420 184 42 607 420
118 118 607 118
409 138 409
301 28 409
651 624 301
301 337 301
118 651
118 461 13
420 669 420
409 225 309 5 420
13 445 13
13 244 301
13 509 420
420 190 105 87 810
301 511 810 511 301
677 199 41 28 301
118 118 651 301 13
118 607 118
13 197 409
301 931 301 651
13 40 13 685 13
409 25 409 624
301 13 13
409 325 420
409 945 409
301 809 13
13 357 105 478 13
420 541 533 302 13
301 13 209 13
420 118 326 13
13 10 329 367 420
420 314 420
420 340 483 128 13
13 361 13
409 138 409
409 515 413 13
13 337 13
409 336 409
13 13
420 651 118
409 190 62 367 420
420 669 420 624 409
13 423 301
420 138 420
118 13 301
420 118 301
301 13 209 13
13 579 13
13 179 128 450 13
301 597 597 810
13 357 301
301 89 369 88 810
420 209 118
13 357 13
420 654 420
301 290 145 13
301 651 511 651 420
420 409 428 651
409 165 13
420 607 118
420 362 420
13 23 409
301 420 118
651 118 420
13 483 13 13
13 409
301 28 409 118
420 244 13
301 810 244 301
13 27 301
301 269 301 13
301 926 234 239 13
420 526 13
420 301 809 13
118 326 420
301 140 301 27 409
301 189 536 184 301
301 138 301
13 304 13
301 52 301
13 318 13
13 47 409
420 114 165 26 13
118 13
13 285 301
409 36 36 13
420 305 13
810 244 301
420 81 473 298 301
420 244 13
301 747 301
13 108 514 13
420 337 511 118
420 20 62 474 420
409 305 420
810 222 607 420
301 216 429 301
301 820 13
13 236 183 35 13
13 579 13
420 123 337 301
420 669 420
301 641 301
301 809 13
13 137 301
420 28 409
13 30 135 13
420 464 420
118 13
420 105 489 13
301 444 981 113 13
13 33 590 409
13 306 93 108 409
118 651 511 118
301 271 13
624 301
13 263 318 13
409 624 651
118 651 427 651 420
13 2 409
13 65 324 65 13
409 13 667 509 13
301 226 301
13 767 82 99 420
13 349 13 343 13
420 118 511 420
13 23 409
409 13 306 409
420 184 409
301 337 420
420 184 420
13 302 123 420
118 209 155 301
420 641 301
409 118 420
118 651 427 651
301 596 597 651
409 118 387 118
118 209 155 301
13 352 546 651
409 448 424 78 420
301 171 820 197 409
409 474 514 13
301 211 402 420
13 484 160 316 420
409 428 651
301 81 356 301
13 29 13
420 291 280 420
301 596 597 651 301
409 244 409
409 420 651 624
13 418 190 311 420
13 130 345 346 409
301 420 624
13 478 13
651 651
409 244 810
420 654 211 13
420 121 651
301 20 409
301 13 590 13
420 118 51 118 651
13 304 13
420 212 21 20 118
420 783 420
301 428 322 446 13
301 52 301
118 300 367 116 420
301 820 13
13 624
13 352 13
301 228 309 312 420
301 651 511 651
13 418 190 311 420
810 301 189 222 420
651 651 651
810 420 13
13 170 301
651 651 651
420 155 301 810
13 357 409
301 511 651 624
118 651 427 651
409 35 301
301 312 420
409 30 420
651 420 305 409
301 446 301
420 278 409
301 428 322 446 13
301 597 107 147 13
409 278 789 168 13
420 13 350 13
651 597 301
13 12 420
301 211 695 164 13
301 290 301
301 963 301
301 473 627 420
301 290 301
810 301 189 222 420
420 458 533 457 409
420 363 420
13 244 244 301
118 597 301
420 211 62 30 420
420 118 511 420
651 420 305 409
420 301
301 820 13
301 357 301
810 511 301
13 483 13
301 596 597 651 301
301 624 409
420 269 420
409 35 409
301 926 234 239 13
13 418 409
13 820 424 338 420
301 621 278 13
420 932 420
409 197 207 13
420 624 301
420 301 420
409 450 413 13
420 278 409
409 171 976 444 13
301 89 301
420 209 96 13
301 818 166 301
13 409 785 409
301 35 590 590 409
301 8 301
420 118 13
118 300 367 116 420
118 121 20 420
420 28 420
301 184 298 184 420
301 155 137 420
118 118 651 301 13
409 418 13
651 118 301
409 420 854 420
409 326 733 440 13
420 11 420
420 340 420
651 420
118 409 409
301 225 460 244 301
13 461 273 13
118 651 511 118
420 21 118 118
301 20 695 316 420
13 346 409
420 155 541 420
13 375 368 301
13 263 318 13
420 783 420 13
13 352 13
420 526 13
409 27 301
13 199 434 167 420
420 409
13 183 29 590 409
13 285 301
13 900 953 301 810
13 318 13
420 30 420
651 651 118
409 25 409
409 420
409 108 494 225 409
13 655 13
420 99 420
409 118 387 118
301 269 301
409 27 93 409
420 69 473 141 420
420 581 301
409 207 116 118
301 132 301
13 444 13
409 306 306 20 118
409 93 443 409
301 248 301
420 458 533 457 409
409 590 13
409 945 327 13
13 93 116 420
301 420 118
301 651 420
301 245 417 409
420 624 651 301
409 450 93 409
13 576 93 13
420 133 128 420
409 346 13
13 840 13
409 244 409
13 390 438 336 13
420 509 418 509 420
301 25 13
409 138 409
420 654 420
420 191 681 12 13
13 478 13
810 393 301
810 597 118 651
651 420 211 281 13
301 312 300 118
624 231 177 409
420 201 420
409 177 905 177 13
409 177 65 280 409
301 621 160 621 301
810 87 607 118
420 932 20 420
13 10 329 367 420
13 285 301
409 443 13 484 13
13 346 128 409
677 199 278 13
420 172 351 13
118 511 651
13 409 39 409
624 231 179 13
409 25 409
420 83 13
301 362 301
409 390 459 453 420
13 375 301
13 840 285 285 420
301 150 301 511 651
409 776 409 624 651
651 651
420 114 165 26 13
13 118 301
13 349 13 343 13
13 526 13
13 346 409
301 13
301 169 128 409
301 810
118 495 60 420
409 33 878 23 13
651 2 57 610 420
301 244 810
13 357 105 478 13
13 273 13
301 173 166 28 301
301 140 273 301
409 457 409
118 301
301 337 301
118 13
420 581 420
651 301 337 301
409 418 13
118 667 13
409 27 301
409 420 581 301
13 137 301
651 2 409 409
301 810 244 301
13 118 209 13
420 29 301
420 783 420
677 199 526 13
301 624 409
13 409 338 409
301 225 218 420
13 197 128 13
624 301
13 33 13
420 340 420
301 137 301
420 78 13
409 450 93 409
13 263 301
651 420 211 281 13
420 511 301
13 164 13
409 428 676 447 409
624 231 179 13
301 93 409
301 140 273 301
420 249 301
118 607 170 355 420
301 624 13
810 597 651
301 216 429 461 118
13 357 671 471 810
301 820 420
651 420 211 281 13
624 651
420 733 420
651 651
301 327 945 409
409 118 511 651 118
409 108 13
118 597 301
118 84 624 409
301 446 301
13 581 409
420 186 420
118 607 118
810 296 87 810
409 244 301
420 21 118 118
13 685 698 281 13
420 526 13
409 177 905 177 13
409 624 409
13 350 13
409 171 847 417 409
118 387 118
420 511 651 651
118 651 624
13 343 343 13
118 607 118
13 78 497 409
409 776 409 624 651
624 13 351 155 420
13 478 514 13
301 423 121 423 301
420 128 118
420 627 420
651 597 810
13 685 281 301
13 165 409
118 461 13
118 118 409
301 420 108 13
420 509 418 509 420
420 12 13
624 420
409 21 301
301 420 810
13 199 434 167 420
13 306 409
420 291 280 420
420 188 473 150 301
409 118 420
409 190 420
13 78 420
301 511 810 511 301
420 79 13
409 169 13
810 244 810
409 624 420
409 93 443 409
13 336 13
301 226 301
409 108 409
420 211 932 28 301
677 434 677
13 420 810
420 106 419 482 301
13 661 420
13 301 747 301
13 278 342 350 13
13 23 409
13 361 444 301
13 481 13
301 225 218 420
409 590 13
420 137 420
420 28 160 149 420
13 812 160 818 301
420 118 51 118
13 197 128 13
420 186 531 581 409
301 278 420
651 118 597 118
810 560 775 560 810
301 597 107 147 13
118 326 420
13 350 593 199 13
118 118 651
420 29 409
301 809 627 420
301 184 298 184 420
810 597 118 651 301
13 190 189 190 420
301 211 402 420
420 291 280 420
301 28 409
118 549 679 13
409 81 301
301 651 624 461 118
409 25 409 624
13 418 13
118 549 679 13
409 776 409
409 390 409
420 541 215 301
409 13 478 514 13
409 118 84 249 301
409 443 13
13 58 880 281 301
409 29 301
420 531 420
301 368 301
810 597 651
301 184 301
13 199 820 420
810 244 301
13 108 13
301 596 301 301
13 661 7 420
13 137 301
301 810 244 301
420 230 420
301 269 447 579 13
13 509 420
420 184 420
301 327 141 11 420
13 423 444 301
409 457 568 420
13 114 420
420 78 420
409 118 84 249 301
420 733 420
13 114 420
13 179 128 450 13
301 340 121 420
301 953 900 13
13 236 183 35 13
420 581 13
651 651 651
13 809 302 123 420
118 118 651 301 13
301 624
409 118 511 651 118
13 170 13
118 121 166 301
409 108 494 225 409
301 36 107 430 420
409 118 511 651
13 375 368 301
13 624
301 25 301
810 210 13
651 506 13
301 423 121 423 301
420 123 116 420
420 133 128 420
301 262 511 810
409 128 409
13 357 301
13 375 368 301
118 209 118
420 647 420
13 949 132 552 13
624 223 309 64 420
301 423 121 423 301
13 352 13
420 409
13 361 13
409 197 207 13
13 304 13
301 809 627 420
420 490 490 420
13 305 420
13 87 434 361 13
420 201 420
420 458 533 457 409
301 651 506 13
118 511 301
301 290 121 301
810 420
301 337 420
301 621 160 621 301
13 445 301
13 840 285 285 420
301 511 810 511 301
420 340 483 128 13
420 325 409
301 171 13
420 783 82 748 13
409 21 624
118 409 325 420
13 361 13
301 473 627 420
13 207 13
13 514 108 13
301 27 13
13 420
624 651 118
420 128 118
409 47 361 13
409 21 301
301 184 409
409 197 167 420
13 326 420
651 427 142 19 13
409 28 409
409 244 409
420 105 489 13
624 13
420 123 337 301
409 118 209 13
420 115 420
13 375 318 13
301 68 667 409
651 511 810
301 963 301
301 225 756 215 301
301 404 212 420
420 128 118
420 651 420
420 581 409
13 197 409 25 409
651 2 57 610 420
624 231 168 301
420 186 531 581 409
301 686 21 420
118 651
13 509 216 301
118 511 651 118
420 149 420
301 596 301
624 420
409 190 420
420 269 810
651 597 810
301 624 13 409
677 199 13
13 272 216 446 301
420 511 420
13 244 244 301
118 597 810
118 118 409
420 651 118 409 409
301 926 926 301
301 35 590 590 409
409 357 357 68 301
409 25 301
13 497 340 301
301 651 511 651 420
420 68 420
301 621 160 621 301
420 430 420
13 13
409 244 420
420 494 420
810 420 301
13 13
420 669 420 624
409 118
420 430 420
13 26 165 337 13
409 27 301
13 461 624 420
420 149 420
301 930 301
651 118 651
13 576 142 20 118
118 13 13
420 810
409 169 13
13 33 13
13 461 428 651 651
420 409 118
13 767 13
420 244 301
301 118
301 686 301
420 783 420 13
301 171 13
13 108 13
420 651 624
420 191 682 511 810
13 290 87 13
624 231 179 13
420 641 641 420
420 13 409
420 212 21 20 118
301 115 171 13
301 327 10 409
13 497 340 301
13 771 13 418 13
13 343 343 13
13 10 329 367 420
301 244 409
13 318 420
13 25 409
118 511 284 301
409 390 13
420 188 420 409
13 318 13
624 231 177 409
420 494 420
420 123 339 13
651 624 461 118
420 141 86 393 301
301 211 402 420
409 117 409 244 409
420 190 420
409 35 409
409 25 409 624
301 511 420 167 13
420 78 420
420 191 681 12 13
13 785 409
624 651 420
13 785 13
13 210 355 420
301 356 356 356 13
301 89 369 88 810
420 494 420
13 183 81 420
301 818 86 326 420
301 183 121 13
420 607 118
13 302 13
409 450 83 318 420
651 511 682 511 118
624 223 309 64 420
301 420 624
301 18 420
13 165 409
420 13
409 776 409 624 651
301 641 946 641 301
301 168 301
420 29 409
810 597 301
420 820 420
651 118 13
301 810 244 301
409 624 301
409 785 409
301 269 301
301 211 301 624
677 199 121 18 420
301 624 301
301 100 301
13 357 184 409
13 137 301
13 210 169 409
13 78 79 13
13 26 165 337 13
651 506 13
118 651 427 651
409 190 420
13 581 409 128 118
301 199 13
301 244 409
409 128 168 900 13
420 661 7 420
301 809 627 420
13 114 420
118 83 106 278 420
409 36 36 13
420 118 301
651 511 301
13 375 301
13 302 13
13 423 444 301
409 420 337 420
409 325 420
13 27 121 118 409
118 118 651
13 272 651 511 420
13 327 945 409
409 305 420
409 624 420 28 420
409 418 13
13 79 13
13 286 13
13 535 13
301 953 900 13
13 980 64 511 651
301 473 627 420
810 511 420
409 624 651
420 661 7 420
420 624
301 651 624 461 118
13 165 13
13 413 458 647 420
409 428 676 447 409
651 272 651
13 167 207 13
301 581 409 118
810 511 301
420 338 318 13
13 190 420
13 361 444 301
13 108 514 13
13 183 81 420
13 698 138 301
13 285 301
420 669 641 301
409 624
13 357 301
13 520 810
13 445 13
409 420
420 520 20 420
118 84 111 375 301
13 322 13
13 197 409
301 140 45 301
13 357 184 409
301 596 596 597 810
810 87 810
420 190 409
301 13 13
810 301 225 218 420
409 27 93 409
420 222 607 420
409 21 409
651 624 651
651 254 651 301
13 357 671 471 810
301 651 506 13
420 810 269 420
13 375 301 118
13 497 409
13 506 13
13 242 926 301
651 118 495 60 420
651 272 651 624
624 461 461 13
118 511 301
118 461 13
677 199 278 13
13 167 207 13
409 171 301
409 197 167 420
810 87 607 118
409 450 413 13
624 84 83 13
13 418 190 311 420
420 209 118
13 526 13
420 340 13
420 301 624 461 13
13 197 409 25 409
118 13 624
13 514 13
409 35 339 13
118 651 624 651
118 651 301 13
420 184 409
301 23 409
13 423 114 420
409 450 176 94 13
118 495 214 13
13 130 345 346 409
301 93 409
651 301 420
420 647 420
420 244 420
301 159 183 301
301 108 420
651 118 495 60 420
420 458 533 457 409
409 36 36 13
13 667 509 81 409
13 349 13 343 13
409 428 301
13 165 590 13
651 272 446 301
420 123 116 420
13 278 342 350 13
409 581 13
420 21 118 118
409 624 420
420 121 651
13 280 426 423 13
420 116 280 409
13 809 301
420 137 420
420 184 42 607 420
301 150 301 511 651
301 453 301
13 423 114 420
13 461 624
624 301
420 118 511 420
409 326 118
13 339 464 420
13 767 121 420
420 312 420
13 327 945 409 118
420 13 350 13
810 420 301 624
13 197 13
13 339 464 420
301 271 137 546 651
13 183 81 420
118 511 651
810 296 87 810
13 118
118 511 118
13 474 301
13 27 301
13 748 460 159 301
409 118 651
420 283 132 301
409 28 27 409
420 30 420
301 137 138 409
13 375 368 301
409 624 301
13 483 13
409 280 458 420
409 177 905 177 13
13 171 116 118 118
301 248 301
13 23 301
13 357 671 471 810
118 118 409 138 409
677 199 526 13
420 291 280 420
301 362 301
13 481 13
301 428 301
301 420 118
301 651 624 461 118
301 13 13
301 269 301 13
13 514 13
420 118 511 420
301 199 13
409 336 160 446 13
409 581 409
420 118 748 495 118
420 326 409
420 325 409
409 336 409
420 541 215 301
13 497 409
420 338 318 13
301 169 128 409
13 108 514 13
301 321 387 118
624 231 177 409
13 350 13
13 771 13
301 511 301
409 138 420
301 157 191 494 420
409 428 651
13 209 13
409 590 13
409 244 13
420 581 13
420 607 118
651 420 68 420
409 13
118 511 284 301
409 624 420
420 458 533 457 409
420 118 301
13 667 509 81 409
13 698 138 301
13 351 155 420
651 624 461 13
13 170 13
301 357 258 87 810
13 90 409
301 651 118
13 33 13
420 340 483 128 13
409 25 409 624
420 651 301
301 228 450 420
118 51 118 651 624
118 118 607 118
118 301
301 926 926 301
301 225 460 244 301
13 458 420 301
13 357 301
13 13
13 484 160 316 420
651 2 13
118 651 427 651 420
118 409 138 409
13 302 13
420 81 473 298 301
651 420 305 409
409 138 409
420 79 13
810 597 118 651
409 108 409
301 269 301 13
409 357 409
13 679 13
301 68 301
13 147 160 132 301
420 624
651 597 810
420 99 173 301
810 301 290 145 13
409 450 176 94 13
13 273 13
409 624 651 301
13 481 552 949 13
13 130 345 346 409
409 108 409
409 474 514 13
409 108 409
13 357 671 471 810
420 340 420
13 197 409 25 409
118 409
13 197 13
301 23 13
420 283 132 301
118 748 495 118
810 560 810
420 627 420
420 222 607 420
118 13 301
13 280 13
409 306 306 20 118
13 306 409
409 390 13
301 184 298 184 420
409 418 188 420
420 115 263 47 13
13 26 165 337 13
810 244 409
13 576 13
301 13 13
409 207 116 118
301 25 26 590 13
409 2 13
13 812 160 818 301
409 108 13
409 450 413 13
420 669 420
420 21 174 420
301 211 301 624
420 651 420
118 118 420
651 118 420
409 590 590 13
409 420
118 118 651
13 25 409 118
624 223 624
420 314 420
420 337 301
420 210 256 312 420
651 272 651
13 576 13
810 393 301
13 581 13
810 597 810
420 316 215 316 420
409 27 301
409 443 409
118 549 679 13
420 651 624 409
301 23 13
420 325 409
13 306 93 108 409
409 450 93 409
409 390 409
13 375 301 118
13 420 29 301
420 20 327 82 420
420 191 681 12 13
13 980 64 511 651
409 51 51 409
13 409 25 301
810 597 596 301
420 541 533 302 13
409 420 854 420
13 474 513 210 420
13 179 128 450 13
301 89 369 88 810
13 306 409
13 339 464 420
13 458 420
301 28 409 118
13 767 82 99 420
301 225 756 215 301
420 624 13
420 624 651 301
301 596 597 651 301
420 494 420
301 446 301
13 458 420
420 139 429 301
301 262 511 810
420 190 420
118 121 20 420
301 244 13
118 651 301 13
13 327 945 409
13 30 169 409
409 418 13
409 776 409 624 651
13 244 301
301 199 301
810 321 150 301
301 61 483 482 301
13 13 318 13
13 301 747 301
301 511 118
677 199 278 13
13 349 13 343 13
420 624 13
13 126 13
409 128 168 900 13
13 418 190 311 420
13 26 165 337 13
118 20 459 223 624
420 188 473 150 301
810 301 290 145 13
420 78 13
13 114 169 13
13 581 409
13 483 13
13 190 420
13 515 409
651 272 651 624
420 21 118 118 409
301 216 429 301
118 279 118
13 444 13
409 326 733 440 13
420 404 420
409 316 409
409 450 83 318 420
409 51 51 409
420 669 641 301
301 170 13
301 624 651
301 641 301
13 655 13
13 509 81 420
118 651 624 651
420 29 13
118 597 118
420 367 420
301 953 301
409 118 651
409 418 13
810 597 118
409 515 413 13
118 118 651 301 13
409 448 424 78 420
13 474 513 210 420
651 427 142 19 13
409 171 301
409 325 325 325 420
118 461 735 140 409
420 624 231 177 409
651 118 461 812 13
13 271 273 301
301 597 301
13 337 93 13
13 118 301
118 607 419 337 13
420 624 231 177 409
118 549 679 13
420 409
420 453 301
13 25 409
301 337 420
420 291 450 464 420
13 349 13 343 13
13 286 137 2 651
13 461 447 409
118 118 651 301
409 169 93 301
301 169 128 409
420 83 13
420 15 541 15 420
301 171 820 197 409
651 428 409
13 56 408 420
118 209 155 301
420 531 420
301 312 300 118
301 730 301
13 346 13
651 624 409
301 27 25 301
13 420 118
301 624 13 409
301 953 900 13
301 263 29 409
409 336 409
13 812 160 818 301
301 89 369 88 810
301 159 183 301 301
420 453 301
409 457 409 457 409
420 283 288 199 677
13 130 345 254 420
301 926 926 301
420 186 531 581 409
810 296 87 810
301 356 356 356 13
409 667 13
420 188 420
420 186 420
13 13 318 13
420 211 932 28 301
13 785 409 326 118
420 83 180 420
13 210 169 409
13 423 301 810
624 409
420 458 647 434 677
301 596 597 810
301 621 160 621 301
409 624 21 13
13 581 409
301 953 900 13
409 81 301
420 355 137 13
420 305 13
420 651 301
13 698 13 301
651 2 409 409
810 597 651
13 785 13
420 13 409
409 800 409
118 651 624
13 23 409
420 5 195 211 420
13 199 677
301 337 301
13 78 497 409
13 461 13
301 271 13
420 118
301 423 121 423 301
13 497 340 301
420 210 256 312 420
810 296 87 810
118 461 812 13
409 326 118
301 20 695 316 420
13 458 420
301 159 183 301 301
13 352 546 651
13 478 13
13 771 518 434 420
624 301 420
13 278 420
13 78 497 409
118 597 651 301
301 511 810 511 301
13 302 13 420
624 13 409
409 171 318 13
118 549 679 13
13 730 13 809 13
301 209 301
420 211 281 13
409 624 301
13 13
13 171 13
301 228 309 312 420
13 748 118
409 40 590 409
409 190 420
301 20 420
420 283 132 301
13 820 581 420
301 581 409 118
301 150 301
13 444 245 339 13
13 461 428 651
301 35 590 590 409
301 228 309 312 420
301 155 137 420
409 13
301 262 511 810
420 373 420
409 305 420
624 651
420 291 133 581 13
420 155 301 810
420 79 13 285 301
420 210 256 312 420
13 168 301
13 423 444 301
13 423 114 420
301 18 420
13 318 420
301 225 218 420
409 417 725 116 420
118 118 651
118 326 420
420 453 301
13 590 409
420 810
810 87 607 118
420 115 263 47 13
301 183 121 13
13 164 281 13
301 189 301
420 458 647 434 677
420 627 420
301 244 409
301 931 301 651
409 390 13
420 854 420
13 339 464 420
13 771 518 434 420
13 667 509 81 409
13 785 409 326 118
301 596 596 218 420
420 783 420 13
13 444 245 339 13
624 651 420
13 184 13
301 211 402 420
301 445 13
409 457 409 457 409
301 228 314 301
420 494 420
13 191 214 214 301
13 481 552 949 13
13 53 231 624
13 325 13
810 597 118 651 301
118 326 420
420 409 428 651
13 667 509 81 409
301 368 301
409 305 420
420 304 564 63 13
420 30 13
420 81 473 298 301
409 138 409
301 244 13
651 2 409
