410 160 410
577 578 577
769 559 559
577 757 577 578
577 142 153
153 212 153
578 577 578 577
769 559 160 454
153 115 84 454
736 736 736
736 62 109
355 256 46 155 153
153 142 153
577 578 577 578
355 83 214 107 355
153 105 333 984 153
153 166 355
153 427 153
355 472 355
153 424 183 355
769 559 769 559 559
577 283 577
355 300 62 427 153
559 769 559 769
454 107 493 153
736 736 160 153
153 856 153
355 638 329 424 153
109 108 93 820 153
355 249 210 355
153 142 355
355 856 153
153 50 153
355 137 252 286 410
559 518 577
153 859 546 355
153 173 86 736
153 142 355
355 518 355
355 356 355
355 114 169 355
153 82 410
355 356 355
559 559 258 183 355
355 896 405 355
559 559 769
559 559 559
355 329 410
577 757 577
559 518 559
153 142 153
736 736 736 736 736
577 578 577 578
454 107 493 153
577 363 508 546 355
577 282 577 578
153 82 410
559 518 577
153 366 169 375 577
577 363 508 546 355
559 769 559 559
577 757 757 757 577
355 211 153
109 62 736
355 169 366 577
577 283 559
153 932 255 249 577
153 50 153
410 258 454
153 301 115 153
355 329 355
153 50 153
153 301 115 153
355 169 365 329 410
153 256 153
153 932 255 249 577
153 932 255 249 577
577 578 577 578
153 152 154 107 454
559 160 173 153
769 62 183 355
355 638 329 424 153
559 559 258 183 355
355 355
109 62 736
577 282 474 258 410
355 518 559
559 142 559
559 142 355
410 160 410
577 282 577 578 577
559 559 258 183 355
355 638 355
153 142 153
355 472 355
559 258 559 769
577 142 153
559 258 559
355 169 165 51 109
578 577 578 577
153 252 153
736 86 153
355 137 252 286 410
153 427 153
578 577 578 577
355 137 252 286 410
355 170 355
153 115 84 454
153 333 736
769 62 82 355
153 301 153
355 638 355
355 356 355
736 736 160 153
559 258 559 769
109 62 736
559 142 355
355 183 410
559 769 559
578 577
736 86 153
153 856 153 984 153
577 757 577
736 736 736 736 736
153 615 153
355 137 252 286 410
355 166 559
355 356 355
355 169 365 329 410
153 49 433 152 153
769 559 769 559 559
577 578 577
577 282 153
736 736
153 932 255 249 577
355 46 355
769 559 160 454
769 559 559
355 472 355
736 736 736 736 736
578 577 578 577
355 356 355
153 333 736
577 578 577
578 577 578 577
559 258 183 355
559 559 258 183 355
153 424 183 355
153 212 355
577 578 577 578 577
153 932 255 249 577
736 86 70 152 153
578 577 578 577
410 258 454
153 422 153
577 333 355
153 49 433 152 153
769 559 160 454
769 559 769
355 249 210 355
355 896 405 355
355 249 210 355
153 82 87 490 410
355 166 559
153 154 153
559 160 454
153 984 333 736
355 46 355
153 249 531 405 355
355 152 258 559
153 859 546 355
577 282 153
355 282 153
153 166 355
153 427 153
153 856 153 984 153
577 578
736 107 410
769 559 518 559
577 283 577
153 932 255 249 577
769 559 518 559
559 559
559 559 769 559
769 559 518 559
577 142 153
454 62 454
109 62 736
153 859 546 355
153 166 355
355 282 153
578 577 757 577
355 300 62 427 153
355 142 355
355 83 214 107 355
153 152 154 107 454
769 107 531 254 153
153 282 142 355
559 769 559
153 252 283 355
355 166 559
577 363 508 546 355
355 424 355
355 160 410
736 736
153 333 736
577 282 577 578
153 82 87 490 410
355 46 355
153 115 84 454
559 769 559 559
153 366 169 375 577
577 333 984 153
153 82 454
769 559 769
577 333 984 153
736 86 153
578 577 757 577
153 105 333 984 153
153 50 153
769 559 769
153 422 153
559 258 559
153 856 153 984 153
454 82 153
559 769 62 183 355
153 366 169 375 577
153 49 433 152 153
577 757 577
577 578 577 578
153 142 153
454 62 454
153 211 153
577 757 577
410 160 410
153 142 153
153 49 612 153
153 252 153
153 173 86 736
355 329 410
153 49 153
109 108 93 820 153
577 282 577 578 577
355 142 355
355 365 802 258 410
153 142 355
153 212 153
578 577 757 577
153 856 153 984 153
577 282 474 258 410
153 856 153
736 107 410
410 160 410
577 578
769 559 769 559
577 757 577 578
153 301 153
153 932 255 249 577
577 578 577 578 577
577 757 577 578
769 62 183 355
355 249 210 355
153 856 153 984 153
355 169 365 329 410
559 769 559 769
355 518 355
559 559 559
736 736 736 736 736
355 152 258 559
153 49 433 152 153
355 62 736
355 137 252 286 410
355 211 654 153
153 513 153
736 736 160 153
153 984 333 736
153 856 153 984 153
559 559 769 559
355 114 169 355
355 638 355
577 282 474 258 410
355 115 355
153 256 490 410
355 424 355
559 160 454
736 736 736 736 736
153 252 153
355 46 355
577 578 577 578
577 142 153
736 736
577 578
559 559 258 183 355
153 424 183 355
578 577 757 577
355 256 153
577 578 577 757 577
559 769 559
577 578 577 578 577
355 210 254 355
736 107 410
559 258 559
578 577 757 577
355 333 736
578 577 757 577
559 769 62 183 355
153 301 153
355 115 355
736 107 410
355 856 153
578 577 578
736 736 736 736
355 856 153
355 211 153
736 736 736
355 160 410
153 115 84 454
577 578 577
153 282 142 355
769 559 769
769 62 82 355
153 82 87 490 410
153 173 153
355 183 410
578 577 578 577
355 183 410
577 757 577
355 166 559
736 86 70 152 153
736 160 153
153 256 490 410
153 615 153
153 115 84 454
153 212 153
736 107 410
355 62 736
410 160 410
109 108 109
769 559 769 559
355 83 214 107 355
559 518 577 283 577
736 736 736
355 152 258 559
355 518 355
153 50 153
355 424 355
355 424 355
153 366 169 375 577
153 152 212 355
769 62 183 355
355 896 405 355
736 160 153
559 160 454
153 142 577
736 736 736 736 736
153 211 153
736 736
559 258 559
153 282 142 355
769 559 769 559 559
355 211 153
153 252 254 153
577 578 577 578
769 559 559
355 638 329 424 153
736 62 109
355 114 169 355
153 173 86 736
355 169 365 329 410
153 254 355
355 169 165 51 109
153 115 84 454
355 638 329 424 153
578 577 578
355 355
559 769
559 258 559
577 578 577 757 577
355 210 254 355
577 142 559
454 82 153
769 559 142 355
153 249 531 405 355
769 559 559
153 252 254 153
355 256 46 155 153
153 142 355
153 212 355
736 736 736 736 736
769 559 769 559
578 577 578 577
577 757 757 757 577
559 142 355
559 258 559 769
153 142 355
153 152 154 107 454
355 355
153 115 84 454
577 578 577 757 577
355 170 355
153 252 283 355
153 615 153
769 62 82 355
153 211 153
355 169 366 577
153 615 153
736 160 153
355 183 410
454 107 493 153
559 769 559
769 559 769 559 559
769 559 769 559 559
769 559 769 559
559 769 62 183 355
153 142 355
578 577 757 577
355 518 559
736 736 736 736
153 212 355
153 142 355
355 472 355
153 422 153
355 856 153
559 142 559
577 578 577 578
153 212 355
769 559 160 454
577 142 559
355 152 258 559
578 577 578 577
153 252 283 355
153 166 355
355 142 355
769 62 82 355
153 82 87 490 410
355 183 410
153 49 433 152 153
153 212 355
355 896 405 355
559 518 577 283 577
577 757 757 757 577
355 932 249 153
355 169 366 577
355 256 153
153 424 183 355
153 252 283 355
769 559 160 454
153 142 153
577 142 153
577 578 577 578
153 50 153
769 62 183 355
153 932 255 249 577
355 856 153
153 166 577
736 86 70 152 153
153 166 577
355 83 214 107 355
559 769 559 559
736 736 736 736
769 107 531 254 153
153 49 433 152 153
559 559 559
355 169 366 577
355 183 410
153 49 433 152 153
153 152 212 355
355 300 62 427 153
736 736 736 736
577 578 577 757 577
109 51 109
153 424 183 355
153 932 255 249 577
355 856 153
736 736 736
577 282 577 578 577
153 82 454
577 283 559
153 142 355
736 736 736
559 559 769
577 578 577 757 577
153 82 454
153 427 153
577 282 577 578
355 329 410
577 578 577 757 577
454 82 153
153 121 153
109 62 736
355 169 165 51 109
153 984 333 736
736 736 736 736 736
577 282 474 258 410
559 258 183 355
153 212 355
153 49 612 153
769 559 518 559
153 105 333 984 153
559 258 183 355
559 559
736 736
355 300 62 427 153
153 154 153
153 256 153
769 107 531 254 153
355 170 355
355 256 153
355 142 355
578 577 578 577
355 255 355
410 258 454
355 932 249 153
109 62 736
153 212 355
153 252 153
577 282 474 258 410
355 329 410
577 578
153 82 454
355 518 355
559 142 355
578 577 578
736 107 410
153 366 169 375 577
153 301 153
355 137 252 286 410
153 142 577
577 333 355
153 393 155 153
559 142 355
736 736 736 736
153 49 153
559 559
153 249 531 405 355
153 152 212 355
153 49 612 153
410 160 410
559 160 454
559 559
153 82 87 490 410
577 333 984 153
559 769
153 984 153
736 86 153
410 258 454
578 577 578 577
355 282 577
153 422 153
769 559 769
153 254 355
559 518 577
355 256 46 155 153
355 115 355
769 559 160 454
153 932 255 249 577
153 82 454
578 577
736 86 70 152 153
153 173 86 736
153 173 86 736
153 282 142 355
578 577 578 577
153 984 153
355 300 62 427 153
153 301 153
736 736 736
736 107 410
769 559 142 355
577 282 577 578 577
736 107 355
454 107 493 153
577 757 577
559 559 769 559
559 559 258 183 355
153 212 355
577 282 153
559 142 559
109 108 109
355 114 169 355
355 46 355
153 859 546 355
355 518 559
559 559 769
577 282 577 578 577
355 513 490 249 153
769 559
454 107 493 153
769 559 769 559
355 300 62 427 153
153 256 490 410
355 329 355
736 107 355
559 559
559 142 559
153 166 577
736 736 736
355 211 654 153
153 121 153
355 329 410
153 115 84 454
454 62 454
153 121 153
769 559 518 559
153 173 153
355 424 355
736 160 153
355 160 410
355 356 355
736 736
355 518 355
355 62 736
577 142 559
355 896 405 355
153 82 410
355 355
355 169 165 51 109
769 559 769
559 518 577 283 577
153 256 153
153 427 153
153 301 115 153
559 258 559 769
153 932 255 249 577
355 355
153 82 87 490 410
355 518 355
153 49 433 152 153
355 142 355
769 559 769 559
355 46 355
355 114 169 355
454 62 454
769 559 769 559
109 108 93 820 153
578 577 578
559 769 559
559 769 559
153 932 255 249 577
559 769 62 183 355
153 422 153
355 142 355
559 769 62 183 355
153 932 255 249 577
736 107 410
153 115 84 454
736 107 410
109 108 93 820 153
577 333 984 153
355 638 329 424 153
355 329 355
577 757 757 757 577
109 108 93 820 153
153 301 153
355 166 559
577 578
578 577
355 856 153
454 62 454
577 757 577 578 577
153 333 736
769 107 531 254 153
578 577
454 107 493 153
559 518 577
559 258 559
153 166 355
109 108 109
577 757 577
153 427 153
153 142 577
736 62 109
355 160 410
559 160 454
109 51 109
355 62 736
577 282 577
769 559 160 454
153 212 355
153 615 153
559 258 183 355
577 283 577
153 166 577
769 559 769 559
355 255 355
355 355
153 166 355
578 577
153 301 153
355 638 355
559 769 559 769
769 559 769 559
736 160 153
577 757 577
355 356 355
355 365 802 258 410
769 559 769 559 559
559 559 258 183 355
355 169 365 329 410
355 211 654 153
577 757 577
153 615 153
153 105 333 984 153
559 518 577 283 577
577 282 577
559 142 355
355 896 405 355
109 62 736
153 211 153
153 173 153
355 211 654 153
577 333 355
153 333 736
153 50 153
736 86 153
769 559 160 454
577 282 153
578 577 757 577
153 212 153
153 282 142 355
153 82 410
355 282 153
153 252 153
153 152 212 355
454 82 153
769 559
153 154 153
153 252 254 153
355 255 355
153 256 490 410
736 160 153
153 856 153
769 559 142 355
410 160 410
153 166 577
153 142 355
454 62 454
577 333 355
559 559 258 183 355
355 282 577
153 142 355
559 559 769
153 49 153
153 932 255 249 577
355 424 355
559 769 559 559
153 615 153
355 46 355
355 355
153 82 410
355 513 490 249 153
355 355
153 856 153 984 153
736 160 153
769 559 142 355
736 736 736 736
355 424 355
355 513 490 249 153
577 142 559
153 282 142 355
355 472 355
559 258 559
153 121 153
577 578 577 757 577
559 559
355 169 165 51 109
153 49 153
355 114 169 355
153 154 153
577 333 984 153
355 160 410
153 152 154 107 454
577 578
153 333 736
559 160 173 153
577 333 984 153
559 559 559
355 115 355
109 108 109
355 300 62 427 153
153 513 153
577 283 577
355 282 153
153 249 531 405 355
153 256 490 410
153 615 153
355 166 559
153 142 577
355 513 490 249 153
559 518 559
355 932 249 153
109 62 736
578 577 757 577
153 49 153
355 300 62 427 153
769 559 559
410 258 454
769 559 769
153 513 153
769 62 82 355
577 142 559
559 518 577 283 577
153 82 410
559 559
153 82 87 490 410
355 169 365 329 410
355 170 355
578 577 578 577
153 254 355
577 578 577 757 577
355 211 654 153
153 152 154 107 454
577 142 153
769 559 142 355
153 249 531 405 355
153 173 86 736
769 559 142 355
153 856 153 984 153
355 137 252 286 410
355 513 490 249 153
736 107 410
736 62 109
355 638 355
153 333 736
559 559 559
769 559 769 559 559
153 856 153
355 329 410
559 258 559
410 258 454
559 769 559 559
736 160 153
153 82 454
153 152 154 107 454
355 142 355
153 422 153
736 62 109
355 356 355
355 211 153
355 169 366 577
559 160 454
153 82 87 490 410
577 282 577 578 577
559 142 559
153 256 490 410
577 578 577 578 577
577 282 577 578 577
577 578
153 366 169 375 577
153 211 153
736 736
153 859 546 355
153 984 333 736
577 282 577
454 62 454
736 107 410
355 142 355
559 160 454
355 356 355
153 152 154 107 454
577 757 577
355 62 736
769 559 142 355
410 160 410
355 46 355
769 559 142 355
153 301 153
355 115 355
153 211 153
577 578 577 757 577
559 769 559 769
153 212 153
153 49 612 153
355 166 559
577 363 508 546 355
559 769 62 183 355
153 301 153
355 513 490 249 153
577 757 577
355 300 62 427 153
355 142 355
578 577
153 252 153
355 424 355
559 258 559
153 932 255 249 577
410 160 410
355 282 153
153 82 454
559 559
769 62 183 355
559 160 173 153
559 518 577
355 142 355
153 256 153
355 83 214 107 355
578 577 578
769 62 82 355
355 169 366 577
153 173 153
355 160 410
577 282 577
153 121 153
577 518 577
153 152 212 355
153 211 153
736 736
355 282 153
355 255 355
153 393 155 153
153 82 454
153 49 153
355 142 355
769 559
355 114 169 355
577 757 577
577 282 153
559 559 769
736 736 160 153
355 896 405 355
355 170 355
577 578 577 578 577
559 769 559
153 984 153
153 932 255 249 577
153 49 153
153 166 577
577 333 355
153 115 84 454
153 82 410
153 984 153
559 258 183 355
153 115 84 454
410 160 410
153 301 115 153
153 50 153
153 142 153
736 736 160 153
355 128 62 153
355 183 410
769 559 769 559 559
769 107 531 254 153
577 142 559
153 252 153
559 518 577 283 577
577 578 577 578 577
559 769 559
559 518 577
355 115 355
736 160 153
559 559
355 83 214 107 355
153 211 153
153 301 153
355 256 46 155 153
559 559 769
153 152 212 355
153 254 355
153 249 531 405 355
153 82 454
559 559
769 107 531 254 153
559 559 559
355 932 249 153
153 142 153
736 107 355
736 736 736 736 736
769 62 82 355
355 518 355
355 300 62 427 153
577 333 355
577 363 508 546 355
355 166 559
736 160 153
454 82 153
559 559 258 183 355
153 142 153
577 283 559
577 282 577 578
153 211 153
559 518 559
153 254 355
355 282 577
355 211 153
355 166 559
454 107 493 153
109 62 736
355 333 736
578 577
355 518 559
153 252 254 153
559 142 559
577 757 577 578
153 932 255 249 577
355 518 355
109 62 736
577 333 984 153
355 333 736
355 255 355
355 329 355
736 107 410
577 757 577 578
355 329 355
355 169 165 51 109
355 128 62 153
355 424 355
153 82 87 490 410
355 160 410
355 83 214 107 355
578 577 578 577
769 559 769 559
577 578 577 757 577
577 578 577 578
153 49 433 152 153
355 282 577
736 107 355
355 249 210 355
736 736 736 736 736
153 142 153
355 169 165 51 109
559 769 559 559
153 301 115 153
153 154 153
153 152 212 355
355 513 490 249 153
577 142 153
577 282 577 578 577
736 736 736 736
355 356 355
109 62 736
454 62 454
153 152 154 107 454
355 170 355
355 211 153
577 757 577 578 577
454 82 153
153 301 115 153
355 114 169 355
153 249 531 405 355
355 170 355
153 984 153
410 258 454
153 859 546 355
355 329 410
559 160 454
355 518 559
577 518 577
559 769 559 559
577 142 153
578 577
153 393 155 153
559 769 559 769
355 355
153 427 153
559 518 577 283 577
355 115 355
355 169 366 577
769 559 559
736 107 355
769 559
355 62 736
578 577
153 366 169 375 577
454 107 493 153
153 173 86 736
559 142 559
769 559 160 454
153 82 454
736 736 736 736 736
355 365 802 258 410
410 160 410
577 578 577
559 142 559
153 212 355
559 160 454
355 46 355
559 518 577
153 49 433 152 153
355 115 355
578 577 578 577
769 559 769 559
355 170 355
153 282 142 355
559 258 183 355
153 393 155 153
355 152 258 559
355 329 410
153 422 153
355 329 355
153 859 546 355
355 472 355
153 282 142 355
577 282 577 578 577
153 49 153
577 282 577 578
769 62 183 355
559 769 559 559
153 252 283 355
577 282 153
736 107 355
769 559 559
736 736 736 736
153 173 153
410 258 454
769 559 518 559
577 578 577 578 577
355 856 153
355 211 654 153
559 769 62 183 355
736 736 736 736
153 173 153
153 142 577
153 856 153
355 365 802 258 410
153 252 254 153
577 518 577
355 256 153
577 283 577
577 578 577
355 256 46 155 153
577 757 577
153 256 490 410
153 173 153
577 283 559
355 255 355
577 518 577
577 757 577 578
454 62 454
153 932 255 249 577
454 62 454
153 82 410
577 757 577
355 160 410
559 258 559 769
736 160 153
109 108 93 820 153
577 282 577 578
153 82 454
578 577
153 49 612 153
153 173 86 736
355 356 355
736 86 70 152 153
559 769 559
355 282 153
736 160 153
153 252 283 355
577 757 577 578
355 329 355
769 559 769 559
153 252 254 153
355 211 153
559 258 183 355
577 282 577 578
577 757 577
355 518 355
577 333 984 153
153 859 546 355
559 559 559
577 363 508 546 355
577 282 153
559 142 355
769 62 183 355
769 559 142 355
559 559 559
153 49 153
153 252 153
769 62 82 355
769 559 769 559 559
577 333 355
769 559 769 559 559
153 152 154 107 454
559 559 769
577 578
577 142 153
153 211 153
153 859 546 355
153 984 333 736
153 49 612 153
153 393 155 153
153 984 153
559 769 62 183 355
736 62 109
153 166 355
355 329 410
577 333 984 153
153 82 87 490 410
578 577 578
355 518 559
577 363 508 546 355
109 108 109
109 108 93 820 153
577 142 559
577 333 984 153
559 142 559
153 211 153
355 166 559
153 424 183 355
355 638 355
153 49 433 152 153
153 282 142 355
153 142 577
153 859 546 355
355 128 62 153
769 62 183 355
736 107 355
769 62 183 355
559 142 355
355 46 355
577 333 984 153
577 283 577
355 638 329 424 153
578 577
355 166 559
355 115 355
769 559 142 355
153 211 153
153 152 212 355
355 365 802 258 410
577 282 577 578
153 50 153
769 559 518 559
577 578 577
153 856 153 984 153
153 121 153
153 256 153
769 559 769
153 252 254 153
153 333 736
355 256 46 155 153
355 424 355
577 578 577 757 577
577 757 577 578 577
355 856 153
355 211 654 153
153 173 86 736
559 518 577 283 577
355 115 355
559 160 173 153
355 356 355
577 518 577
153 513 153
153 254 355
736 107 355
736 62 109
736 736 736 736
355 518 355
769 62 82 355
577 282 577
577 578 577 578 577
736 86 70 152 153
736 736 736 736 736
355 183 410
355 638 355
577 282 153
736 86 70 152 153
559 258 183 355
410 160 410
153 49 433 152 153
559 258 183 355
355 282 153
153 932 255 249 577
559 769 559 559
355 932 249 153
736 86 70 152 153
736 160 153
355 142 355
355 513 490 249 153
355 128 62 153
736 86 153
769 559 160 454
153 211 153
153 211 153
736 736 736
736 86 70 152 153
153 984 153
577 142 153
153 121 153
577 282 474 258 410
736 86 153
109 51 109
559 258 559
153 82 87 490 410
769 62 82 355
578 577 578
355 249 210 355
355 300 62 427 153
577 283 559
355 365 802 258 410
559 559 559
578 577 578
355 170 355
559 769 559 769
355 142 355
577 282 153
410 160 410
577 333 355
736 736 160 153
355 638 329 424 153
153 615 153
355 137 252 286 410
559 559
153 252 283 355
559 559
153 212 355
559 559 769
153 166 355
109 108 93 820 153
736 736
153 249 531 405 355
577 283 559
577 363 508 546 355
355 169 366 577
577 578 577 578 577
355 142 355
577 757 577
355 856 153
736 86 153
578 577 578 577
559 160 173 153
355 46 355
153 984 333 736
355 518 355
559 518 559
355 115 355
355 249 210 355
109 108 93 820 153
577 282 577 578 577
736 107 410
559 559 769
559 559 769 559
736 86 153
769 62 82 355
153 984 153
355 211 654 153
355 300 62 427 153
355 282 153
736 86 153
153 121 153
355 329 355
355 513 490 249 153
355 83 214 107 355
769 559 769
153 82 454
355 142 355
153 212 153
577 142 153
559 160 454
153 166 355
355 170 355
577 757 577 578
355 282 577
736 736 736
355 128 62 153
109 62 736
355 329 355
153 82 410
153 282 142 355
577 518 577
153 82 410
577 283 577
355 152 258 559
736 160 153
355 210 254 355
153 984 153
153 366 169 375 577
577 757 577 578 577
736 62 109
736 86 70 152 153
153 984 153
578 577 757 577
153 154 153
577 578 577 578 577
355 211 153
559 518 577
559 142 355
355 128 62 153
559 160 454
355 356 355
355 856 153
355 169 365 329 410
153 173 86 736
769 559
578 577 578
355 62 736
736 736 736 736
355 472 355
355 211 654 153
355 518 559
577 283 559
559 769 559 559
736 86 70 152 153
355 638 329 424 153
153 211 153
355 169 365 329 410
559 559
769 559 518 559
577 757 577 578
153 166 577
355 115 355
355 856 153
153 82 410
769 559 559
355 170 355
559 559 769 559
355 46 355
577 282 474 258 410
153 212 355
153 301 153
559 769 559
559 142 355
153 121 153
153 49 612 153
153 50 153
355 856 153
355 282 577
577 282 577 578
559 769 559 769
454 82 153
153 301 115 153
355 365 802 258 410
153 142 355
577 282 153
769 559
577 282 153
153 513 153
355 183 410
355 137 252 286 410
769 559 142 355
769 559 769
769 107 531 254 153
355 896 405 355
559 559 769
153 105 333 984 153
736 736
355 166 559
577 578 577 578 577
153 256 490 410
578 577 757 577
109 51 109
559 559 258 183 355
355 513 490 249 153
559 518 577 283 577
355 128 62 153
577 282 577 578 577
153 82 454
153 142 355
736 736 160 153
355 142 355
153 301 115 153
153 301 153
153 173 153
578 577 578 577
355 333 736
153 932 255 249 577
355 249 210 355
769 559 518 559
153 424 183 355
153 82 87 490 410
153 422 153
559 142 559
769 559 769 559 559
559 769 62 183 355
153 82 454
153 166 577
577 757 577 578
355 62 736
577 282 577 578 577
355 638 355
355 170 355
355 329 410
559 518 577 283 577
153 82 454
578 577 578 577
577 363 508 546 355
736 107 410
355 282 153
153 173 86 736
577 282 577
153 212 355
355 355
577 333 984 153
153 152 154 107 454
153 152 212 355
559 769 62 183 355
769 107 531 254 153
736 86 70 152 153
769 559 769 559 559
577 283 577
355 356 355
153 49 153
153 173 153
153 142 355
355 255 355
577 283 577
153 154 153
153 252 283 355
355 638 355
577 757 757 757 577
559 559
454 62 454
355 115 355
153 424 183 355
109 108 109
355 329 410
153 50 153
559 559 559
769 62 183 355
355 282 153
355 282 577
736 736
355 256 153
577 282 153
355 472 355
577 283 559
559 769 559
355 83 214 107 355
559 559 769
577 282 577 578
559 258 559
355 62 736
769 62 82 355
577 142 559
355 365 802 258 410
153 252 153
736 736 736 736 736
559 769 559 769
355 83 214 107 355
577 757 577 578 577
559 769 559 769
355 256 46 155 153
355 856 153
355 356 355
355 424 355
578 577 578 577
153 173 86 736
454 82 153
577 578 577
578 577
355 329 355
577 578 577 757 577
454 82 153
153 166 577
153 256 490 410
153 152 212 355
355 256 153
769 559 769 559 559
577 757 757 757 577
355 282 577
153 105 333 984 153
559 518 559
736 86 153
355 183 410
355 638 355
577 333 355
578 577 578
769 559 142 355
153 422 153
355 355
355 333 736
577 333 355
153 142 355
769 62 82 355
769 559 142 355
355 137 252 286 410
355 183 410
559 258 559 769
153 152 212 355
355 170 355
559 518 577 283 577
153 115 84 454
577 757 577 578
153 427 153
109 62 736
153 856 153
736 107 355
153 142 153
153 115 84 454
736 736 160 153
355 896 405 355
454 107 493 153
559 258 559
355 518 559
559 518 577
736 107 355
736 86 153
153 256 490 410
355 137 252 286 410
769 62 183 355
355 256 46 155 153
578 577 578 577
355 152 258 559
577 282 577 578
355 518 559
769 62 82 355
410 258 454
769 559 769 559
769 559 769 559
577 363 508 546 355
153 82 454
577 518 577
153 50 153
355 365 802 258 410
153 859 546 355
577 282 153
577 578
559 559 559
559 559 559
355 333 736
559 769 559 559
153 615 153
153 142 577
153 333 736
355 83 214 107 355
410 258 454
153 393 155 153
153 256 490 410
559 559 769
153 393 155 153
153 105 333 984 153
559 559 769
153 82 87 490 410
355 856 153
355 114 169 355
355 128 62 153
355 638 355
355 114 169 355
153 152 154 107 454
559 769 62 183 355
355 115 355
769 559 769 559 559
577 578 577 757 577
355 170 355
355 169 365 329 410
559 518 577
559 769 559 559
577 283 559
153 82 410
577 578
577 282 577
559 142 355
577 578 577 578
559 559
736 86 153
153 427 153
355 211 153
577 578 577
153 424 183 355
559 160 173 153
577 518 577
153 166 577
355 424 355
109 51 109
559 258 559 769
355 255 355
454 62 454
559 769 559
355 152 258 559
736 160 153
153 615 153
769 559 769 559
769 559 769 559 559
153 424 183 355
769 62 82 355
577 578 577 757 577
355 142 355
578 577 578 577
577 142 559
153 154 153
355 169 366 577
355 249 210 355
153 212 153
153 252 153
736 160 153
153 82 87 490 410
153 422 153
736 736 736 736 736
577 578 577 757 577
355 424 355
153 252 153
355 169 365 329 410
454 62 454
577 757 757 757 577
153 249 531 405 355
736 86 153
736 736 736 736 736
153 856 153 984 153
559 769
736 736
769 559
153 984 153
355 355
559 518 577
153 333 736
109 108 109
559 769 559
577 578
559 559 559
410 258 454
769 559 769
355 142 355
736 160 153
355 518 355
577 578 577 578
578 577 578 577
153 82 410
578 577 578 577
577 282 577 578
153 256 490 410
355 83 214 107 355
736 107 355
559 160 454
153 50 153
355 166 559
153 82 410
355 160 410
355 518 355
153 82 454
577 282 577
355 856 153
559 258 559
355 356 355
153 173 86 736
355 424 355
153 173 153
355 169 365 329 410
577 333 355
153 859 546 355
355 518 559
578 577
769 62 82 355
153 212 153
153 82 454
153 49 612 153
153 50 153
559 160 173 153
355 282 153
355 355
577 757 577
355 183 410
153 366 169 375 577
153 115 84 454
355 329 410
355 46 355
577 333 984 153
355 142 355
559 769
577 757 577
355 424 355
769 559
578 577 578 577
577 283 577
769 559 769
355 137 252 286 410
355 152 258 559
355 932 249 153
153 82 410
153 105 333 984 153
577 757 577 578
153 252 254 153
769 559 559
153 49 153
577 578 577 578 577
355 638 355
559 258 183 355
736 86 153
153 333 736
153 427 153
109 108 93 820 153
153 212 355
153 166 355
736 86 70 152 153
559 142 559
769 559 160 454
577 142 559
355 856 153
153 249 531 405 355
559 518 577 283 577
153 212 355
736 86 153
577 282 577 578
736 62 109
153 513 153
559 559 258 183 355
355 160 410
736 107 355
109 108 109
153 249 531 405 355
355 282 577
153 212 355
153 152 212 355
153 932 255 249 577
355 856 153
355 256 46 155 153
153 50 153
559 160 173 153
577 578 577 757 577
355 169 366 577
153 249 531 405 355
355 137 252 286 410
355 46 355
355 356 355
355 282 577
559 559 258 183 355
153 252 283 355
559 518 559
153 82 410
355 856 153
153 211 153
736 86 153
559 769
577 757 577 578 577
559 769 559
355 62 736
454 62 454
578 577
559 258 559
153 256 153
454 82 153
355 333 736
153 301 115 153
153 166 355
577 282 577 578
577 363 508 546 355
153 173 86 736
577 282 153
355 46 355
153 49 153
153 282 142 355
355 932 249 153
355 472 355
577 757 577 578 577
153 49 153
153 82 87 490 410
109 108 93 820 153
355 256 46 155 153
355 62 736
153 424 183 355
153 82 87 490 410
355 329 410
769 559
578 577 578
577 333 984 153
355 424 355
355 211 654 153
769 559 160 454
355 249 210 355
578 577 757 577
153 173 153
559 518 577 283 577
559 518 577 283 577
355 424 355
355 518 355
577 578 577 578
559 769 559
577 578 577 578 577
577 578 577 578
153 152 154 107 454
153 49 433 152 153
355 932 249 153
153 105 333 984 153
577 757 757 757 577
153 422 153
769 559 769 559
355 128 62 153
355 62 736
577 333 984 153
109 108 109
355 166 559
355 856 153
577 283 577
577 578
355 513 490 249 153
736 736 736 736 736
577 282 474 258 410
410 160 410
355 329 410
577 142 559
153 856 153
355 255 355
355 169 165 51 109
355 282 577
454 107 493 153
577 578 577 578 577
769 559 769 559 559
153 427 153
355 142 355
355 518 355
559 258 183 355
736 736 736
355 183 410
454 82 153
559 769
153 166 577
736 736 736
577 282 153
153 984 333 736
355 932 249 153
577 282 474 258 410
153 252 254 153
355 513 490 249 153
355 249 210 355
559 769 62 183 355
577 142 559
153 859 546 355
736 736 736
559 142 559
577 578 577 578 577
577 757 757 757 577
559 258 183 355
454 62 454
410 258 454
153 252 283 355
736 736
153 173 86 736
153 427 153
769 559 160 454
454 62 454
769 107 531 254 153
355 210 254 355
153 984 153
153 105 333 984 153
355 329 355
559 142 559
153 154 153
153 984 333 736
153 856 153
355 169 165 51 109
736 736 736
153 82 87 490 410
355 170 355
153 252 153
769 559 769 559
577 578 577 578
769 559 142 355
153 856 153 984 153
153 256 490 410
153 166 355
736 736 160 153
355 896 405 355
153 152 212 355
577 283 577
153 49 433 152 153
153 513 153
355 46 355
153 856 153 984 153
559 559 769 559
109 51 109
109 108 93 820 153
736 107 355
153 211 153
577 283 577
109 108 93 820 153
153 82 454
355 282 153
410 160 410
153 859 546 355
153 49 153
153 49 433 152 153
559 142 559
153 82 87 490 410
355 518 355
355 46 355
736 736 736 736
355 62 736
153 105 333 984 153
355 518 355
355 46 355
355 210 254 355
454 82 153
559 258 183 355
769 559 769 559 559
153 984 333 736
355 518 355
153 173 86 736
153 152 154 107 454
355 424 355
559 769 559 559
355 424 355
559 518 559
355 856 153
153 82 87 490 410
559 559
109 108 109
355 333 736
355 365 802 258 410
355 137 252 286 410
355 169 366 577
454 62 454
769 559 142 355
355 424 355
355 282 153
454 82 153
355 255 355
153 152 154 107 454
109 108 93 820 153
355 83 214 107 355
355 896 405 355
559 258 183 355
153 256 153
