411 864 411 411
411 517 411
411 498 73 498 411
131 949 59 132
271 243 411
784 411 867 411
784 784 411 411
411 949 411
411 498 411
411 3 271
132 411 131
131 208 132
737 737 271 737 737
271 281 271 304 411
807 54 807
271 88 271
132 5 455 271
411 55 411
131 411 784
131 126 208 132
737 737 737
411 2 131
784 784 784 784 784
131 55 271
411 784 784 784
131 211 271
131 411 784
411 604 411 864
271 737 737
411 981 411
271 4 285 55 411
807 54 807
271 304 271
411 209 131
132 481 305 131
131 683 683 411
132 552 131
864 411 988 411
411 460 411
131 683 131 646 411
411 163 282 132
411 243 412 411
131 552 57 411
131 160 132
411 271 737 271
411 859 132
411 949 252 131
784 784 411 784
271 589 142 132
271 3 481 411
271 717 411 132
132 859 131 411
411 481 271
271 448 812 57 411
271 211 210 132
271 131
131 411 784 784
411 987 411
131 646 411 784
271 58 234 963 131
132 809 285 271
271 243 132
271 192 807
131 285 211 271
271 481 411
411 88 411
131 698 271
131 646 131 932 131
807 54 132
271 271 589 271
131 481 131
411 738 586 738 132
131 859 132
737 737 271 698 131
411 192 832 102 411
131 126 55 3 271
807 54 738 271
411 859 132
411 318 375 243 271
131 411 949 252 131
132 271 717 131
131 285 949 271
132 16 170 411
271 809 304 411
132 518 577 333 411
131 126 55 3 271
271 513 271
131 932 131 209 411
411 411 283 132
411 132
271 243 411
131 683 285 132
411 604 411 864
271 737 737 737 271
271 737 737 271
132 54 271
411 192 271 552 132
271 481 286 411
131 208 411
271 408 271 131
271 271 411
411 57 411
271 13 273 271
131 271 88 271
411 408 96 123 411
271 271 131
132 411 2 132
784 784 411 784 784
132 552 411
131 604 411 122 411
271 408 89 411
271 58 132
271 192 271
411 900 5 411
271 717 788 717 271
132 211 271
411 683 411 784 784
132 481 305 131
271 3 481 411
784 784 784
132 16 170 411
271 698 411
271 271 589 271
271 5 528 528 271
131 646 646 131
411 469 411
411 338 16 434 132
411 784 411
132 46 132
737 737 737 737 737
271 131 212 411
132 242 132
784 411 867 411
271 737 737 737 271
271 55 949 132
864 411 131
271 809 411
411 498 411
411 333 355 283 271
131 305 698 271
411 400 411
411 717 788 717 131
131 738 411
132 411 131
132 949 552 132
132 949 132 132
132 283 271
411 516 2 271
131 738 252 305 132
131 646 646 646 411
271 408 56 271
132 859 131
131 411 784 411
411 411 24 96 131
132 242 132
131 552 738 132
131 208 132 131
132 518 424 256 271
132 271
132 366 131
132 481 305 131
411 2 158 132
132 142 132
271 411
131 132 271 717 131
131 82 327 728 411
411 864 411
131 126 55 3 271
271 132
411 3 271
131 532 175 174 411
271 737 737
131 132 271 717 131
864 411 949 411
411 867 411
131 809 132
271 470 271
737 737 271 737
271 55 738 131
132 809 285 271
411 784 784 411 864
271 717 788 717 271
132 807 132
131 132 271 717 131
737 271 698 131
784 411 864
131 481 131
411 192 132
271 589 142 132
271 717 131 604 131
737 271 737 737
807 54 304 411
271 132
131 271 737 737 271
807 132
131 646 411
411 252 211 57 131
807 211 738 131
131 132 807 132
131 132 807
132 518 424 256 271
411 859 601 86 132
411 338 16 434 132
131 411 784 784
131 646 411 784 784
411 864 411
271 252 832 131
131 208 2 271
131 809 55 57 131
131 282 132
131 252 132
131 455 271
131 211 174 408 411
411 986 470 271
411 784 784 784 784
132 552 271
271 481 56 271
271 481 599 132
411 252 949 132
131 252 132
132 738 809 304 411
271 192 271
411 209 13 83 131
737 737 737 271
271 58 408 271
411 864
131 683 411
411 646 411
411 537 397 537 411
411 986 470 271
411 517 2 286 411
864 411
411 460 411 864 411
271 5 89 132
132 738 411
271 132
131 212 462 121 131
784 784 411
131 132 807 132
271 3 1001 193 411
411 6 126 131
411 131 131
411 89 411
784 784 411 784 784
132 132 258 152 271
271 4 285 55 411
411 949 411
411 271 63 132
737 737 737 271
132 217 132
411 986 411
271 4 481 131
131 646 646 646 411
131 411 411
132 518 424 256 271
132 518 271
271 273 271
132 63 271
411 949 252 131
132 738 809 132
807 54 807
131 2 63 131
411 411 411 283 132
131 4 411
271 283 162 612 131
132 131 411
131 604 305 516 411
132 249 642 212 411
132 949 481 58 132
411 552 411
411 323 411 864
131 131 646 411
411 305 271
131 209 271
411 192 832 102 411
132 82 132
131 949 59 132
132 82 132
271 717 411 132
411 986 411
131 285 271
131 859 271
131 552 738 132
132 738 809 132
271 132 411
411 864 411 131
131 252 411
131 305 271
737 737 271 131
131 211 174 408 411
271 412 683 131
132 192 411
132 552 411
411 283 411
132 243 411 285 132
411 305 271
271 131 305 132
411 286 126 271 271
411 859 601 86 132
411 604 411
411 163 411
807 211 646 411
411 252 131
411 271 737 271
784 784 784 784
411 3 271
411 209 13 83 131
131 717 271 192 132
271 54 54 807
271 408 56 271
131 859 131
411 58 408 4 131
411 286 126 271 271
132 54 271
271 192 132
271 88 271
411 717 271 271 411
132 63 193 58 411
131 717 131
271 737 737 737
131 271 737 737 271
411 286 411
131 738 131
132 271 552 132
271 809 132
132 738 809 132 131
132 243 434 132
411 597 411
411 192 271
132 949 511 949 132
131 55 126 131
271 281 271 304 411
132 552 271
271 58 408 271
271 411
271 717 788 717 271
411 412 625 252 271
411 252 949 132
131 57 738 411
131 683 305 132
131 271 411
411 412 625 252 271
271 481 599 132
411 215 211 604 411
807 132
132 405 411
411 308 411
131 963 142 132
271 132
784 784 411
132 599 481 132
271 132 532 132
411 412 271
411 57 532 285 131
131 82 327 728 411
131 411 516 411
131 932 131 209 411
411 123 987 123 411
132 949 481 131
737 737 737 271 411
132 160 54 131
411 816 411
411 305 271 131
807 192 411 2 131
784 411
807 54 411
131 211 215 411
411 194 132 807
132 6 59 738 131
131 211 215 411
411 646 131
411 949 411
271 58 234 963 131
411 252 131
131 932 131 209 411
131 271
131 717 271
411 132 82 132
411 949 271
411 194 132
132 366 132
271 809 411
271 10 89 552 132
271 589 271
807 132 5 455 271
411 323 411 864 411
271 809 132
411 859 366 271
132 859 132
737 737 271 737 737
411 949 271
131 832 131
132 258 152 271
271 5 528 528 271
411 537 397 537 411
411 683 131
411 949 132
271 809 132
131 532 532 132
411 283 132 271
131 282 132
784 411 411
411 646 646 411 411
132 249 642 212 411
411 986 411
132 283 132 217 132
271 305 132
131 57 738 411
411 816 411
411 121 411
271 252 832 131
132 738 809 132 131
271 192 411
411 271 737 271
411 192 411
271 55 949 132
131 126 411 784
131 932 131 209 411
271 13 304 88 271
784 411 411
411 212 131
411 271
271 737 271
131 717 271
131 738 411 646 131
271 273 271
411 481 271
132 807
411 126 271
411 738 132
411 411 411 283 132
132 5 411 784 784
411 460 411 864 411
132 283 132
131 949 271
271 271 131
131 717 271 192 132
737 271 737 737 737
411 665 411
784 784 411 784
271 20 271
132 132 258 152 271
271 282 271
131 58 411 784
271 273 271
271 528 271
271 56 698 949 132
411 193 2 411
132 949 481 58 132
132 809 55 411
131 683 211 131
131 552 57 411
864 411 411
411 784 784 411 784
271 54 54 807
737 271 271
271 54 54 807 132
271 737
271 737 737 271
784 784 784 784 784
132 599 96 867 411
411 286 305 132 271
807 54 132
131 271 737
411 57 411
411 683 411 784
271 132 243 411
132 132 132
132 82 132 271
784 784 411 784 784
411 498 411
131 132 411 597 411
271 192 132
271 132 243 411
411 698 481 599 132
131 646 646 131
784 784 784 784 411
411 194 132 807
411 867 411
807 192 411
271 698 131
131 949 271
132 131 646 411
271 54 54 807
132 552 411
131 455 816 411 784
411 481 271
411 89 411 131
411 132 82 132
411 469 411
271 304 411
411 323 271
271 54 54 807
131 411 784
784 411 784
132 6 411
411 552 132
737 737 271 131
271 281 683 411
411 698 271
864 411 438 411
411 988 411 784
411 132
132 132
411 683 411 816 411
132 599 96 867 411
737 271 737
271 57 271
411 987 411
132 132
411 552 411
131 809 826 58 131
411 261 116 470 271
784 784 411 784
271 552 271
132 807 5 411
411 455 411
132 405 411
131 55 271
132 152 132
131 4 126 271
737 737 271 737
131 832 102 411
784 784 411 784
271 88 271
411 738 132
271 717 788 717 271
132 131 132 271
271 470 271 132
131 859 131
411 717 131
132 411 2 132
131 131 131
411 717 131
271 252 832 131
271 737 737 271
271 283 162 612 131
271 243 411
132 258 152 271
737 271 271
411 283 132
737 737 737 271 411
411 192 411
784 411 864
411 318 375 243 271
411 784 784 411 784
411 3 271
131 4 826 195 411
411 859 131
411 286 305 132
132 192 192 807
131 271
271 4 131
411 283 132
411 987 900 411
132 54 208 552 131
131 132 807 132
411 131
411 864
131 646 411 784
411 462 411
411 323 411 864
411 517 2 286 411
411 949 271
132 192 132
411 252 271
411 988 411 57 411
132 131 132
411 121 411
132 142 132
411 784 411 864
411 192 271
411 333 355 283 271
132 738 809 132 131
411 131 455 816 411
132 599 481 96 131
411 57 924 211 131
411 88 411
411 411 411
411 166 285 304 271
131 131 132
131 2 63 131
131 411
131 271
411 784 411
132 211 6 665 411
131 455 131
411 131 132
411 122 411
411 333 355 283 271
271 737 737 737 271
131 949 552 698 411
131 411
411 859 132
132 131 132 271
132 809 132 807
411 2 131
411 166 285 304 271
271 63 132
131 211 174 408 411
132 46 132
411 604 458 6 132
132 271 64 323 411
271 448 812 57 411
784 784 784 784 784
737 271 271
132 285 411
271 717 411 132
132 131 698 271
271 408 89 411
411 2 131
132 243 271
411 183 129 283 132
131 411 784 784 784
131 683 131 646 411
131 832 131
132 949 132 132
131 55 271
411 88 411
411 867 411 131
132 807 5 411
411 717 271
131 271 737 737
411 506 498 411
132 809 55 411
411 816 411
131 211 174 408 411
131 612 4 54 271
807 132 132
411 132 82 132
411 900 411
411 283 411
411 373 411
411 988 411 57 411
411 784 411 864
271 481 96 411
271 717 411 132
411 498 73 498 411
131 209 271
132 411 2 132
807 5 191 122 411
784 784 411 784
271 271 4 481 131
737 737 737 271 131
132 271 552 132
132 6 56 89 271
411 717 271
411 481 132
411 552 131
411 987 900 411
132 949 481 58 132
411 96 131 604 411
271 126 131
411 867 411
131 132 271 717 131
131 305 132
131 82 131
132 192 271
131 131 646 411
411 333 355 283 271
807 211 738 131
411 683 305 604 411
271 58 57 194 411
411 400 271
411 460 411 864 411
411 498 411
132 6 59 738 131
411 900 5 411
411 88 411
271 271
131 949 132
411 411 24 96 131
131 949 411
132 258 132 59 132
271 737 737
411 194 132
271 132 738 411
271 481 271
411 89 411
132 6 54 807
132 243 434 132
271 126 209 518 132
411 537 397 537 411
411 411 949 132
737 737 737 737 737
131 698 271
411 646 646 411
411 809 271
411 271 737
411 784 784 784
411 131
411 717 271 271
131 809 132
132 285 271
411 96 318 411
411 243 412 411
411 211 132
131 271 411
807 54 807
132 949 552 132
132 599 242 132
411 271 737
131 63 305 683 411
411 209 13 83 131
271 408 89 411
271 305 132
131 532 132
271 737
131 58 411
411 949 132
131 717 271 192 132
132 949 132 132
131 738 411 646 131
411 784 784 411
271 126 209 518 132
131 717 271
411 411 283 132
411 809 304 599 132
271 126 131
131 532 532 132
131 132 271
271 737 271
411 24 96 131
131 455 131
737 271 281 683 411
411 194 132 807
411 784 784 411 864
411 286 305 132 271
411 604 57 683 411
132 599 481 132
271 717 788 717 271
271 192 271
132 283 271
411 604 411 864
131 604 305 516 411
132 63 271
271 717 411
411 271 411
132 54 271
411 126 271
271 131 212 411
131 271 88 271
411 166 137 271
132 211 6 665 411
784 784 411 864
271 89 411
411 411 283 271
271 717 411 132
784 411 864
131 160 132
131 132 807
864 411 949 411
411 987 914 470 271
411 784 784 411 864
131 132 807 132
132 132 132
411 305 411
737 737 737 737
271 589 142 132
131 646 131 932 131
132 16 170 411
271 455 411
737 737 737
411 986 411
132 54 211 411
271 412 683 131
411 411 283 132 271
131 411 784
807 192 132
271 305 271 54 807
131 373 131
411 949 132
864 411 866 411
411 809 132
271 737 737
737 271 698 131
132 599 132
131 949 411
132 411 2 132
411 462 411
132 738 132
131 285 949 271
411 411
131 949 552 698 411
132 809 132 807
132 258 132
271 88 271
271 54 54 807 132
132 807 132
271 412 665 107 132
131 963 142 132
411 166 209 271
271 88 271
411 988 411 784 784
131 411 784 784 784
271 281 683 411
411 864
411 5 192 807
411 192 271 552 132
411 988 411 305 131
271 58 132
271 455 411
271 132 411
411 784 784 784 784
271 737 737 271 737
132 194 132
132 809 132
271 89 5 271
411 698 481 599 132
271 323 101 131
131 646 211 131
131 738 411
411 6 234 963 131
411 305 131
271 412 411
411 683 305 604 131
132 271 552 132
411 305 131
131 55 126 131
784 411
784 784 411 784
271 717 411 132
271 408 271 131
411 211 132
784 784 411
131 809 132
411 192 411 717 411
131 57 271
131 411 784 784
132 481 305 131
784 784 784 411
271 252 832 131
131 411 864
271 455 411
131 208 2 271
411 683 411 816 411
132 46 132
271 5 89 132
271 408 271
131 738 411
131 646 211 131
271 323 101 131 131
131 809 826 58 131
411 96 318 411
737 271 131
271 132
132 54 271
864 411 131
411 698 271
411 194 411
271 481 56 271
411 809 304 599 132
271 5 89 132
132 283 271
131 411 864 411
271 408 271 131
807 54 132
737 737 737 737 737
271 455 411
411 506 498 411
271 3 1001 193 411
271 717 788 717 271
271 45 272 271
271 281 271
807 192 132
807 192 132
131 481 131
411 209 411
131 305 698 271
271 481 96 411
271 63 132
131 4 126 271
411 24 96 131
411 163 411
271 304 271
271 142 131
131 949 411
411 784 784 411 784
411 283 411
411 283 411
131 126 55 3 271
131 552 57 411
131 809 131
784 411 411
807 192 132
784 784 784 784
411 195 63 4 411
271 271 411
271 481 411
131 126 411
131 82 86 55 411
411 400 271
131 373 131
411 411 411 283 132
271 698 131
271 481 286 411
411 281 2 271
411 195 63 4 411
411 96 131 604 411
132 949 481 131
132 208 132
132 217 132
132 405 411
411 517 411
132 305 132
411 195 4 411
784 411 864 411
411 271 411
271 481 96 411
411 252 271
411 866 411
271 717 131
132 411
411 3 481 411
411 411 24 96 131
411 864
411 900 411
131 932 131 209 411
864 411
271 285 533 498 411
131 683 211 131
131 132 807 132
411 604 458 6 132
807 132 949 132
737 271 698 131
271 56 271
271 56 89 411
411 2 132
411 597 411
132 807 132 949 132
737 271 737 737 737
131 132 271 717 131
271 552 132
411 211 132
271 271 4 481 131
131 252 132
411 859 366 271
132 366 131
131 55 305 271
131 683 305 132
132 809 132 807 132
411 323 411
271 949 411
131 211 174 408 411
131 809 132
411 864
271 412 665 107 132
411 537 397 537 411
132 271 717 131
411 333 355 283 271
131 646 211 131
132 217 132
132 63 271
411 283 271
411 212 131
271 528 271
737 737
411 604 411
271 589 271
132 738 809 132
132 481 83 131
131 717 271 192 132
271 470 271
271 88 271
132 949 552 132
131 55 271
411 323 411 864
411 126 131
132 211 6 665 411
271 412 411
411 809 304 599 132
737 271 737
271 132 243 411
271 209 411
411 2 131
132 152 132
411 132 82 132
271 717 271
131 126 271
132 258 152 271
737 271 737
411 166 137 271
271 282 371 208 132
411 784 784 411
784 784 784 784 784
132 518 252 132
411 163 411
411 195 411
271 737 737 271 737
131 4 126 271
411 194 132
271 209 411
132 283 132 217 132
411 411
737 737 737 737
411 2 131
411 305 131
807 303 369 88 411
411 271 737
132 242 132
271 481 96 411
411 411 283 132 271
132 807 132
411 252 211 57 131
411 717 271 271 411
807 132 132
271 132 271
132 243 411 285 132
131 698 738 132
131 281 411
411 988 411 57 411
271 192 132
132 283 271
132 949 132
271 304 411
132 949 552 132
271 411 411
784 784
271 412 665 107 132
131 698 738 132
271 126 271
411 683 411
411 809 411
131 809 137 126 271
131 82 327 728 411
411 243 412 411
271 58 132
807 5 411
411 57 532 285 131
271 5 89 132
131 271 88 271
132 192 411
411 867 411
271 698 131
411 308 411
411 460 411 864 411
131 411 784
411 88 57 5 411
132 46 132
132 132
411 683 411 784 784
131 131 132
271 717 271
411 646 131
131 481 131
131 832 102 411
131 963 142 132
411 517 408 411
271 132
271 271
131 411
271 737 737 737
132 210 132
271 54 807
132 192 132
411 516 411
411 192 132
131 949 411
131 64 329 208 131
737 737 737 737 271
131 809 131
131 160 132
271 481 599 132
411 949 252 131
132 481 809 131
131 683 131
131 683 131 646 411
271 282 271
271 304 599 132
271 552 132
271 305 271 54 807
132 211 271
411 252 131
411 411 283 132
132 132 258 152 271
131 411 516 411
411 864
132 552 131
132 489 132
131 809 131
411 5 192 807
271 470 271 132
131 131
131 646 646 411
411 96 318 411
411 481 271
411 784 784 784 411
131 949 271
784 784 411
131 131 132
131 126 411 784 784
132 243 434 132
411 271
784 784 411 864 411
737 271 698 131
271 192 807
411 96 131 604 411
411 195 411
131 683 411
131 949 132
271 132 532 132
807 192 411
411 864
784 784
784 784 784 784 784
132 132 411
131 58 411 784
411 126 131
271 126 209 518 132
271 192 411
411 784 784 784 784
271 209 411
131 646 411
271 411
271 271 589 271
271 283 162 612 131
271 243 411
132 131 411
132 194 132
784 411 784
132 859 131
131 249 54 126 271
132 142 132
411 323 411 864 411
271 55 305 738 131
411 96 318 411
131 132
271 3 1001 193 411
411 192 271
784 784 784 411 271
131 131 131
131 63 305 683 411
411 373 411
271 305 64 57 411
411 683 305 604 411
271 4 809 411
784 411 784
411 717 271 271 411
411 784 784 411
271 271 481 271
131 646 411
131 208 132 131
411 864
271 285 533 498 411
784 784 784 784
271 4 809 411
271 132 532 132
411 252 211 57 131
271 58 57 194 411
131 281 131
411 88 411
411 163 282 132
784 411 864
131 683 305 132
411 717 131
864 411 131
271 809 411
271 285 271
132 532 131
271 64 323 411
131 411 784 784
784 411
411 166 209 271
411 55 411
411 131 455 816 411
737 271 411
784 784 411 784
864 411 988 411
132 211 6 665 411
271 46 271
271 481 56 271
132 258 258 132
411 243 412 411
132 489 132
271 737
411 698 271
411 166 209 271
132 809 285 271
271 717 411
131 281 131
411 305 271 131
737 737 271
131 126 411 784 784
411 516 411
131 552 131
271 481 252 132
132 258 152 271
411 411 24 96 131
132 532 132
131 132
411 411 283 271
411 717 131
271 412 665 107 132
271 45 272 271
411 286 305 132
807 132
271 86 271
411 96 131
131 646 646 411
807 5 191 122 411
411 809 132
132 54 411
784 784 784 784 411
132 63 271
131 126 411 784 784
271 481 252 132
132 208 132
131 132
411 123 987 123 411
411 986 411
131 411 784 784 784
132 59 195 517 411
131 698 411
131 604 411 646 131
411 271
132 131 698 271
131 126 55 3 271
131 738 252 305 132
737 271
411 717 131
411 192 411 717 411
411 126 131
271 412 411
864 411 866 411
131 646 646 646 411
271 271 589 271
132 738 809 132 131
271 4 285 55 411
271 481 271 470 271
132 411 2 132
411 604 411
411 6 211 646 411
411 122 411
271 283 162 612 131
784 784 411 271
271 285 533 498 411
411 308 411
411 163 282 132
131 126 208 132
271 408 89 411
271 323 101 131
411 683 305 604 411
411 411
411 195 411
271 412 683 131
131 455 131
411 305 271
131 604 411 646 131
411 683 411 816 411
132 599 96 867 411
131 683 131
411 126 131
132 243 434 132
411 286 305 132 271
131 411
411 192 132
784 784 784 411 271
411 89 411 131
411 646 131
131 717 271 192 132
271 126 271
131 281 131
411 809 304 599 132
271 698 411
271 304 599 132
131 411 784 411
131 64 329 208 131
411 6 234 963 131
411 809 271
411 89 411 131
131 126 411 784
411 88 57 5 411
411 516 2 271
271 809 411
411 516 411
411 738 411
132 160 54 131
411 430 411
271 481 286 411
131 646 646 646 411
411 481 131
411 126 131
131 126 411 784 784
131 646 646 131
271 470 271
411 987 900 411
132 599 132
132 5 411 784 784
864 411 131
131 57 243 305 411
131 82 86 55 411
132 552 271
131 604 411 646 131
131 411
131 411
132 16 170 411
411 481 271
271 57 271
131 252 481 698 411
132 859 131 411
271 412 411
131 208 132
131 481 131
271 86 271
131 285 211 271
271 13 304 88 271
132 158 132
271 737 737 271
411 949 271
131 209 411
132 807
131 411 516 411
411 4 271
132 194 132
411 784 411 864
131 126 208 132
132 243 411
271 273 271
131 646 411
411 646 646 411
271 737
132 194 411
271 412 411
271 192 807
271 949 131 271
411 323 411
271 552 132
737 737 737 737
131 532 175 174 411
411 411 283 132
271 192 271
132 411 2 132
784 784
132 211 271
411 373 411
807 303 57 411
132 481 271
411 194 132 807
132 142 132
131 271
132 271 64 323 411
131 604 411 122 411
411 193 411
411 988 411 784 784
271 54 131
131 683 285 132 411
411 3 481 411
737 737 737
131 126 411 784 784
271 305 64 57 411
271 304 599 132
271 192 271
271 408 56 271
411 131 131
131 132 807 132
737 271 131
411 517 408 411
132 809 132 807 132
271 412 271
411 738 132
132 158 132
271 210 303 56 271
132 54 211 411
131 683 285 132
411 949 271
784 784 411 411
411 163 282 132
411 717 271
132 949 132
411 132 82 132
131 57 738 411
132 518 132
411 96 318 411
132 481 305 131
131 738 411
411 3 481 411
411 949 271
411 498 411
132 949 511 949 132
411 88 411
131 949 59 132
132 6 411
411 683 305 604 411
411 517 411
271 552 411
131 208 132 131
131 646 131 932 131
132 5 411 784
411 516 411
271 63 132
411 859 601 86 132
131 809 137 126 271
271 132
271 305 132 518 271
132 5 411 784 784
411 131 131
131 552 131
131 131 646 411
271 408 271
784 411 864 411
784 411 864 411
132 5 411 784
784 411 784
271 698 411
411 411 411 283 132
132 210 132
411 864 411 411
131 132 807 132
411 683 411 784
131 683 285 132 411
131 738 411 646 131
271 56 271 271
271 412 411
271 949 131
132 6 56 89 271
411 683 131
271 58 57 194 411
807 211 738 131
132 258 132
271 589 142 132
131 4 126 271
411 373 411
131 305 271
411 183 129 283 132
131 54 738 131
271 411 411
132 532 286 411
411 323 411 864 411
271 192 807 132
131 683 131
411 121 411
807 132 949 132
132 949 481 58 132
131 373 131
132 131 698 271
131 160 132
132 949 132
271 88 271
271 54 54 807
271 54 807
271 271
411 438 411
131 132 807
131 552 57 411
132 859 131
131 131 131
411 506 498 411
411 698 481 131
131 832 102 411
131 63 305 683 411
131 932 131 209 411
737 271 737 737 737
271 271
132 6 59 738 131
737 271
271 411 411
411 192 132
132 210 132
131 646 411 784
271 56 271
411 195 411
271 949 131
271 64 323 411
271 58 132
411 271
271 738 131
737 271 809 304 411
132 131 132 271
132 6 59 738 131
132 411 411
411 683 411 784
411 323 411
131 249 54 126 271
271 455 131
271 54 271
864 411 131
411 131 131
271 448 812 57 411
411 864 411 131 132
271 949 56 408 411
411 183 271
271 455 411
411 193 2 411
411 646 646 411
131 809 826 58 131
131 646 411 784 784
271 717 788 717 271
411 517 411
132 249 642 212 411
737 737 271 131
411 305 411
271 13 304 88 271
131 717 271 192 132
411 215 211 604 411
411 867 96 261 411
132 6 56 89 271
411 864 411 131 132
132 949 481 131
132 305 132
411 195 63 4 411
411 809 411
411 88 57 5 411
131 96 58 131
411 411 283 132 271
131 55 305 271
132 949 411
411 646 646 411 411
411 411 283 132 271
271 281 683 411
411 784 411 864 411
271 411
131 717 271
271 271 54 411
132 5 411 784 784
271 285 271
411 683 305 604 411
132 82 132 271
131 683 683 411
864 411 411
411 4 271
411 411 283 271
411 552 411
271 717 271
411 305 411
271 481 252 132
271 737 737 737
411 738 271
132 243 411 285 132
131 552 738 132
411 987 900 411
131 646 211 131
411 411 283 132 271
864 411
271 281 271 304 411
271 5 528 528 271
131 698 411
131 55 305 271
132 5 411 784 784
131 131
131 683 285 132 411
271 281 698 58 132
271 56 698 949 132
131 809 826 58 131
411 282 166 132
411 537 397 537 411
411 243 412 411
737 737 271 737 737
132 258 152 271
411 986 470 271
737 737 271
131 131 646 411
411 126 131
411 96 131
271 717 788 717 271
131 949 132
271 271 481 271
737 737 271 737 737
737 737 271 737
411 859 601 86 132
737 271 737
131 949 271
411 304 411
784 784 784 784
131 132
132 738 809 132
411 271 63 132
411 784 411
131 282 132
131 809 132
411 498 411
271 13 304 88 271
271 252 832 131
132 283 132
131 305 698 271
132 54 411
411 864 411 411
411 212 131
132 46 121 963 131
411 252 211 57 131
411 717 271
271 271
411 498 411
131 126 271
271 56 698 949 132
864 411 131 132
411 809 304 599 132
411 738 411
271 305 132
411 131 131
131 54 949 271
807 54 132
411 323 411
411 192 132
132 532 131
411 552 411
411 717 271
271 518 271
807 5 191 122 411
737 737 271 737 737
131 552 131
131 271 88 271
411 784 784 411
784 784 411 784
411 252 211 57 131
411 261 116 470 271
271 58 132
411 192 271
132 518 271
271 470 271 132
411 864 411 411
411 867 411
271 132 738 411
411 271 411
131 552 132
411 986 470 271
411 400 411
411 373 411
131 646 411 784 784
411 784 784 411 784
271 589 271
411 784
411 271 63 132
132 738 411
737 737 737 271 131
132 283 132
271 58 132
411 2 412 271
131 126 208 132
131 532 175 174 411
807 132 132
411 58 408 4 131
131 455 271
132 405 411
131 132 411
411 859 132
411 271 63 132
271 273 271
132 489 132
411 373 411
271 304 599 132
271 282 271
271 271 131
784 411 784 784 784
131 57 271
131 4 126 271
807 54 304 411
131 646 211 131
411 988 411 784 784
132 271 717 131
411 89 411
411 285 126 411
411 252 211 57 131
131 58 411
271 411
131 809 55 57 131
271 56 89 411
807 132 5 455 271
131 211 215 411
411 866 411
807 303 57 411
271 809 304 411
132 54 208 552 131
411 738 132
411 981 411
131 82 131
132 217 132
132 82 132
271 949 411
131 208 411
132 243 271
271 89 5 271
132 807 132 949 132
132 54 411
784 784 411
271 949 131
411 460 411 864 411
411 55 271
132 283 271
411 373 411
411 866 411
271 54 271
271 89 271
271 305 271
784 784 411 271
411 252 211 57 131
271 56 271
411 683 411 816 411
411 283 271
271 126 271
131 4 411
737 271 737 737 737
411 683 411 784 784
411 286 305 132 271
271 131
132 807
131 87 131
411 88 57 5 411
411 192 271 552 132
271 737 271
271 323 192 58 411
132 859 131
271 408 271
271 513 271 717 411
271 481 56 271
271 408 56 271
132 532 131
411 949 271
807 132
131 604 305 516 411
411 949 305 131
131 532 532 132
411 194 132 807
411 131 131
271 304 599 132
411 411
131 126 208 132
271 737 737 271
411 717 788 717 131
411 6 234 963 131
411 243 412 411
411 57 924 211 131
132 859 131
411 192 832 102 411
131 58 411 784
411 784 784
737 737 737 737
132 131 132 271
131 809 137 126 271
271 126 209 518 132
864 411 411
271 408 271
411 305 411
131 932 131 209 411
132 949 481 58 132
132 192 271
132 949 481 131
131 932 131
271 281 683 411
411 305 411
411 738 271
131 455 816 411
131 646 646 646 411
737 271 281 683 411
131 552 57 411
132 366 132
132 59 132
132 194 132
271 243 132
271 717 271
411 271
411 318 375 243 271
271 481 271
411 131 131
131 285 211 271
411 859 366 271
784 411 411
784 411 864
131 809 826 58 131
864 411
131 209 411
271 737
131 58 411 784
411 286 305 132
411 784 784 784
411 517 411
132 211 271
784 784 784
131 859 132
271 282 271
411 987 900 411
411 900 5 411
132 132 411
271 131 305 132
131 411
411 286 305 132 271
132 599 481 96 131
411 717 788 717 131
784 411
411 900 411
411 867 96 261 411
411 333 355 283 271
411 867 411 131
411 3 271
864 411 243 412 411
132 192 271
411 192 411 717 411
411 864 411
411 859 366 271
411 498 73 498 411
271 949 411
411 517 411
271 126 271
411 193 2 411
411 54 271
131 4 826 195 411
271 63 132
411 318 375 243 271
271 271 131
411 809 132
131 252 132
132 54 211 411
271 56 89 411
411 333 355 283 271
411 981 411
271 304 271
271 408 271 131
131 131 131
271 131 212 411
411 438 411
271 56 89 411
132 6 54 807
131 683 211 131
271 408 271
411 286 411
132 599 242 132
132 518 577 333 411
737 737 271 698 131
131 82 327 728 411
131 411 516 411
807 132
411 282 166 132
131 646 211 131
132 63 193 58 411
784 411
737 271 131
131 646 211 131
131 96 58 131
784 784 411 784
131 411 411
411 122 411
131 717 131
411 193 411
411 4 271
131 373 131
271 192 807
411 411 24 96 131
271 737 271
271 717 411
411 462 411
411 728 411
132 738 132
132 131 132 271
131 604 411 646 131
131 411 864 411
271 366 271
271 448 812 57 411
411 308 411
271 412 665 107 132
411 194 132
784 784 411 271
411 283 132 271
411 411 283 132 271
131 126 411 784
411 604 458 6 132
131 271 737
132 192 807
132 552 411
132 63 193 58 411
132 481 271
411 683 411 784
132 5 455 271
411 809 271
411 400 411
411 308 411
131 131 646 411
411 57 924 211 131
411 604 411 864 411
411 717 411
411 738 586 738 132
271 4 131
411 516 411
131 683 683 411
131 285 211 271
271 4 131
411 131
131 87 131
132 489 132
131 132 807 132
411 481 132
864 411 131
411 864 411
411 438 411
271 481 271
271 126 209 518 132
411 286 738 131
132 949 481 58 132
411 981 411
271 57 271
132 411 597 411
411 211 809 131
271 126 271
271 20 271
271 481 411
411 460 411 864
411 717 271 271
131 738 252 305 132
271 949 56 408 411
132 6 59 738 131
132 489 132
864 411 131 132
411 2 158 132
131 126 411 784
132 5 411 784 784
131 271
411 460 411
132 411 2 132
411 864
784 784 784 784 411
131 832 63 131
131 411 864 411
784 784 784 784
411 6 211 646 411
411 166 137 271
131 57 271
271 455 411
784 411 864 411
411 271 63 132
132 809 132 807 132
131 271 737
132 411 2 132
131 809 826 58 131
132 949 132 132
737 271 737 737 737
807 132 132
411 400 271
271 89 271
132 599 481 96 131
271 271 4 481 131
411 252 271
411 54 271
131 82 131
807 54 738 271
411 698 481 131
131 271 411
131 82 131
411 864 411 131 132
131 552 738 132
411 323 271
271 5 528 528 271
271 305 271 54 807
411 89 411 131
807 192 132
271 366 271
131 683 131 646 411
271 589 271
131 698 131
131 683 411
271 738 131
411 194 132 807
131 132 807
131 131
784 411 864
271 717 411 132
132 518 271
411 864 411 411
271 698 57 131
271 411
271 285 271
132 532 131
411 784 784
411 96 131 604 411
131 604 131
411 400 271
131 271 411
131 64 329 208 131
131 63 305 683 411
271 243 132
132 152 132
411 192 271 552 132
131 305 698 271
131 552 132
131 285 271
131 63 305 683 411
411 949 411
411 209 411
411 323 411 864 411
411 192 832 102 411
807 192 411 2 131
271 281 698 58 132
131 54 949 271
864 411 988 411
271 5 89 132
131 126 208 132
411 537 397 537 411
807 54 411
132 243 434 132
132 738 411
271 131
411 867 411
132 599 96 867 411
411 988 411 784 784
271 285 533 498 411
271 126 271
411 411 283 271
411 211 809 131
271 552 132
132 305 132
411 308 411
132 192 271
131 373 131
