671 480 80
80 106 420 474 80
679 551 671
671 106 550 187 679
80 357 80
679 663 80
679 68 80
80 243 80
679 80 679
966 189 80
671 509 508 679
679 460 679
80 375 679 679
679 69 80
679 508 679 80
80 271 80
671 549 551 679
679 508 679
80 243 375 80
80 546 367 80
80 80 866 80 671
80 243 80
80 431 80
80 188 424 188 671
80 243 80
80 80 866 80
671 80 549 80
679 551 671
671 106 550 187 679
80 249 46 142 80
80 679
80 375 679 679
679 69 671
671 589 271 80
671 357 68 671
679 508 679 80
80 187 679
80 282 58 880 80
679 679 80
679 375 679
671 549 551 679
671 551 671
671 932 671
679 375 671
671 253 80
671 81 80
679 663 189 671
671 509 508 679
80 187 80 80
80 68 549 671
80 81 287 80
80 384 157 16 80
679 81 80
671 551 679
679 375 679
80 866 80
80 249 46 142 80
80 68 671
679 551 671
966 189 671
80 480 80
671 551 671
80 384 157 16 80
80 303 80
671 549 551 679
716 716 716 716 716
80 187 80 80
671 253 80
679 80 679
679 460 80
80 183 35 107 80
671 189 671
679 375 475 375 671
80 68 549 671
671 589 671
80 114 80
716 716
716 716 716 716 716
671 188 671
679 679 679 80
671 589 671 480 80
671 747 80
671 471 671
671 80 68 549 671
671 329 66 160 80
671 471 671
671 589 671 480 80
671 80
80 114 80
679 663 679
80 679 375 80
679 69 80
671 253 80
671 549 551 679
679 663 679
80 114 80
80 549 80
80 379 379 80
671 81 80
671 551 679
671 188 671
80 480 671
80 549 679 80
679 551 671
671 329 66 160 80
671 253 80
671 188 671
679 375 671 188 671
679 663 189 671
80 379 379 80
80 671 80
80 81 287 80
679 69 80
671 253 80
671 480 550 187 80
679 189 253 80
671 480 671
716 716
716 716 716 716 716
80 671 81 679
679 375 671
80 106 551 679
679 375 671 188 671
966 189 671
671 549 551 679
671 253 80
679 508 679
671 81 80
679 679 80
671 81 679
80 142 80
80 747 671
671 582 671
80 460 80
80 950 80
671 480 80
80 92 105 80
679 81 80
80 384 157 16 80
80 549 679 80
671 551 69 68 80
80 299 80
671 747 80
679 551 671
679 375 671
80 188 679
671 329 66 160 80
80 92 105 80
679 189 253 80
80 679 375 80
671 480 92 68 671
80 357 80
671 357 80
80 80 866 80 671
80 188 424 188 671
716 716 716 716 716
80 243 375 80
671 106 550 187 679
80 357 671
679 68 80
80 480 671
80 671 81 679
80 866 80
80 356 80
80 356 80
671 480 92 68 671
671 69 671
80 679 375 80
80 303 80
679 679
80 480 671
80 679 375 80
80 80 866 80 671
80 286 80
679 189 966
679 508 679 80
80 431 80
80 81 287 80
671 81 679
80 747 671
80 549 679 80
679 663 551 663 679
80 375 671
80 187 679 189 671
966 189 222 80
671 188 671
679 663 551 663 679
80 431 80
679 375 671
716 5 375 679
671 357 671
716 5 375 679
679 189 671
80 286 80
671 81 80
80 379 379 80
80 80 866 80
80 188 424 188 671
679 679 679
80 183 35 107 80
80 243 375 80
80 460 80
679 375 475 375 671
80 80
671 81 679
80 431 80
679 679 679 80
80 375 671
80 375 679 679
671 480 671
80 68 671
80 287 80
80 679
679 679 679 80
80 92 105 80
80 128 80
80 480 671
671 356 671
80 460 80
80 303 80
716 716
80 92 105 80
80 287 80
966 189 582 189 671
80 679 80
671 357 80
679 679 80
679 189 966
671 549 551 679
679 69 679
671 106 550 187 679
671 509 508 679 679
716 716
80 271 80 375 679
671 80 549 80
671 509 508 679
80 866 80
671 509 508 679
716 716 716 716 716
671 480 92 68 671
671 480 92 68 671
80 866 80
80 549 679
80 249 46 142 80
716 716 716 716 716
679 80 679
80 96 80
679 679 679
671 549 551 679
80 480 80
966 189 222 80
671 551 679
80 92 105 80
80 20 80
679 375 679
80 243 80
671 509 508 679 679
716 716
671 551 671
679 375 671 188 671
80 282 58 880 80
671 106 550 187 679
679 679
679 663 551 663 679
80 679 375 80
966 189 582 189 671
80 114 80
80 375 679
679 375 679
671 589 671
80 480 80
80 92 105 80
671 81 679
80 21 966
80 188 679
716 716 716 716
80 549 679 80
716 716 716 716
671 747 80
80 375 679 679
80 287 80
671 81 679
80 282 58 880 80
80 356 366 174 80
80 187 679
80 188 80
671 357 80
679 375 679
80 243 375 80
679 189 253 80
671 509 508 679 679
80 188 80
80 286 80
671 589 671 480 80
80 287 69 663 679
671 582 418 549 671
679 81 80
966 189 671
80 356 80
671 357 671
671 582 418 549 671
80 549 679 80
716 716 716
679 679 679 80
80 80 866 80
679 68 80
679 663 551 663 679
679 69 679
671 471 671
671 253 80
671 81 80
671 106 550 187 679
716 716 716 716
671 375 80
671 80
671 480 671
671 747 80
671 471 671
80 80 866 80
80 384 80
80 230 80
80 671
716 716
679 663 551 663 679
80 183 35 107 80
679 679 80
80 188 80
80 187 679 189 671
80 187 679
80 80
80 142 80
679 679 80
671 357 80
679 375 679
679 80 142 508 80
679 375 475 375 671
80 356 828 169 80
80 679 80
80 549 679 80
671 471 671
671 932 671
671 188 129 80
80 379 379 80
671 551 679 679
80 114 80
679 460 80
679 460 80
679 375 671 188 671
716 5 375 679
679 375 475 375 671
80 431 80
679 68 80
671 189 679
80 747 671
80 375 679 679
679 375 671 188 671
679 375 475 375 671
671 189 679
671 80 68 549 671
80 431 80
671 551 69 68 80
80 679 375 80
80 679 80
80 356 366 174 80
80 431 80
671 582 671
679 81 80
80 671 81 679
671 582 671
679 189 671
679 80 142 508 80
80 243 80
671 189 679 679
671 549 551 679
80 549 679 80
679 69 671
80 950 80
80 384 157 16 80
679 375 80
679 189 671
80 379 379 80
80 187 679
80 128 80
716 716 716 716 716
80 187 679
679 679 80
671 80 549 80
80 671 80
80 20 80
671 357 671
80 142 508 80
80 230 80
671 747 80
671 480 80
671 357 80
80 375 679
671 589 671
80 356 366 174 80
671 356 671
80 114 80
679 663 189 671
966 189 671
80 81 287 80
671 747 80
80 21 966
80 549 679 80 679
679 69 671
671 551 679 679
80 546 367 80
80 546 367 80
679 80 679
80 20 80
679 68 68 80
80 375 671
966 189 222 80
671 188 129 80
679 663 189 671
80 189 671
80 20 80
80 80
80 188 80
80 187 80
80 188 679 80
80 187 80
80 303 80
671 188 129 80
671 69 671
671 480 671
80 106 551 679
966 189 222 80
679 508 679 80
80 480 671
679 80 679
671 582 418 549 671
671 589 607 490 80
80 460 80
80 128 80
679 80 142 508 80
80 375 679 679
80 299 80
80 183 35 107 80
671 80 549 80
80 188 80
679 188 710 188 679
679 508 679 80
80 68 549 671
671 188 129 80
80 747 671
679 68 68 80
671 589 671 480 80
80 287 69 663 679
80 187 679 189 671
966 189 671
671 480 671
671 551 671
80 80 866 80
80 549 679
671 188 129 80
671 589 271 80
80 549 679
80 950 80
80 679 80
679 375 671
671 357 671
679 80
671 69 671
679 375 671 188 671
80 142 508 80
80 142 80
80 747 671
671 589 271 80
80 356 80
966 189 671
80 384 80
671 551 671
80 549 679 80 679
80 188 80
671 106 550 187 679
671 589 671
671 357 671
80 271 80 375 679
80 68 671
671 189 679
671 480 671
716 716 716 716
679 68 68 80
80 80 866 80
671 357 671
80 92 105 80
671 480 550 187 80
80 142 80
80 356 366 174 80
80 271 80
671 551 69 68 80
966 189 671
679 81 80
671 80
80 114 80
80 460 80
80 460 80
966 189 222 80
80 480 80
679 375 671
80 375 671
671 329 66 160 80
671 471 671
80 671 80
671 932 671
80 356 80
80 187 679 189 671
716 716 716
671 329 66 160 80
679 189 253 80
679 69 679
679 375 671
679 81 80
80 286 80
80 549 679 80
80 68 549 671
80 80
80 286 80
679 80 142 508 80
716 716 716 716
671 551 679 679
671 480 92 68 671
671 375 80
80 384 80
671 80 68 549 671
80 866 80 671
966 189 671
679 551 671
671 357 671
80 68 549 671
80 679 80
80 671 81 679
716 716 716
671 480 550 187 80
679 663 679
80 92 105 80
671 357 80
671 69 671
80 243 80
679 80 142 508 80
671 480 550 187 80
80 356 828 169 80
80 128 80
679 663 80
671 80 68 549 671
80 549 679
80 187 80
80 480 671
80 142 80
80 287 80
80 106 551 679
80 96 80
679 460 679
80 106 551 679
80 384 80
80 271 80 375 679
716 716
671 357 671
80 188 679 80
80 480 671
80 357 671
671 480 80
679 663 80
80 375 679 679
80 546 367 80
80 356 183 169 80
716 716 716 716
671 357 671
80 287 69 663 679
80 866 80 671
80 183 35 107 80
80 243 80
679 663 189 671
671 357 68 671
80 68 671
671 80
671 551 671
80 81 287 80
671 551 679 679
80 549 679 80 679
679 663 551 663 679
80 68 671
80 187 80 80
671 551 679
80 188 679
80 480 80
80 549 679
671 551 671
671 582 671
671 375 80
679 375 671 188 671
80 549 679 80
671 357 80
80 68 671
80 286 80
671 747 80
679 679 679
671 589 671
80 480 80
716 716
671 589 671 480 80
679 69 671
671 471 671
80 375 679
679 375 671
671 80 68 549 671
80 271 80 375 679
671 81 679
679 663 80
80 92 105 80
80 243 80
80 106 551 679
671 582 671
679 508 679 80
679 69 80
679 460 679
671 357 80
671 357 80
679 80 679
671 375 80
80 80 866 80 671
80 81 287 80
671 480 92 68 671
966 189 671
679 375 671 188 671
80 356 828 169 80
716 716 716
679 551 671
671 480 92 68 671
80 271 80
679 663 189 671
716 716 716 716
679 80 142 508 80
679 375 80
80 243 375 80
80 431 80
80 375 671
671 329 66 160 80
671 253 80
671 189 679
679 679 679
80 243 375 80
671 480 671
671 589 271 80
80 303 80
80 188 679
80 671
80 460 80
966 189 582 189 671
80 81 287 80
671 357 671
671 551 671
80 384 157 16 80
80 357 80
716 716
80 243 80
80 375 679 679
80 303 80
679 69 80
80 282 58 880 80
80 271 80 375 679
679 460 80
80 356 80
80 950 80
671 549 551 679
80 20 80
671 356 671
80 950 80
679 663 551 663 679
671 189 679 679
80 96 80
679 679 80
80 114 80
671 69 671
80 384 80
671 551 679
679 188 710 188 679
679 189 253 80
679 679 80
80 188 80
80 96 80
671 589 271 80
679 375 475 375 671
671 357 671
80 671 80
80 747 671
671 357 671
80 866 80 671
80 189 671
80 866 80 671
80 20 80
80 96 80
80 384 80
716 716
716 716 716 716
80 282 58 880 80
671 189 679
80 230 80
80 379 379 80
966 189 222 80
671 549 551 679
671 509 508 679
679 68 80
671 81 80
671 189 679
679 663 189 671
671 551 679 679
80 303 80
671 357 68 671
80 189 671
80 950 80
679 663 189 671
679 80
80 375 679 679
671 509 508 679 679
671 932 671
80 549 679 80
80 549 679 80
671 357 671
671 551 69 68 80
80 20 80
671 589 271 80
671 582 418 549 671
80 375 679
80 282 58 880 80
80 106 420 474 80
80 671
671 188 129 80
679 188 710 188 679
671 549 551 679
671 357 80
80 357 671
80 80
671 189 679 679
671 253 80
679 69 679
80 183 35 107 80
671 932 671
679 375 475 375 671
716 5 375 679
80 356 828 169 80
671 189 671
80 106 420 474 80
679 189 253 80
679 80 142 508 80
671 589 271 80
80 480 80
671 80 68 549 671
671 80 68 549 671
671 551 679
671 551 679 679
679 69 671
671 80 549 80
80 671 80
716 5 375 679
80 243 375 80
671 582 418 549 671
80 356 80
679 375 80
679 80
80 866 80 671
671 551 671
671 551 671
80 92 105 80
80 230 80
80 480 80
679 551 671
80 671
679 189 966
80 189 671
966 189 80
679 679 679 80
80 356 80
671 81 80
671 189 679
671 551 679 679
80 188 424 188 671
80 480 80
80 357 671
679 679 679
80 188 80
671 189 679
80 546 367 80
679 460 679
671 480 671
671 188 671
80 230 80
80 375 679
80 671
80 68 671
671 551 69 68 80
80 80 866 80
679 460 80
80 187 679 189 671
80 128 80
671 189 671
671 69 671
80 679
80 460 80
679 68 80
80 303 80
679 68 80
671 188 671
671 357 671
679 375 80
671 188 129 80
80 286 80
80 549 80
679 551 671
679 663 551 663 679
80 189 671
671 69 671
80 303 80
679 188 710 188 679
671 81 80
679 679 679 80
679 189 966
80 230 80
671 188 671
80 356 183 169 80
80 183 35 107 80
80 142 508 80
80 230 80
716 716
679 679 679 80
671 589 671
679 663 551 663 679
80 356 366 174 80
966 189 222 80
679 375 671
679 460 679 80
80 81 287 80
80 114 80
671 549 551 679
80 142 80
671 549 551 679
671 81 80
671 551 679
679 460 80
80 188 424 188 671
80 286 80
679 679 679 80
679 189 671
80 299 80
671 582 418 549 671
80 128 80
671 80
679 69 679
679 551 671
671 932 671
679 375 679
966 189 582 189 671
80 188 424 188 671
80 287 69 663 679
80 187 679 189 671
671 80
80 230 80
80 375 671
80 546 367 80
671 188 129 80
671 189 679 679
716 716 716 716
679 551 671
671 357 80
671 480 671
671 549 551 679
80 80 866 80
80 188 80
679 375 475 375 671
671 549 551 679
671 480 671
671 189 679
671 480 92 68 671
679 460 80
80 356 366 174 80
671 589 271 80
80 480 80
80 375 671
80 21 966
80 128 80
80 356 183 169 80
80 356 828 169 80
80 480 80
671 189 679
679 68 80
80 357 80
671 747 80
671 189 679
671 509 508 679
80 271 80
671 80 68 549 671
80 183 35 107 80
80 282 58 880 80
80 480 80
80 549 679 80 679
679 508 679
679 189 671
671 80 549 80
671 253 80
80 114 80
679 69 80
80 106 551 679
671 551 671
671 357 80
80 187 679
716 716 716
671 480 550 187 80
671 375 80
671 69 671
80 142 80
80 81 287 80
679 551 671
80 356 828 169 80
671 480 92 68 671
671 589 671 480 80
80 243 375 80
80 747 671
716 716 716 716
716 716 716 716
80 950 80
80 183 35 107 80
80 68 549 671
80 287 69 663 679
671 80
671 582 418 549 671
679 375 679
671 357 671
679 80 142 508 80
80 356 366 174 80
679 663 80
679 460 679
716 716
80 20 80
679 375 80
966 189 80
679 679 679 80
671 589 607 490 80
80 20 80
679 679 679
80 375 679
679 375 671 188 671
80 187 679 189 671
679 80
80 384 80
80 188 80
716 716
679 663 189 671
80 287 69 663 679
679 551 671
671 357 68 671
80 243 375 80
966 189 582 189 671
679 679 679 80
671 480 92 68 671
671 589 671
80 106 420 474 80
80 460 80
80 187 679 189 671
80 96 80
80 866 80 671
80 249 46 142 80
671 357 80
671 509 508 679 679
80 142 80
679 460 679
671 509 508 679
80 187 679
679 80
679 663 679
80 679 375 80
80 183 35 107 80
679 68 80
716 716 716
671 80
80 384 157 16 80
671 81 80
80 299 80
80 187 679 189 671
679 189 671
80 303 80
679 508 679
80 480 671
80 356 183 169 80
679 460 679
671 551 671
679 460 80
716 716 716 716 716
679 663 80
80 375 679
679 189 253 80
671 551 679 679
679 189 671
80 480 671
671 69 671
671 81 80
80 80
80 299 80
80 188 679 80
671 747 80
671 357 671
80 549 679 80
80 549 679 80
679 375 80
671 551 69 68 80
679 375 475 375 671
80 287 80
679 508 679 80
679 679
80 114 80
80 384 157 16 80
679 679 80
679 69 671
671 509 508 679 679
679 68 68 80
671 253 80
80 384 157 16 80
671 589 607 490 80
671 106 550 187 679
671 357 68 671
679 460 80
80 375 679 679
80 92 105 80
80 282 58 880 80
80 187 80
80 679
716 716 716
80 142 80
679 189 966
671 509 508 679
671 356 671
679 69 679
679 679 679
80 92 105 80
671 589 607 490 80
80 431 80
966 189 80
671 80
80 480 671
671 106 550 187 679
80 384 80
80 187 679 189 671
80 188 679 80
679 460 679 80
679 679 80
80 271 80
679 189 671
80 671
679 188 710 188 679
679 80 679
671 551 671
679 375 671
80 80 866 80 671
679 508 679 80
671 480 671
671 357 671
80 106 551 679
679 679 679
679 508 679
80 114 80
679 460 679
80 21 966
80 187 679 189 671
671 551 679 679
80 282 58 880 80
80 187 80
679 189 966
80 282 58 880 80
671 329 66 160 80
679 679 80
671 582 418 549 671
679 69 80
80 282 58 880 80
716 716 716 716 716
671 80 549 80
80 950 80
679 663 80
80 188 679
80 230 80
80 549 679
679 460 679
671 106 550 187 679
80 80 866 80
80 188 679 80
80 671 81 679
671 551 69 68 80
679 189 253 80
80 187 80 80
679 679
80 546 367 80
679 80
80 81 287 80
80 384 80
80 303 80
671 80 68 549 671
80 671 81 679
671 551 679
679 460 679
671 357 68 671
671 480 671
80 68 549 671
671 551 679 679
80 384 80
80 356 80
80 287 80
671 189 679
80 249 46 142 80
679 679 679
671 589 671 480 80
671 357 80
80 189 671
80 128 80
80 230 80
80 243 375 80
80 866 80 671
679 81 80
671 189 679 679
671 509 508 679
80 303 80
80 546 367 80
80 106 420 474 80
679 69 671
671 589 271 80
80 671 80
671 106 550 187 679
716 716 716
671 549 551 679
671 551 69 68 80
80 287 69 663 679
80 549 679 80 679
671 589 671 480 80
80 106 551 679
679 679 80
679 189 966
80 950 80
80 549 679 80
679 508 679
679 80
671 80
80 114 80
679 69 80
80 187 679 189 671
679 69 671
80 187 679
80 379 379 80
671 582 418 549 671
80 480 671
80 671 80
80 80
80 286 80
679 460 679
80 375 679
671 80 549 80
671 589 607 490 80
80 671 80
966 189 582 189 671
80 375 679
80 357 671
80 96 80
679 375 475 375 671
671 509 508 679
80 549 679
966 189 671
671 80 68 549 671
80 356 183 169 80
80 679 80
80 188 679 80
679 679 679 80
679 375 679
80 303 80
80 549 679 80 679
80 379 379 80
80 142 508 80
671 80 68 549 671
671 480 92 68 671
80 679
80 384 80
671 551 679
80 187 80
679 551 671
679 375 475 375 671
671 189 671
80 243 375 80
671 509 508 679
80 460 80
679 679 80
80 679 80
671 188 129 80
671 932 671
671 509 508 679
671 253 80
80 299 80
80 747 671
671 188 129 80
80 142 80
80 96 80
716 716 716
671 551 679 679
679 69 671
671 357 68 671
671 549 551 679
80 287 80
716 716 716 716 716
679 508 679 80
80 183 35 107 80
80 188 424 188 671
679 80 679
80 549 679
671 189 671
716 716
679 80 142 508 80
679 69 671
671 356 671
80 356 828 169 80
966 189 582 189 671
966 189 582 189 671
671 480 550 187 80
80 866 80
966 189 671
80 106 551 679
671 106 550 187 679
80 384 157 16 80
679 663 80
679 69 80
80 68 549 671
671 509 508 679 679
80 188 80
679 375 80
671 471 671
679 375 475 375 671
679 188 710 188 679
679 375 671
80 671 80
80 679 80
80 384 157 16 80
80 384 80
671 582 418 549 671
671 80 68 549 671
671 189 679
80 287 69 663 679
80 188 679
80 96 80
671 356 671
671 582 671
80 431 80
679 679 679
671 81 80
80 142 80
80 356 828 169 80
671 188 129 80
716 716 716 716 716
80 287 69 663 679
80 379 379 80
80 114 80
679 81 80
80 189 671
671 551 679
80 384 80
671 509 508 679 679
80 189 671
671 582 671
671 551 679 679
80 866 80
80 480 671
679 80
80 679 375 80
716 716 716 716 716
671 106 550 187 679
679 460 80
679 663 189 671
80 20 80
716 716 716 716 716
966 189 582 189 671
80 188 679 80
80 356 828 169 80
80 303 80
966 189 222 80
671 551 671
679 68 68 80
679 460 80
80 287 80
679 189 671
80 384 80
80 188 80
679 375 475 375 671
80 747 671
80 187 80 80
679 663 80
80 546 367 80
80 287 80
966 189 671
80 187 80 80
80 106 551 679
671 551 679 679
679 189 671
679 80
80 286 80
80 866 80 671
80 287 80
679 508 679 80
679 69 80
80 282 58 880 80
80 21 966
671 549 551 679
80 480 80
80 357 671
80 249 46 142 80
80 379 379 80
679 375 80
671 357 80
80 679
679 508 679
679 508 679 80
80 287 80
679 375 679
80 950 80
679 189 671
671 551 69 68 80
80 80 866 80
80 375 679
679 189 671
80 375 679
679 679 679 80
671 582 671
80 747 671
80 188 80
80 549 80
80 379 379 80
679 80 142 508 80
80 287 80
679 460 679
671 69 671
671 189 671
671 188 671
671 253 80
679 189 253 80
671 357 80
679 663 189 671
80 142 80
671 188 129 80
80 671
679 68 80
80 114 80
80 188 424 188 671
80 80 866 80
679 80
679 460 80
671 356 671
679 69 80
671 471 671
671 551 679
679 188 710 188 679
679 679 679
80 671
671 549 551 679
80 287 80
679 69 671
80 243 80
671 69 671
671 253 80
80 188 80
671 356 671
80 142 80
80 187 679
80 866 80 671
716 716 716 716
966 189 80
80 549 679
671 582 418 549 671
80 866 80
80 80 866 80
716 5 375 679
679 375 671 188 671
679 81 80
80 271 80 375 679
80 384 157 16 80
679 69 80
80 549 80
80 356 183 169 80
80 21 966
671 480 92 68 671
671 582 671
80 866 80 671
679 189 966
80 379 379 80
679 189 253 80
80 106 551 679
80 287 69 663 679
716 716 716 716 716
80 431 80
679 375 475 375 671
679 69 679
671 589 607 490 80
80 299 80
80 549 679 80 679
80 282 58 880 80
671 69 671
679 508 679 80
966 189 222 80
671 551 69 68 80
80 480 671
966 189 80
671 480 550 187 80
679 189 966
80 375 671
671 549 551 679
679 375 475 375 671
80 106 551 679
671 357 68 671
80 549 679 80 679
679 68 80
80 356 183 169 80
80 114 80
966 189 671
679 679 80
679 69 679
966 189 222 80
679 189 671
716 5 375 679
671 329 66 160 80
80 549 679
80 187 80 80
80 20 80
671 747 80
80 249 46 142 80
80 950 80
671 189 671
671 480 671
80 114 80
80 671 80
679 69 671
671 480 550 187 80
80 549 679
80 549 80
80 356 183 169 80
80 549 679 80 679
80 950 80
679 679
679 460 679
679 80
679 375 671 188 671
671 480 550 187 80
80 287 80
80 142 508 80
80 80
80 106 420 474 80
679 460 679
80 480 671
679 460 679 80
671 551 69 68 80
80 243 375 80
80 271 80 375 679
80 357 80
80 286 80
80 671
80 271 80 375 679
679 80 679
80 384 80
679 189 671
80 747 671
679 68 68 80
80 106 420 474 80
80 142 508 80
80 287 80
80 92 105 80
80 549 679 80 679
679 375 671 188 671
80 68 549 671
80 950 80
966 189 80
679 68 80
671 106 550 187 679
679 508 679 80
679 375 475 375 671
80 379 379 80
671 932 671
679 81 80
80 287 69 663 679
80 546 367 80
80 671
679 508 679 80
80 357 80
80 230 80
671 589 671 480 80
80 679 80
671 582 418 549 671
671 69 671
671 509 508 679 679
80 950 80
80 187 80
80 549 679 80
671 589 671
679 663 679
80 187 80
671 582 671
671 471 671
80 357 671
80 356 183 169 80
671 551 69 68 80
716 716 716 716 716
716 716 716 716
80 80 866 80
80 375 679
716 716
80 142 508 80
679 68 80
80 356 828 169 80
671 329 66 160 80
671 551 679
80 189 671
80 303 80
671 357 68 671
671 549 551 679
671 509 508 679
671 551 679 679
80 243 375 80
80 230 80
671 551 671
679 188 710 188 679
679 663 551 663 679
80 357 671
80 106 420 474 80
671 551 679
679 508 679 80
716 716 716
80 282 58 880 80
80 189 671
80 375 679
80 286 80
80 80
679 508 679
80 188 80
671 589 271 80
80 188 80
80 546 367 80
671 69 671
80 114 80
80 480 80
716 716 716 716 716
671 81 679
679 69 671
671 582 671
679 80 679
80 68 549 671
80 96 80
671 589 607 490 80
80 189 671
80 271 80
80 187 80
679 68 80
671 81 679
671 106 550 187 679
671 253 80
679 189 671
679 508 679
679 69 671
671 189 671
80 80 866 80 671
679 375 475 375 671
671 357 671
80 128 80
80 286 80
80 375 679
80 68 549 671
80 249 46 142 80
716 716 716 716 716
80 303 80
80 271 80
80 106 551 679
679 460 679 80
679 80 679
80 460 80
80 92 105 80
80 249 46 142 80
80 187 80 80
80 230 80
966 189 222 80
80 671 80
80 189 671
671 582 671
679 69 679
679 551 671
671 551 679 679
671 509 508 679
80 142 508 80
671 357 68 671
80 20 80
80 549 679 80 679
716 716 716 716
80 480 80
80 282 58 880 80
80 549 80
80 549 679
671 356 671
671 932 671
679 69 80
679 69 671
679 189 966
679 375 671
679 375 679
80 96 80
80 384 157 16 80
80 546 367 80
80 287 80
80 671
679 679 80
80 188 679 80
80 356 80
671 551 679 679
679 81 80
80 356 828 169 80
671 747 80
80 187 80 80
80 546 367 80
671 589 607 490 80
80 950 80
671 471 671
80 303 80
80 96 80
80 230 80
671 357 80
679 551 671
679 189 966
716 716 716
679 663 80
679 80
80 375 679 679
80 866 80 671
679 508 679
679 679 679
80 128 80
80 384 157 16 80
671 551 679
671 188 671
80 356 828 169 80
671 509 508 679
671 932 671
671 189 671
679 375 475 375 671
671 106 550 187 679
679 551 671
679 189 253 80
80 68 549 671
679 679
679 460 679
671 188 129 80
80 546 367 80
80 671 81 679
671 932 671
80 549 679 80
966 189 671
671 329 66 160 80
671 551 671
80 114 80
80 549 679
80 546 367 80
671 69 671
80 183 35 107 80
679 189 671
80 375 671
80 480 80
671 189 671
679 679 679 80
679 69 679
966 189 80
80 142 508 80
80 287 80
80 357 671
80 80 866 80 671
679 460 679
671 80 549 80
80 356 366 174 80
80 188 679
80 303 80
679 375 671 188 671
679 460 679 80
80 189 671
671 480 550 187 80
80 549 80
671 356 671
671 551 671
80 460 80
671 747 80
679 460 80
80 375 679 679
716 716 716
80 189 671
966 189 80
679 80 679
679 375 671
80 21 966
671 375 80
671 253 80
679 69 671
80 188 679
679 69 679
966 189 222 80
80 549 679
80 189 671
80 80 866 80 671
80 549 679 80
679 460 80
679 679 679
679 460 679
671 357 80
671 69 671
671 189 679 679
679 375 679
80 379 379 80
671 589 671
679 375 671 188 671
679 80
80 188 80
966 189 582 189 671
671 589 607 490 80
80 460 80
671 551 671
80 188 679 80
671 106 550 187 679
671 80 549 80
80 187 679
671 329 66 160 80
80 357 80
80 375 679
80 375 679 679
80 549 679 80 679
80 747 671
671 509 508 679
679 375 475 375 671
80 20 80
80 866 80 671
80 249 46 142 80
80 271 80 375 679
671 80 549 80
80 356 183 169 80
80 431 80
80 356 828 169 80
80 460 80
679 189 966
679 679 80
966 189 582 189 671
679 81 80
671 549 551 679
671 188 129 80
80 187 80 80
716 5 375 679
80 357 671
80 80
671 480 92 68 671
679 189 671
80 384 80
679 80 142 508 80
80 375 679
671 551 69 68 80
80 286 80
80 249 46 142 80
671 81 80
671 480 550 187 80
80 546 367 80
679 663 679
679 189 671
671 589 671
80 866 80
679 189 253 80
80 671 80
80 357 80
679 68 68 80
80 81 287 80
80 96 80
671 582 418 549 671
671 375 80
679 679 80
679 189 671
671 480 80
679 679 679 80
679 69 671
80 80 866 80 671
80 286 80
80 747 671
80 357 80
80 188 679
671 589 671
671 357 671
80 21 966
80 356 828 169 80
80 21 966
679 68 68 80
671 589 271 80
679 679
671 932 671
679 80 679
671 509 508 679
80 356 828 169 80
80 375 679 679
80 187 679 189 671
671 375 80
80 679 375 80
679 551 671
80 747 671
80 356 828 169 80
679 80
80 142 508 80
80 189 671
80 187 80
80 549 679
80 106 420 474 80
679 80
679 69 679
80 183 35 107 80
80 106 420 474 80
80 128 80
80 187 80 80
80 188 424 188 671
679 189 671
80 80
80 189 671
80 286 80
80 480 80
671 480 80
716 716 716 716 716
80 249 46 142 80
80 549 679 80 679
80 81 287 80
80 356 828 169 80
80 80
671 582 671
679 460 679 80
679 69 679
671 480 671
679 189 253 80
80 679 375 80
716 716 716
671 188 671
679 69 80
671 189 671
80 20 80
80 679 375 80
671 480 92 68 671
80 249 46 142 80
679 68 80
671 549 551 679
679 69 80
679 68 80
671 357 68 671
80 68 549 671
80 106 420 474 80
679 663 189 671
80 549 679
80 480 671
80 128 80
80 671 81 679
80 80 866 80 671
679 679 679 80
80 271 80
671 69 671
80 96 80
80 384 80
80 188 679 80
716 716 716
80 431 80
80 286 80
671 589 671
679 69 80
80 188 679 80
80 671 81 679
679 189 966
679 375 679
80 80
80 230 80
80 480 671
80 92 105 80
80 357 671
80 679 80
679 188 710 188 679
679 508 679 80
671 80 68 549 671
80 549 679 80 679
671 106 550 187 679
679 663 189 671
80 188 679 80
80 384 157 16 80
80 379 379 80
80 866 80 671
80 299 80
679 679
80 375 679
80 81 287 80
679 679 679 80
80 287 69 663 679
966 189 671
679 189 253 80
80 549 679 80
80 188 424 188 671
80 114 80
671 188 129 80
671 357 671
679 375 679
679 80 679
671 188 129 80
80 230 80
679 69 80
80 549 80
716 716 716
80 188 80
679 189 671
671 509 508 679
671 589 607 490 80
679 189 966
80 679 375 80
80 375 679
679 189 966
671 80 549 80
716 5 375 679
80 21 966
679 460 679 80
671 551 679 679
671 480 550 187 80
80 549 80
80 187 80 80
966 189 671
679 663 189 671
679 69 80
671 106 550 187 679
80 375 679 679
671 357 80
679 663 80
679 68 80
80 549 679 80 679
671 357 80
679 69 80
80 379 379 80
679 663 679
679 460 679 80
80 20 80
679 663 80
679 508 679 80
679 68 68 80
671 81 80
679 69 671
679 81 80
80 21 966
80 249 46 142 80
671 589 671
679 375 679
80 747 671
80 183 35 107 80
80 21 966
80 679
679 188 710 188 679
80 356 828 169 80
679 80 679
80 356 828 169 80
80 480 671
80 68 671
671 356 671
80 549 80
671 189 679
679 663 189 671
671 582 418 549 671
679 508 679 80
671 471 671
671 582 671
80 188 679 80
80 379 379 80
80 671
671 747 80
679 663 80
80 356 80
80 431 80
80 271 80 375 679
671 551 69 68 80
671 589 607 490 80
671 189 679
80 271 80 375 679
679 375 679
671 80 549 80
80 282 58 880 80
671 471 671
671 480 80
671 69 671
679 80 142 508 80
80 188 80
80 671 80
679 189 253 80
679 68 68 80
671 480 80
80 80
671 480 92 68 671
80 747 671
679 460 679 80
80 357 671
679 188 710 188 679
679 69 80
80 230 80
80 375 671
80 384 80
80 187 80
80 747 671
