531 77 811
445 79 531
531 497 581
79 77 811 531
531 78 93 78
483 342 178 539 78
79 539 531
557 445 77 539
78 77 557
531 497 79 445 79
79 219 79
581 310 581
811 531 497 531
557 79 497
531 531
581 473 581
811 77 539 79
497 79 531
539 160 78 581
483 483 340 78
539 494 539
811 497 581
79 79 497
531 86 531
581 101 581 79
531 445 557 445 79
77 78 539 78
581 581
531 531 405 78
531 78 420 340 483
77 78 77 539 78
79 77 79 128 557
445 557 77 497
79 133 557 581 497
581 420 932 128 79
497 419 445
581 13 483
531 581 581 78
445 419 848
811 531 79 811
79 445
811 497 79
557 77 79
79 77 950 173 531
531 79 531
78 497 531
79 445 531 811
483 41 28 82 77
445 557
531 445 917 483
77 539 79
531 932 333 531
531 482 497
497 811 79
78 340 310 581
77 581 557
581 77
78 77 557
581 78
77 811 497
539 79 77
78 310 581
581 531 811
445 82 77
483 133 557
811 62 255 483
531 445 917 483
79 419 531
79 539 531
483 65 130 13 483
445 848 445 77
78 77 539
79 219 79 539
77 539 78 497
581 77 811 531
581 77 581 497
539 79 531
581 308 581
445 419 848
79 79 531 497
445 82 77 811
581 78 581
581 420 932 128 79
79 581 581 79
531 531 405 78
79 922 280 483
78 340 256 62 445
581 78 497
445 79
79 219 232 557
445 340 445
557 77 539
848 445 581
497 419 531
848 445 848
78 531 79
78 581 531
531 539 78
531 581
483 340 811 531
77 82 445
581 79 531
78 539 78
581 581 79 531
445 77 445
78 497
531 497 811
79 13 32 165 531
531 77
445 531
811 77 79 497
581 820 79 79
79 133 557 581
79 219 79 539
445 310 340 78
497 340 811
79 445 531 811
581 531
483 305 483
581 581 79
79 47 437 531
445 531 497
445 77 557
77 811 79 445
581 205 581
497 440 497
483 362 483
531 539 160 78
79 445 848 445
581 101 581
811 531 581 581
848 340 531
581 445 557
78 77 811
557 79 497 531
79 290 531
581 77 539 531
531 548 78 539 78
531 811 77
539 531 539
531 77 539
581 78 79
77 78 497
497 79
581 77 581
79 79 497
531 531
79 77 950 173 531
557 445 340 531
557 205 557
531 811 77 557
497 581 581
77 78 539 78 531
79 77 950 173 531
581 101 581 79 581
77 497 78
78 77 497
531 497 170 497
445 917 483
581 820 79 79
531 62 77 497
79 51 917 483
581 497 811 531
557 79 497 531
539 531 445
483 65 581 557 79
79 811 79
531 548 78 539 78
483 556 232 65 483
557 445 340 531
79 166 168 82 77
483 556 531 77
531 367 340 848
557 79 6 79
848 340 811
581 101 581
483 128 486 51 557
531 77
79 811
79 51 557
539 77
581 497 581
531 914 531
811 77 531
445 51 79
581 101 120 79
539 78 77
497 811
811 28 424 78
483 65 581 557
531 77 497 409 581
77 78 82 41 483
445 419 78
77 581 77
77 78 62 78
581 420 78
539 160 78 79
581 497 811 531
497 78 539
78 77 497
581 310 445
531 531
581 420 78
445 77 557
557 79 497
581 820 162 820 483
445 77 445
78 82 427 950 77
77 497 78
445 79 78
445 557 79
581 581 473 581
79 219 79
445 531 811 497
539 77 78
531 116 438 531 79
79 77 950 173 531
445 531 811
531 77 811
79 133 557 581 497
79 539 531
581 79 445
539 160 78
483 320 94 205 79
531 106 133 531
539 178 539 531
557 77 531
78 581 497
77 84 811 531
581 78 581
581 308 462 419 78
79 78 531
811 77 581
531 811 77 557
445 51 79
79 482 79
483 340 811 531 79
531 133 557
581 200 777 340 78
581 497 581 77
483 340 811
79 166 168 82 77
531 497 424 483
531 367 340 531
77 84 811
581 78 581
445 77 539 79
557 205 557
557 160 79
811 497 811
497 78 82 445 77
531 581
445 531 581
497 811 77 539
531 367 340 531
531 419 128 79
581 581 77 811
77 581 497
497 811 77 539 79
497 78 497 78
581 445 340 811
79 78
483 340 811 531 79
581 101 581
497 77 539
811 531 539 77
531 581
445 848 340 848
531 79 79
445 917 483
581 139 819 139 581
531 811 497 78
445 531 539 79
445 531 539
78 497 811
531 531 581
445 340 848
445 340 78
581 301 581
557 581
811 340 811 79 445
497 811 497 811 79
79 922 79
497 811 340 811 79
77 78 497
483 320 94 205 79
497 811 77
581 79 531
531 497 170 497 79
79 445 79 419 79
531 121 531
78 121 121 41 483
79 445 310 340 78
79 482 78
581 581 473 581
78 548 531
77 497 531
79 51 917 483
78 497 78
79 219 232 557
77 950 173 531
581 497 581
78 62 445
531 300 531
531 116 438 531
581 445 581
581 531 79
77 581 581
445 82 77
77 78 77
531 539
79 152 340 79
77 811 531 497
557 581 497 482 78
497 77 78
483 424 483
78 581 497
848 340 78
531 419 128 79 531
581 79 445
557 205 79
581 310 78 482 483
581 77 445
581 310 445
77 78 497
539 531 116 531
79 51 917 483
78 497 811
79 51 557
581 445 77
848 340 811 497 78
581 581 101 120 79
79 497 419 445
445 5 557
79 77
581 79 581
557 917 445
445 77
497 419 445
77 531 77
445 77 557
497 581 77 539
581 872 314 764 483
79 557 917 483
77 497 78
581 101 581
531 77
811 77 78 77 557
79 128 557
497 482 79
531 548 78 539
445 77 539
77 82 445 581
531 79 219 483
539 531 497
445 310 445
497 811 77
811 77 497 531
483 342 178 539 78
848 445 254 77
445 79 531
811 531 79 811 77
445 77
531 548 531
811 77 78 77 557
811 497 811 79
497 811 497 811 79
78 539 79 811 531
445 62 77 445
811 79
848 340 531
539 77 811 497
79 152 340 79
531 116 531
539 178 539 531
79 51 557
445 531 539 79
531 539 160 78 581
79 445 310 340 78
78 539
483 352 483
539 79 539
581 78
811 340 811
77 497 409 581
811 497 77 557
445 531 811 497
539 178 483
581 409 207 5 445
483 65 483
445 917 557
79 79 531
497 170 497 79
581 581 473 581
557 445 79 811
531 811 62 255 483
848 445 254 77
79 51 79
78 62 78
77 497 79
79 601 79
78 497 811
581 13 483
78 77 78
581 581 473 581
557 133 52 820 79
557 445 79 811
483 41 107 79
581 820 581
78 539 78
78 539 77 531
539 79 811 531
531 482 78 531
531 531 121 531
581 445 557 445 531
531 420 29 13 497
557 445 79 811
531 77 531
811 77 497
79 557 581
445 79 79
79 922 79
78 114 419 79
531 78 420 340 483
445 77 78
848 445 557 581
79 539 78 531
539 77 811
77 78 62 78
79 482 598 340 79
539 77 79
497 491 497
445 62 365 128 483
77 142 531
445 531
445 340 78 581 531
79 497 581
79 133 445
79 445 531 811
77 557
497 581 77
497 440 497
581 531 78
78 82 427 950 77
539 77 811
77 82 445 581
581 79 581
811 77
539 531 79
79 166 168 82 77
557 77 79
557 581 445
531 531 77
79 531
445 13 581
557 581 497 482 78
77 78 79 77
77 581 557
531 445 557 445
445 79 128 445
483 340 78
79 78 531
445 77 121 531
581 581 531
78 340 256 62 445
531 77 531
77 79 78
557 160 79
78 497 811
483 556 483
445 77 539
77 445 581
78 79
79 219 79 539
483 483
531 445 77
78 62 78
581 872 314 764 483
77 121 531
848 445 557 581 77
531 581 581
77 121 531
445 82 77 811
581 497 491 497
557 581 445 581
79 445 531
557 581 497 482 78
848 445 79
557 79 219 483
497 79 290 79
811 531 497
581 420 78
483 340 78
581 78 531 79
78 79 77
497 170 310 581
531 445 557
531 77 497 409 581
531 445 917 483
77 79 128 557
483 483 340 78
79 152 365 531 497
811 77 539 531
531 62 77
445 531 811 531
79 152 340 79
445 310 581 445
581 78 77
497 482 482 79
811 531 539 531
531 482 78 531
483 65 581 557 79
581 557 77
497 581 77 539
79 419 79
531 116 531
531 548 531
445 62 77 445
483 65 483
483 362 114 133 557
531 531 77
531 405 78
581 77 539 531
445 531 581 445
557 128 198 204 581
79 419 531
445 340 848
581 205 581
497 482 78
77 581 497
557 133 52 820 79
531 548 531
77 445
531 811 62 255 483
77 497 77
811 497 79
483 41 28 82 77
539 78 77
557 445 340 531
77 78 62 78
581 581
581 409 207 5 445
78 340 325 82 445
811 79 820 79
497 440 497 79
77 531 77 497
483 362 114 133 557
78 539 531
483 205 483
79 77 811
531 811 79
497 531
531 78 539 77 531
539 77 497
497 79
79 539 77
78 482 483
531 419 848
445 848 445
79 811 497 531
77 78 539
79 539 77
78 160 776 409 497
77 142 77
483 133 531
581 79 445
581 497 491 497
445 51 167 483
79 482 483
581 581 531
581 445
531 581 581 78 77
77 121 531
445 79 79
581 79 531
497 170 497
497 78 82 445 77
531 811 497 78
531 482 531
445 82 77
445 557 445 79
581 531
445 340 78 581 531
848 340 811 497 78
531 531 173 531
557 79 226 79
531 107 77 811
497 562 497 811
581 13 483
557 445 77 539
581 308 581
483 214 178 539 531
497 79 497 419 445
531 79 79
445 531 62 77
79 128 557
79 77 78
77 811 497
539 77 539
445 848 445 531
811 62 255 483
78 77
445 531 62 77 497
445 5 557
79 77 539
78 424 445
557 205 483
581 581 79
531 165 30 546 77
483 65 130 13 483
77 557
77 142 77
78 497 78
79 811 77 497 77
79 811
79 445 310 340 78
811 497 581
79 77
79 77 950 173 531
79 581 79
581 445 340 78
483 219 79
483 205 483
531 497 811
79 51 557 79
811 531 539 531
539 77 539
78 62 445 419 78
531 539 77
581 581
497 581 581
78 539 79 531
811 77 78 77
79 62 78
811 79 445
445 340 78
581 820 162 820 483
531 86 531
531 79 811 77 497
445 51 167 483
531 811 531 581 581
811 77 79 497
445 310 581 497
445 581
445 82 77 811
811 77 78
483 219 232 483
445 557
531 811 77 557
531 86 445
497 531 581
483 165 79
78 77 539 78
77 581 581
531 367 340 848
531 116 438 531 79
531 811 497
77 78 79 581
483 483 340 811 531
531 77 445 77
531 366 518 445
531 79 79
531 107 77
539 79 811
77 497 409 581
497 482 497
531 686 531
531 107 77
79 482 79
78 581 531
79 226 340 531 811
811 497 811
78 482 483
557 581 497
445 581
497 424 483
445 557 581 531
497 419 531
848 445 77
79 557 581 497
531 539
79 497 79
78 77 497 78
557 256 445
497 531 581
581 557 77
848 445 254 77
445 79
531 581 445
77 78 62 78
497 78 82 445
557 581 445 581
79 811
811 77 557
79 152 365 531
79 557
78 62 78
445 557 445 79
483 133 531
79 539
497 440 497 79
78 77 445 531
531 77 557
497 79 77
77 539 178 539
445 848 340 848
79 922 79
581 581 77 811
531 497 581
497 581 581
78 531 86 445
581 13 552 160 445
79 419 531
539 77 497
811 28 424 78
79 128 917 94 483
77 531
581 820 79
848 445 531
581 497
848 340 497
497 581 77 539 531
78 539 78
581 78 531 79
557 581 445
531 811 77 557
79 581
445 848 340 811
77 497 79
497 79 497
445 310 340 78
581 820 581
531 539 77
78 531 86 445
79 77 531
78 581
79 13 79
531 497 424 483
445 340 867 340 848
531 497 77
811 77 581
483 362 483
539 77 497 531
531 62 77 497
531 539 160 78 581
581 581 531
811 531 79 811
445 531 581
497 562 497
483 482 483
445 82 77 811
79 539 78 531
557 445
445 13 581
483 41 28 82 77
77 531 77 497
811 531 539 531
497 482 78
79 419 79
531 78
581 581
445 256 282 531
77 811 531
77 84 811
557 581
445 557 581 531
79 445 79 419 79
557 445 581
531 581 581
78 581 581 77
445 848
531 405 78
539 160 78 79
78 340 310 581
483 482 79
497 77 557
77 78 77 539
445 581 445 79
445 82 77 811
77 142 77
445 557 79
531 581 101 581
497 79 290 79
811 79 79
848 340 497
539 77 497 531
581 78 497
445 82 77 811
445 531
77 78 497
79 133 557 581 497
79 79 79
79 133 445
79 133 557 581
497 78 497 78
79 79 531 497
79 557 79
539 79 811
445 77 539
483 219 232 483
531 497 79 445
497 581 581
531 445 79
581 78 497 78
581 445 340 811
445 848 340 811 497
557 581 445
445 531 497
77 581 77 78
531 77
77 142 531
78 539 79 811
581 77 78
79 128 917 94 483
79 445 848 445
531 482 78
483 556 531 811
497 77 539
483 65 581
77 79
483 483 482 79
531 107 77
531 77 445
581 310 78 482 483
811 77 557
77 539 78 497
581 581 531
79 420 409 497
79 340 79
78 310 581
78 539 78 531
79 557 581
848 445 518 557
77 531 445
531 811 531
531 445 557
531 811 531 581
539 77 811 497
445 531
79 166 168 82 77
581 420 78
581 78
79 922 280 483
78 497
531 686 531
581 13 552 160 445
539 79 811
445 848 445 77
445 531 811 497
78 82 445 77 78
581 308 581
77 557 256 445 531
557 79 6 79
581 101 581 79
811 497 78
79 811
445 848 445 77
539 79 539 78
445 848 445 77
79 77 950 173 531
445 557 445 531
811 497
531 79 811
557 205 483
531 78 93 78
497 811 77 539
497 79 290 79
581 581 77
77 811 77 445
77 166 380 200 581
811 497 811 79
581 531 581
445 848 340 848
79 811 77 497
79 445 531 811
483 65 130 13 483
497 419 445 557
77 78 77
483 133 28 115 531
581 5 445
581 420 78
79 557 79 226 79
78 82 445 77
581 409 207 5 445
497 440 497
581 77 557
78 340 310 581
77 87 227 932 77
531 79 811
445 518 557
79 445 531 811
581 497 811 531
531 79 811 77 497
531 79 79
531 419 531
557 133 52 820 79
445 79 811
497 424 78
581 531 419 848 445
77 497 531
79 78 497 531
483 133 531
445 340 483
531 581 497
811 79 445
445 340 78
445 310 581 497
581 531 78
79 531 497 811
539 531 79
811 77 445
79 133 557 581 497
445 419 78
581 581 78
445 917 557
557 445 581
445 557 581 531
531 811 531 581
79 581 79
497 531
848 445 557 581 77
79 219 483
531 811 531 581 581
483 128 81 301 445
78 79
811 28 424 78
78 497 811 497 79
78 62 445 419 78
848 340 811 497
531 121 531
483 128 486 51 557
539 78 539
581 531 419 848 445
531 581 581 78 77
77 531 77
531 548 78 539 78
497 79 539
539 160 78 79
581 200 777 340 78
811 28 424 78
445 848 340 811 497
497 811 77 539 79
531 116 531
557 581 445 581
79 78
531 340 497
581 497 79
445 531 811 497
848 445 531
531 531 445
79 77 78
445 79 419 79
581 497 531
77 78
531 78 93 78
445 581 531 78
77 497 77
483 482 497
79 205 557 581
581 77
581 78 497
78 497 811 497 811
483 128 557
483 483 482 79
77 445 581
531 497 170 497 79
497 79 531
445 77 497
811 531 581
531 556 483
581 77 811 531
531 497
557 205 483
531 79 531
497 548 491 497
79 445
483 142 483
557 5 557
445 256 282 531
581 79 557
483 65 130 13 483
531 173 531
581 531 79
483 482 79
531 79 811
557 445 77 539
581 310 581 79
531 77
77 811 531
539 79 539 78
77 811 79
497 811 497
531 531 79
445 419 848
483 483
445 917 557
497 811 497 79
848 419 497
77 581
531 77 445
581 205 581
531 420 581
581 78 497 78
445 557 581
445 848 445 77
79 62 78
531 497 77
531 79 531
581 497 482 78
78 93 78
531 482 497
445 79 219 483
581 531 581
811 77 539 531
497 79 497
539 77 811
497 78 539
78 93 78
483 133 531
811 497 811
581 77 79
531 107 77
497 78
483 219 79
445 557 445 531
848 340 811
848 445
557 133 52 820 79
445 310 581
539 380 120 79
79 497 581
531 165 30 546 77
77 445 531
531 169 409 581
581 13 552 160 445
79 581 581
78 82 41 483
531 79 79
78 77 445 531
539 78 77 811
79 811 77 497
77 531 77
79 922 280 483
581 581 77
79 77 531 300 531
557 581 497 79
77 531 77 497
445 531 581 445
78 539 531
77 497 811
77 581 77 78
445 557 581 531
497 440 497
483 214 178 539
497 77 557
811 340 531
497 78 82 445
79 219 79 539
557 160 79
497 581 78
79 77 79
531 121 531
483 464 556 531
581 581 79
445 531
77 811 77 445
79 531 581
78 340 310 581
539 531 531
483 482 79
581 78
531 78 79
483 764 483
445 531 62 77 497
445 77 78 497
77 142 77
78 77 445
77 78 82 41 483
539 78 539
531 366 518 445
531 497 170 497 79
581 77 581 557
497 531
581 420 78
445 419 78 77
483 483 340 811 531
483 464 556 531
497 78 539 77
79 79 531 497
811 77 497 531
557 917 483
848 340 811 497 78
581 139 445
531 548 78 539 78
531 539 494 539
848 445 77
531 497 77
531 531 581
77 811 79
445 419 78
78 340 256 62 445
811 497 531
79 205 557
79 13 79
497 548 491 497 811
445 581 531
445 557 79
77 78 82 41 483
557 77 79
581 820 79
79 482 598 340 79
497 77 539
581 205 581 531
79 77 950 173 531
531 420 581
557 77 539 78
77 497
483 483 340 811
445 557 445 79 811
531 811 531 581 581
581 531 78
531 811 531 581
483 556 531
483 377 483
445 557 79
445 79 419 79
581 445 340 811
531 333 531
557 5 581
581 51 557
78 77 78
497 77 445
445 531 62 77
581 497 491 497
445 79 419 79
539 531 556 483
79 419 531
78 77 78
531 548 78
78 340 310 581 445
848 445 557
531 121 531
531 497
497 548 491 497 811
445 340 811
78 581 581 77
581 445 79
445 340 848
497 77 445
811 340 811 79 445
531 581 445
811 77 581
445 531 497
848 445 848
445 256 282 531
581 581 78 77
581 557
483 133 531
557 79 219 483
557 581 79
78 79 445
445 419 848
811 531
78 121 121 41 483
483 165 79 79
445 340 848
445 581
539 78 539 78
79 339 79
581 78 531 79
848 340 280 290 79
497 79 77
445 531 581 445
581 820 581 445
581 78 497 78
483 128 486 51 557
531 497 170 497 79
531 539 160 78
848 419 497
531 79 811 77
581 139 581
445 531 497
811 531 581
445 79
483 362 483
531 581 581 78
811 531 79 811 77
811 77 581
497 79 497
77 531
77 79
445 79 419 79
445 419 78 77
79 482 531
497 77 445
78 77 497
79 219 79 539
581 78 531
483 113 424 445
79 811 77
79 219 79
531 531
531 173 531
445 557 77
531 539 531
557 395 152 79
581 78 497 78
581 77 78
557 79 6 79
78 340 310 581
531 133 557
581 139 445
497 581 581
77 557 256 445 531
497 78 497 78 581
445 917 483
497 811 497
77 79 128 557
497 77
77 445 581
531 77
483 483 340 811 531
531 811 497 581
483 65 581
497 79 497
581 308 21 107 77
79 77 531
483 424 483
77 497
811 77 497
581 581 531
445 557 445
497 170 497 79
811 531
77 497 811 497
79 445 79 419 79
79 205 557
539 77 78
445 848 340 848
811 531 581
78 77 497
79 6 79
445 51 167 483
531 531 405 78
77 82 445
483 41 107 79
78 424 445
79 79 51 917 483
557 445
79 290 531
531 169 36 86 445
531 300 531
78 79 581
79 557 581
79 162 482 483
79 539 77 79
539 78 77
79 133 557
483 556 531 811
581 77 581 497
79 77 950 173 531
79 497 170 310 581
445 340 78
77 581 497
581 101 120 79
531 497 79 445
77 166 380 200 581
445 82 77
581 5 445
79 78 531
79 557 79 226 79
79 133 116 133 79
79 77 539
581 79 445
483 65 483
557 133 52 820 79
77 497
79 339 79
497 78 539
79 820 79
445 82 77
483 165 79 79
531 581 78
811 497 548 491 497
581 13 552 160 445
531 531 79
581 77 581 557
77 121 531
497 562 497 811
78 539 78 531
531 686 531
445 254 77
78 497
497 78 77
78 539
79 811
79 77 539
581 872 581
531 77 497
79 77 531
77 445 77
79 445 557
79 539 79
539 531 79
531 811 531 581
581 531 77
78 62 445 419 78
77 79 497
78 77 557 445
848 445 518 557
581 420 78 62 445
531 811 62 255 483
848 445 557 581 77
79 820 79
77 333 169 105 77
445 5 557 445
811 77 497 531
77 78 79
79 539 78
445 82 77 811
581 79
531 77 531
497 482 497
581 497 581
445 581 445
78 77
79 445 557
483 483 340 811
445 557 445 79 811
811 531 581 581 78
79 205 581
557 205 557
811 497 78
445 340 483
848 340 531
79 539 77
77 581
483 65 581 557 79
539 77 531
483 205 483
531 62 77 62 77
497 79 445
445 419 78 77
531 79 219 483
79 77 78
79 557
557 77 497
483 157 231 157 483
79 811 77
531 78 420 340 483
811 340 811 79 445
445 77 121 531
581 200 777 340 78
445 77 557
445 82 77
445 62 77
848 445 79
811 77
79 539
531 79 219 483
78 62 78
581 13 483
77 557 581
497 581 77 539
77 557 256 445 531
581 77 79
531 419 848 445
77 497 562 497 811
79 133 557 581 497
78 62 445 419 78
77 539 79
77 539 79
79 601 79
557 160 79
483 362 114 133 557
531 405 78
79 219 232 557
557 83 115 79
445 82 77
497 79 445 79
581 200 777 340 78
445 419 78
497 78 82 445
79 79
531 445 557 445 79
78 340 256 62 445
497 78 497
78 77 497
581 78 581
445 581 531 78
77 121 78
581 308 581
581 77 79
79 497 811
497 170 310 581
581 79 557
79 219 79
78 539 79 811
539 160 78
78 497 531
531 539 79 811
445 557 581 531
581 77 445 581
445 340 445 77
78 581 581
497 419 445
445 340 483
581 205 581
79 79 531
445 848 445 77
581 557
581 78
811 77 79 497
539 79 539 78
77 79
557 5 557
531 932 333 531
497 548 143 482 497
497 440 497 811
531 86 445
811 497 581
539 178 539 531
79 497 811
557 581
581 581 473 581
581 445 79
483 556 483
848 340 280 290 79
445 848 340 811
811 77 497
581 310 581 79
77 78 539 78 531
581 77 811
78 581 445
581 497 79
557 79 497 531
77 811 79 445
77 79 78
445 518 557
581 77 811
497 409 581
531 77 811
78 77 531
581 78 77
581 139 445
497 548 491 497
78 79 77
811 531 539 77
581 78 531 79
77 78 77 557
531 914 531
78 82 41 483
581 497 811 531
848 445 557 581
77 497 78 531
531 79 531
581 557 77
78 539 78 531
79 497 419 445
497 581
78 121 121 41 483
77 62 77
497 78 497 78 581
557 581 77
531 482 531
581 531 419 848
77 531
79 340 79
811 28 424 78
848 445 531
581 531 419 848
77 62 77
557 205 79 497
79 811 77 497
78 79
497 811 497
483 556 531
483 556 531 811
531 79 811 77 497
531 581 78
581 205 581 531
483 65 581 557
581 820 79
78 531 86 445
79 420 409 497
539 77 79
531 77 811
581 581 78
79 820 79
531 581 581 78
79 482 483
483 464 556 531
497 419 445
483 464 556 531
445 581 445 79
531 78
79 226 340 531
445 557 77 497
539 79 539
483 352 483
557 581 445
79 539 77
78 93 306 173 531
79 497 79
531 445 79
581 581 78 77
77 84 811
581 310 445
531 445 79
79 77 581
581 445 581
531 531 581
531 539 160 78
581 581 79 531
581 205 581
531 78
79 497 811
811 497 78
848 340 811 497 78
811 497 79
581 497 811
79 497 419 445 557
445 79 482 531
497 482 78
78 581 497
79 77 531 300 531
811 77 445
811 531
581 497 531
531 539
79 922 280 483
445 419 848
531 263 13 445
79 531 686 531
78 497 811 497 79
539 79 77
539 78 539
848 340 811 497 78
483 41 107 79
78 62 498 14 79
445 13 581
539 531
483 128 486 51 557
581 445 557 445
483 362 483
77 539 77
78 539 78 531
77 62 21 173 531
79 581 581
557 581 77
557 581 77
483 556 483
581 77 79
77 557 445
581 77 445 581
557 205 79
79 922 79 445 531
483 483 482 79
531 445 917 483
497 482 79
811 77 497 77
79 557 917 483
445 848 445 77
531 445 77
531 86 531
445 340 811
531 497 531 581
531 77 531
78 539 531
79 152 340 79
79 811
78 77 539 78
445 557 77
581 308 581
581 101 120 79
483 214 178 539
445 340 848
811 531 581 581
531 77 497 409 581
77 497 811
531 539 160 78 581
539 531 531
445 557 581 77
531 811 531 581
557 205 51 581
497 811 79 445
77 78
79 226 79
78 539 79 531
78 79 445
445 79 78
811 77 445
79 47 437 531
497 170 497 79
497 811 79
445 848
848 445 79
497 424 483
77 84 811
445 310 581 497
78 82 445 77
79 445 557
483 133 28 115 531
445 340 78
445 581 531
483 345 483
445 848 340 848
483 41 28 82 77
531 419 848
483 464 556 531
77 557 256 445
581 308 462 419 78
79 226 340 531
557 581 445 79
445 419 848
483 345 483
581 531 79
79 811 77 497
531 116 438 531 79
78 77
497 811 497
77 121 531
531 78 79
581 581 101 120 79
531 86 531
531 173 531
531 77 445 77
445 848 445 79
483 362 483
539 78 539 78
531 539 77
497 440 497 79
483 464 556 531
531 78 93 78
445 557 77 497
445 557 77 497
581 13 483
79 51 557 79
77 539 178 539
531 581 78
79 120 79
531 482 79
78 539 79 811 531
539 531 539
811 497 581
531 445 917 483
531 419 531
79 497 811
581 310 445
581 79 581
531 497 170 497
79 205 581
581 308 581
557 445 77
531 77 445 77
445 77 539
531 263 13 445
445 77 445
79 445 848
581 101 581 79
445 557 445
445 77 497
531 531 445
531 77 497 409 581
811 531 539 531
539 531 497
531 107 77
848 445 77
531 539 78
78 79 445
557 581 497
78 497 811
557 77 531
531 86 445
78 77 445 531
497 811 340 811 79
483 133 28 115 531
531 482 497
557 917 445
557 5 581
483 556 232 65 483
497 78 497 78 581
445 79 78
811 77 539
581 581 557
497 581 581
79 531 497 811
811 77 539
581 557 77 531
77 539
77 581 557
79 497 811
445 917 483
79 77 539
445 62 77
79 811 77 497
531 497 811
531 79
531 531 445
531 445 557 445
445 557 581 77
531 497 811
581 139 819 139 581
445 77 539
581 820 162 820 483
581 310 581
79 219 483
445 848 340 848
557 581 79
77 539 178 539
848 340 280 290 79
78 79 581
77 497 811
79 811 77 497
77 121 531
581 78 497 78 581
497 581 77
78 82 41 483
531 77 445
445 917 445
539 77
78 160 776 409 497
557 445 581
78 497 78 581
581 497 79
581 310 78 482 483
497 79 539
581 445
77 78 581
77 497 79
79 497 419 445
848 340 531
483 556 483
497 78 539
497 811 497 811 79
581 531 581
581 820 581
77 811 77
531 581 78
79 497 811
531 78 420 340 483
497 811 497 811 79
445 557 581 531
531 531 79
581 200 777 340 78
531 497 79 445 79
79 77 811 531
79 219 483
78 497 79
445 531 811 497 78
78 424 445
811 531 497 531
581 409 207 5 445
445 531 811 497 78
497 482 497
581 450 107 531
77 78 539 78
531 811 79
581 78 581
483 342 178 539
78 497 811 497 811
445 82 77
531 445 77
79 107 77
445 340 78
78 581
79 497 811
531 116 438 531
581 79 581
581 473 581
77 445 77 497
78 539
79 539 79
78 497 78
445 340 445 77
581 581 531
77 78 77
79 482 79
539 178 380 14 79
445 62 77
77 531 77
445 518 557
79 811 79
445 340 483
497 482 79
581 78 77
557 581 79
497 811 79
445 79 531
445 557 79
497 811 340 811 79
79 497 79
78 82 445
445 531 581 445
79 166 168 82 77
445 340 531
539 78 539 78
581 531 419 848 445
483 377 483 851 483
78 340 325 82 445
445 531 811
79 62 78
483 280 922 922 79
79 219 79
483 214 178 539
78 340 325 82 445
79 133 557
78 539 78
811 531 581
581 78 497 78 581
483 178 483
77 497 78
557 205 557
79 128 917 94 483
77 557 256 445
483 340 811 531 79
811 77 497
497 811 77
483 340 811 531
483 345 483
79 79 811
79 811
79 120 79
531 367 340 531
539 178 483
497 78
483 482 79
79 445 531 811
78 77 445
581 445
581 77 811
483 41 28 82 77
581 445 557 445 531
78 340 256 62 445
531 482 78
557 581 445 79
531 497 77
581 497 811 531
497 548 143 482 497
483 917 557
581 581 78
811 77 78
557 581 445 581
79 226 340 531
531 539 77
557 83 115 79
483 320 60 377 483
581 139 819 139 581
78 62 78
79 445 531
497 79 445 79
557 581 445 581
77 78 79 77
531 79 557
848 445 581
581 531 79
445 518 557
531 539
531 482 531 77
497 170 497
581 820 162 820 483
79 290 79 78
811 497
531 419 848
531 539
445 340 445
581 78 581
78 77 557
581 101 581 79 581
581 531 419 848
539 531 79
79 290 531
531 539 78
77 78 497
445 557 445
445 917 445
581 77 445 581
581 497 811
483 556 556 483
811 28 424 78
445 82 395 107 77
78 62 78
531 556 556 556 483
811 531 497 531
581 445
539 77 539
497 77 78
581 531 78
497 79
581 473 581
483 377 483
539 77 531
531 79 811 77
581 581 77
445 340 445 77
557 445 848
539 79 811
581 409 207 5 445
78 62 78
77 581 581
497 79 531
848 445 557 581
539 78
445 77 445
811 77 497 77
848 445 79
539 77 531
557 5 557
539 160 78
445 77 78 497
531 811 77
77 811 79 445
811 531 581 581
497 424 483
581 820 581 445
557 581 445
78 310 581
581 531
445 310 581 445
531 79 219 483
531 497 170 497 79
79 219 79 539
445 531 497
557 83 115 79
483 133 557
581 445 557 445 531
539 79 531
77 121 78
483 362 114 133 557
811 497 78
811 77 497 77
483 65 581
531 169 36 86 445
497 482 79
531 531 77
497 78 77
79 79 531 497
483 128 557
557 79
581 409 207 5 445
79 811 77 497
557 77 539 78
79 531 497
79 557 79 226 79
581 420 78 62 445
79 77 78 531
483 219 79
531 419 848 445
531 77 445 77 497
445 581
811 79 79
531 106 133 531
531 419 128 79 531
79 77 445
77 581 450 107 531
581 531
531 914 531
497 531 581
811 531 79
497 811 497 811 79
539 531 556 483
557 917 483
531 531 445
811 84 553 340 531
848 419 848
811 77 539
581 308 581
557 445 531
78 310 581
79 62 78
531 437 482 79
497 562 497
483 482 483
483 464 483
445 557 581 77
557 917 483
483 424 483
79 120 79
531 539 79
497 581 77 539 531
77 445 531
581 79 219 232 557
497 482 79 581
581 473 581
539 531 556 483
77 581 557
78 77 445 531
445 531 811 497
445 531 811 497 78
811 340 811
77 531 445
78 539 79 531
79 152 256 531
497 531 581
531 811
79 445 848 445
78 539 77 531
581 533 226 79 79
79 219 232 557
78 121 121 41 483
