462 701 462 561 462
463 463 462 701
701 462 463 462
462 308 430 462
701 462 463
463 463 463 462 701
701 462 308 462
463 463 462
462 256 462
462 586 462 462
462 430 308 462
462 586 462 463
462 462 463 462
462 430 308 462
463 462 463 463
701 462 145 462
462 561 462
701 462 701 462
462 701 462 463 462
462 701 462 463 462
462 701 462 308 462
462 701 462 462
701 462 308 462
462 254 462
463 462 561 462
462 462
462 586 462 463
462 701 462 463 463
462 586 462 463 462
462 463 463 463 463
462 462 462
462 430 462
462 462 211 462
463 463 463 463 463
462 308 462
463 463 463 463
463 463 463 462
463 462 561 462
462 408 462
462 513 462
462 701 462 463 463
462 701
463 463 462 701 462
876 564 876
462 701 462 463 463
463 463 462 701
463 462 462
462 701 462 701 462
701 462 463 463 462
463 463 463 463 462
463 462 701
463 463 463 463 462
462 463 463
701 462 701 462
462 254 462
462 82 282 546 462
462 463
462 462 561 462
463 462 701
463 462 463 463 463
462 462 701
462 462 561 462
462 430 462
462 308 430 462
463 463 463 463 463
462 513 462
463 462 701 462
462 586 462 462
462 513 462
462 462
463 463 463 463 462
701 462 701
462 463 463 463 462
463 463 463 462
462 701 462
701 462 145 462
701 462 430 462
462 586 462 463
462 701 462 701
701 462
701 462 308 462
462 462
876 564 876
876 564 876
701 462 145 462
463 463 463 462 701
462 463 463 463 462
463 463
701 462 701 462
701 462
462 586 462 463 462
463 463 463 463 462
463 462 701 462
463 462 463
462 586 462 463 462
462 308 462
462 586 462 462
462 462 701
462 463 463 462 701
462 701 462 463 463
462 463 463 463 462
462 586 462
462 462 211 462
462 462
462 701 462 701
462 308 462
462 462 462
463 463 462
463 463 463 463 463
462 408 462
701 462 701 462 463
462 561 462
462 430 462
462 701
462 463 462
463 463 463 462
462 701 462 462
462 586 462 463 462
463 463 462
462 561 462
462 561 462
462 462 701 462
463 463 463 463 462
463 463 462
462 586 462 463 462
462 701 462 308 462
462 701 462 463
701 462 462
462 462 701
701 462 430 462
462 463 463 462 701
462 463 463 463 462
462 463 463 462 701
463 462 463 463 463
462 308 462
462 513 462
462 586 462 463
462 701 462 463 463
701 462
462 701 462 308 462
462 211 462
462 463
463 463 462 701
462 701 462 308 462
462 586 462 462
462 462
462 545 462
462 463 463 463 462
462 701 462 462
462 586 462 463
462 308 430 462
462 462
463 462 463 463
463 462 463 463 463
462 561 462
462 463 463 463 462
701 462 701 462
462 561 462
463 462 561 462
462 701 462 463 463
463 462 701
701 462 462
462 463 463 462 701
462 701 462 462
463 462 462
462 561 462 561 462
462 561 462
463 463 462
462 463 462
462 561 462
462 308 462
463 462
462 701
701 462
701 462 463 463
701 462 463
463 462 462
701 462 463 462
462 701 462 308 462
463 463 463 462
462 561 462
463 462 561 462
462 430 308 462
462 701 462 463
462 701 462 701
462 513 462
462 462 561 462
701 462 463 463 462
463 463
463 463 463
463 462
462 463 463 462 701
701 462
701 462 308 462
462 462
462 545 462
462 701 462 308 462
701 462 463
462 308 462
462 463
462 430 462 561 462
462 701 462 701 462
462 256 462
701 462 145 462
462 308 430 462
701 462 701 462 463
462 430 462 561 462
462 463 463 463 462
463 463 463 463 462
462 586 462 463
701 462 430 462
463 463 463 463
463 463 463 463
463 463 463 462
463 463 463 462 701
462 256 462
462 463 463 463 463
463 462 701 462
462 430 308 462
463 463 463 462
462 462 462
462 701 462 463 462
462 462
462 308 430 462
462 701 462 561 462
463 463 462 701
462 308 462
463 462 463
463 463
462 701 462 701
462 463 463 462
463 462 463 463 463
463 463 463 463 462
463 463 463
462 308 462
463 462 701
701 462 145 462
462 561 462 561 462
462 463 463 462
462 211 462
462 463
462 256 462
701 462 701
462 463
463 463 462 701
462 430 462 561 462
463 463 463 463 463
463 462 463 463
462 701 462 701 462
463 462
462 701 462 463 463
462 462 462
701 462 701 462 463
462 463
701 462 145 462
462 701
463 462 462
462 586 462 463
462 463 463
462 308 462
462 308 430 462
462 701 462 308 462
463 463 463 463
463 463
463 462 701 462
462 308 430 462
462 430 462
462 586 462
462 462 463
701 462 463 463 463
462 145 462
701 462 463 463
463 462 561 462
463 463 463 463 463
701 462 463 463 463
463 463
462 82 282 546 462
462 701 462 462
463 463 463 462
462 82 282 546 462
462 513 462
462 586 462 462
462 462 561 462
701 462 463 463 462
701 462 145 462
462 701 462 561 462
462 462 211 462
701 462 463
462 462 463 462
462 545 462
462 701
462 701 462 462
462 430 462 561 462
462 462 561 462
462 561 462 561 462
463 463 462 701 462
462 462
462 430 462 561 462
462 462 463
462 701 462 463 463
462 701
462 701 462 462
701 462 430 462
701 462 463
701 462 462
462 408 462
462 701 462 463 463
462 701 462 462
462 463 463 462 701
462 462
463 462 701 462
701 462 561 462
462 463 463 462 701
462 701 462 462
701 462 145 462
462 462 463 462
701 462 701 462 463
462 408 462
462 463
463 462 463 463 463
462 462 463
462 462 701 462
462 462 211 462
463 463 463 463
462 462 463 462
462 463 463 463
462 463 462
462 701 462 463
462 701 462 701
876 564 876
463 463 463 462
462 430 462 561 462
463 462 561 462
462 211 462
462 463
462 308 462
463 462 462
462 82 282 546 462
463 463 463 463 462
463 463 463
463 462 561 462
462 513 462
463 463
462 462
462 463 463 462
462 561 462
701 462 430 462
463 463 463 463 463
701 462 463 463 462
462 308 430 462
462 701 462 561 462
701 462 701
462 256 462
462 463 463 462
462 701 462
462 513 462
462 462 561 462
462 462 462
462 462 463
462 462 463 462
463 463 463
462 701 462 701
462 701 462
463 462 561 462
701 462 308 462
701 462 701
462 701 462 463
701 462 561 462
463 463 462
462 463 462
462 545 462
462 462 701
463 463 462
876 564 876
701 462 701 462 463
462 463 463 463 462
462 586 462 463 462
463 462 463
463 462 462
462 701 462 463 462
462 463 463 463
462 308 430 462
701 462 701
463 463 463 463
462 462 701
462 308 430 462
876 564 876
462 145 462
463 463 463 462
462 513 462
701 462 463 463 463
462 463 463 462
462 701 462 463
463 463 463 462
462 308 462
462 463 463 463
462 462 463
462 462 211 462
462 701 462 463 463
462 308 462
701 462
462 701 462 463 462
463 463 463 463
462 586 462 463 462
462 308 430 462
462 701 462 701
462 463 463 463
462 561 462
462 701 462 463 462
462 462 211 462
463 462 463
462 430 462 561 462
462 462 211 462
462 701 462 463 462
701 462 463
462 462 561 462
462 462 211 462
463 463 462
462 561 462
462 462 211 462
463 462 701
462 586 462
462 701 462 561 462
701 462
462 701 462
463 462 701 462
462 463
462 701 462 701 462
462 211 462
462 701 462 701 462
462 254 462
462 462 701 462
463 463 462 701 462
462 701 462
462 430 462
462 254 462
462 586 462
462 463
701 462 463
463 463 462 701 462
463 463 463
462 586 462 463
701 462 463 462
463 462 462
463 463 463 462 701
462 308 462
701 462 463 463 463
463 463 463 463 462
462 308 430 462
462 430 308 462
463 463 463 463
462 701 462 701
463 463 463 463
462 701
462 701 462 463 462
462 462 701 462
463 463 462 701
462 463 463 463 462
462 701 462 462
462 513 462
701 462 145 462
463 462 561 462
462 586 462 463
462 513 462
701 462 701
701 462 463
462 701 462
462 430 462 561 462
462 701 462
462 463 463 462
701 462 463 462
701 462 463 463 463
462 308 430 462
463 463
462 701 462 463 462
462 701 462 701
701 462 463 462
462 586 462 463
462 701 462 462
462 701 462 463 463
462 545 462
462 463 463 463 462
462 463 462
462 586 462 463
462 586 462
462 430 462
462 462 561 462
701 462 145 462
462 145 462
462 463 463 463 462
462 463 462
876 564 876
463 463 463 463 463
462 513 462
701 462
462 145 462
462 408 462
462 701 462 463 462
463 462 701
462 701 462 462
462 561 462
462 586 462 463 462
462 308 430 462
462 463 463
462 254 462
462 463 462
463 463 463 463
463 463 463 462 701
462 545 462
462 463 463 462 701
462 408 462
463 463 463 463 463
462 701 462 463 462
462 308 430 462
463 462 463 463 463
462 82 282 546 462
462 408 462
463 463 463 463
462 586 462 462
876 564 876
462 462 462
462 463 463 463 463
462 463 463 463 463
701 462 561 462
463 463 463
463 463 463 463 462
462 463 463 462
463 462 463
463 463 463
701 462 145 462
701 462 463 463 462
463 463 463 463 463
462 701 462
462 586 462 463
462 462 462
701 462 561 462
462 545 462
463 463
701 462 462
462 586 462 462
462 254 462
462 463 463 463 463
462 463 463 463 463
462 463
463 463 463
462 462 463
463 462
701 462 463 462
462 82 282 546 462
463 463 463
701 462 463 463 463
462 308 462
462 430 462
462 701 462 463 462
462 430 462 561 462
701 462 463 463
462 462 211 462
462 463 463
462 463 463 462 701
462 430 462
463 463 463 463 463
701 462 701 462 463
462 586 462 463 462
462 462 463 462
463 463 463 463 462
462 701 462 463 462
701 462
462 463
462 701 462 463
462 430 308 462
462 430 308 462
462 462 463
462 430 308 462
462 586 462 463
462 701
462 462 701
462 701 462 462
462 462 561 462
463 462 701 462
462 463 463
701 462 701
701 462 463 463
462 145 462
463 462
462 463 463 463 463
462 586 462 463
701 462 308 462
462 254 462
463 463 463 462
462 82 282 546 462
462 701 462 308 462
463 462
701 462 463 462
463 463 463 463 463
463 462 463 463
462 145 462
701 462 463
701 462 308 462
462 463 463 463 462
463 462 463 463
701 462 463
701 462 561 462
462 462
701 462 462
462 586 462 463 462
462 701 462 701
462 561 462 561 462
462 430 462
462 586 462 463
462 463 463 463 462
701 462 463 463 462
463 463
701 462 430 462
463 463 463 463
463 463 463
463 462 463
701 462 463 463 462
462 701 462 463 462
701 462 701 462 463
462 462 701 462
462 701 462 462
462 430 462
462 701 462 561 462
462 463 462
701 462 463 463
462 462 462
462 701
462 462
462 462 561 462
701 462 308 462
462 462
462 211 462
462 701 462 308 462
701 462 701 462 463
462 561 462
701 462 430 462
462 462 462
462 430 308 462
462 463 463 463 462
462 701 462 462
701 462 308 462
462 701 462
876 564 876
462 254 462
462 513 462
701 462 463 463 462
463 462 463
462 145 462
462 145 462
462 701 462
463 463 462 701
701 462 308 462
462 462 701 462
462 462 463 462
462 701 462 701 462
701 462 463 463 463
462 462 701
463 462 462
462 462 462
462 545 462
463 462 462
462 701 462 463 463
701 462
462 586 462 463 462
462 586 462 463
463 462 561 462
462 701 462 561 462
462 462 462
701 462 701 462
462 462 463
462 462 561 462
463 462 463 463
462 430 308 462
462 701 462 462
463 463 463 463
462 463
463 462 463
462 462 462
462 586 462 462
701 462 701
462 561 462 561 462
462 254 462
462 463 462
462 462 463
701 462 145 462
701 462 701 462 463
462 463 463
462 701 462 462
462 463
462 463 463 463 463
462 586 462 463
462 561 462
462 701 462
463 462 701
701 462 463
463 463 462 701
701 462 145 462
701 462 463 463
462 430 462 561 462
462 463 462
462 430 462 561 462
462 463 463 462
463 463
463 462 463 463
463 462 462
462 463 463 463
462 701 462
701 462 463 462
462 430 308 462
463 463 463 463 463
462 586 462
462 701 462 701 462
463 462 463 463 463
463 463
701 462 463 463 462
462 308 430 462
463 463 462 701 462
701 462 561 462
462 462 462
462 463 463 462 701
462 462 701 462
462 586 462 463 462
701 462 463
462 701 462 701 462
463 462 463 463 463
701 462 430 462
462 463 463
462 586 462 463
462 430 462
876 564 876
462 586 462 463 462
462 462 462
462 701 462 561 462
462 430 462 561 462
462 701 462 462
463 462 463
462 463 463
462 462 463 462
463 463 462 701 462
701 462 145 462
462 254 462
462 462 701 462
462 430 308 462
701 462 463 463
462 430 462
463 463 463
462 701 462 462
462 586 462
462 408 462
462 463
462 462 561 462
462 145 462
462 308 462
462 463 462
462 145 462
463 462 463 463
462 586 462
462 463 463 462 701
463 463 462
463 462 463 463 463
876 564 876
462 701 462 463
463 463 463 463 463
462 463 462
462 586 462 463
462 586 462 463
463 462 463
462 462
463 463 463 462 701
462 463
462 701 462 462
463 462 462
462 513 462
462 82 282 546 462
462 430 308 462
462 462 561 462
462 462 561 462
876 564 876
462 256 462
462 462 462
462 561 462
463 462 463 463 463
463 462 561 462
462 211 462
462 211 462
463 463 463
462 561 462
462 463 463 462
462 561 462
462 701 462 561 462
463 463 463
462 462 701
463 463 463 462
462 462 463
462 408 462
463 462 463 463
462 701 462
462 545 462
463 462 701
462 701 462 462
462 430 462
701 462 701 462 463
463 462 463 463 463
701 462 701 462
462 462 463 462
462 701 462 308 462
462 463 463 463
462 462 701
463 463 462
462 463 463 463
463 463
701 462 463 463 462
462 701 462 463 462
463 462 701 462
462 586 462 463 462
463 463 463 462
462 462 463
462 82 282 546 462
463 463 463 463 463
463 462 463
463 463 463 463 462
463 462
701 462 463 463
462 462
462 701 462 561 462
463 462 463 463 463
462 462 701
463 462 463
462 561 462
463 463 463 463
463 462 701
463 463 463 462
462 462 561 462
462 462 463
463 463
701 462 701
462 545 462
701 462 463 463 463
462 145 462
462 430 308 462
462 701 462 462
701 462
462 586 462 463
463 462 561 462
462 701 462 463
463 462 462
463 462 462
462 586 462 463
462 561 462 561 462
701 462 463 463
462 462 463 462
462 586 462
463 462 701 462
463 463 463 462
462 256 462
462 463 463 463
462 462 463
463 462 701 462
463 463 463 463
701 462 463 462
463 462 701
462 513 462
462 462 211 462
462 463 463 462 701
462 462 463 462
701 462 701 462
462 701 462 701
462 430 462
462 463 463 463 462
462 701 462 463
701 462 463
701 462 701 462
462 462 701
462 586 462 463
462 586 462 463 462
463 463 463 462 701
701 462 462
463 462 462
462 462 211 462
463 463 463 463 462
701 462 701 462 463
462 463 463 463
462 701 462 463
462 408 462
462 701 462 308 462
462 701 462 462
463 463 463 463
462 430 462
462 463 463 462 701
463 463 462 701 462
462 701 462 701 462
462 430 462 561 462
701 462 463 463 463
462 463 462
462 463 463 463 463
463 463 463 463 463
462 701
462 430 462 561 462
463 462 463 463 463
462 462 561 462
462 308 462
701 462 463 463 463
462 308 462
462 308 430 462
463 463 463 463
462 462 463
462 254 462
462 586 462 462
463 462 561 462
462 308 430 462
462 463 463 463 462
462 462 462
462 430 308 462
701 462 462
462 462 463
462 82 282 546 462
462 586 462
463 463 463 463 462
462 462 561 462
462 256 462
701 462
701 462 463 463
876 564 876
462 308 430 462
701 462 463 463 462
463 463 463 462 701
462 701 462 308 462
462 463
463 463 463 462
462 430 462 561 462
462 701 462
701 462
463 462 463 463 463
701 462 463 463 462
462 308 430 462
462 701 462 701
701 462 145 462
462 701 462
462 701 462 463
462 254 462
701 462 463 463 463
701 462 463 462
462 701 462 462
462 513 462
463 463 462 701 462
462 308 430 462
462 463 463 463 462
462 586 462
701 462 462
463 463 463 462
462 561 462
462 701 462 308 462
462 586 462
463 462 463 463 463
462 701 462 701
463 462 701 462
462 82 282 546 462
462 701 462
462 462 701 462
462 308 430 462
462 701 462 308 462
462 462 701 462
462 586 462 463 462
462 462 701
462 586 462 463
462 408 462
701 462 463 463
462 463 463 463
463 463 463 462 701
462 463 463 463 462
462 462 462
463 462 462
462 462 701 462
462 430 462
462 701 462 462
462 586 462 463
463 463 463 463
462 463 462
462 211 462
463 462 463
463 463 463 462 701
462 701 462 463 463
463 462 463
463 463 462 701 462
701 462 463 463 462
463 463 463 463 462
462 211 462
463 463 463 463 463
462 308 430 462
462 701 462 561 462
701 462 561 462
463 463
462 462 463
462 254 462
462 701 462 463 462
701 462 462
463 463 462 701
462 701 462 701 462
463 462 463 463
462 463 463 463 463
462 701 462 308 462
701 462 145 462
463 463
462 701 462 463
463 462
701 462 463
462 513 462
463 463 463 463 463
463 463 462 701
462 463 463 462 701
701 462 701 462
463 462 463
462 463
462 462 701 462
463 463 463
876 564 876
463 463 463
462 561 462
462 256 462
462 463 463 462 701
463 463 463
462 463
462 701 462 463
701 462 701 462 463
462 430 462
462 462 463
462 586 462 463 462
463 462 463 463
701 462 463 463 463
462 701 462 463 462
463 462 463 463 463
463 463 462
462 513 462
701 462 701
701 462 463 463 462
463 462 561 462
463 462 462
463 462 462
462 463 463 462
463 463 462 701
701 462 145 462
462 462
463 462 463 463
462 463 463
462 701 462 701
463 463
463 462 463
462 254 462
462 211 462
462 462
462 586 462 463
462 256 462
462 145 462
462 586 462 462
463 463 463 462 701
462 462
462 408 462
463 462 463
462 701
463 463 462 701
462 256 462
462 462 211 462
701 462 561 462
462 701 462 701
462 462 561 462
463 462 463 463
462 308 462
462 701 462 701 462
462 561 462
462 462
462 408 462
462 701 462 308 462
462 586 462 463 462
463 463 463 463 462
701 462 463 463 463
462 586 462 462
462 545 462
462 545 462
462 463 463 463
463 463 463 463 462
701 462 430 462
463 463 462 701 462
462 586 462 462
462 462 701
462 701 462 701
462 463 463 463 462
462 82 282 546 462
701 462 462
701 462 701
701 462 701
463 462 701 462
462 462 462
462 561 462
462 463 462
462 586 462 463
462 254 462
462 561 462
462 586 462 462
462 462 462
462 430 462
463 463 463 463 463
462 430 462
462 586 462 463
462 462 463
462 462 463 462
463 462 463 463 463
462 561 462
462 82 282 546 462
463 462 463 463 463
462 701 462 463 462
463 462 463
462 463 463 463
462 586 462 462
463 462 701
701 462 701
462 701 462 463 463
462 463 463 462
701 462 701 462
462 586 462 463
462 463 463 463
876 564 876
462 430 308 462
462 82 282 546 462
462 701 462 308 462
463 463 463 463
463 463
462 701 462 701 462
701 462 463 463
701 462 701
701 462 462
463 463 463 463 463
462 430 462
701 462 463 463
463 463 462 701 462
462 308 430 462
463 463 463 463 463
462 701 462
463 462 701 462
701 462 463 463
462 462
462 701 462
463 463 463 462 701
701 462 463 462
462 308 430 462
462 463 462
701 462 463 462
462 462 701
701 462 463 463 462
701 462 701 462
462 586 462
462 430 308 462
463 463 463 463 462
701 462 463
463 462 463 463
701 462 561 462
463 463 463 463 462
463 462 463
701 462 430 462
463 462
463 462 701 462
462 82 282 546 462
463 462 561 462
462 462
462 430 462 561 462
462 462
462 586 462
463 462 463 463
462 430 462 561 462
462 463
463 463
701 462 701 462 463
463 463 462
462 256 462
462 701 462 308 462
462 701 462 463
463 463 462
462 701 462 561 462
462 701 462
462 430 462 561 462
462 256 462
462 586 462
701 462 145 462
463 463 463 463
701 462 701 462 463
463 463 462 701 462
462 561 462 561 462
463 463
701 462 308 462
701 462 701 462 463
701 462 463 463
462 586 462 463 462
463 462 561 462
462 586 462 462
462 211 462
462 701 462 308 462
462 463 463 463 462
701 462 701
462 513 462
462 211 462
462 701 462 463 463
462 701 462 701
463 463 462 701
462 586 462 463 462
462 430 462
701 462 701
701 462 430 462
701 462 701 462 463
463 463 463 463 462
462 256 462
701 462 462
463 462
462 462 463
462 463 462
463 463 463
463 462 463 463
701 462 701 462
462 430 308 462
462 462 463
462 462 463 462
462 462
462 256 462
701 462 430 462
462 430 462
463 463 463
462 145 462
701 462
462 701
462 308 462
462 462 463
701 462
463 463 463
463 462 462
701 462 462
462 430 462 561 462
462 463 463 463
462 254 462
462 463 463 463
701 462 430 462
462 701 462 308 462
462 462 701 462
462 256 462
462 463
462 701 462 701 462
462 586 462 463
462 145 462
462 701 462 561 462
462 701 462 463 462
462 463 463 463 463
701 462 701 462
463 462 701 462
462 463 463
462 561 462
701 462 701
701 462 463
701 462 463
701 462 463 463 463
462 430 462 561 462
463 463 463 463
462 308 430 462
701 462 561 462
462 463 463 463 462
462 308 430 462
462 462
463 462 462
701 462
462 701 462 308 462
462 463
462 254 462
462 586 462
462 463 463
463 462 561 462
701 462 145 462
462 211 462
463 462 463 463
701 462 463 463 463
463 462 701 462
463 463
462 462 463
463 462
463 463 462
463 462 463 463 463
463 463 462
462 561 462 561 462
462 701 462 561 462
462 145 462
462 462 701
462 463 463 463 462
462 463
463 463 462 701 462
462 462 561 462
463 463 462 701 462
462 430 462 561 462
462 430 308 462
462 256 462
701 462 145 462
463 462 462
462 586 462 463 462
462 430 462
463 462 463 463
462 586 462 463 462
701 462
462 701 462 561 462
462 462
462 462 463 462
462 463 462
462 462 561 462
463 462 462
462 408 462
462 254 462
462 545 462
462 463 463
462 430 308 462
462 145 462
462 463 462
701 462 701
462 545 462
463 462 463
462 462 462
462 545 462
462 463 462
463 462 463
462 586 462 463 462
701 462 463 463
462 586 462 463
462 462 211 462
462 586 462 462
463 462 463 463 463
701 462 430 462
462 463 463 462 701
701 462 701 462 463
462 308 462
701 462
462 701 462 462
463 462 463 463 463
463 463 463 462
462 701 462 701
701 462 701
462 430 308 462
463 463 463 463 463
463 462 463 463
462 308 430 462
701 462 463 462
701 462 463 463 463
462 586 462
701 462 701 462
462 513 462
463 463 463 463
462 408 462
462 82 282 546 462
462 145 462
462 513 462
463 463 462
701 462 462
462 701 462 308 462
701 462 701
701 462 463
701 462 430 462
462 462 211 462
462 701 462 561 462
462 701
462 430 308 462
701 462 701
462 463 463 463 463
876 564 876
463 462 462
701 462 701 462
462 308 462
701 462 701 462 463
462 701 462 701
462 701 462 561 462
462 463 463
462 463 463 462 701
462 701 462 463 463
462 701 462 701 462
462 513 462
701 462 463
701 462 463
463 462
462 513 462
462 256 462
463 463 463 463
462 701 462 701 462
462 463
462 254 462
701 462 701
462 462 561 462
462 463 463 463 462
701 462 463 463
701 462 430 462
462 462 463 462
462 254 462
701 462 462
462 462 211 462
701 462 462
876 564 876
462 145 462
463 463 463 463 462
462 701 462 463 463
463 462 463
462 463 463 462 701
462 462
462 145 462
701 462 463 462
463 463 462
462 586 462
462 308 462
462 462 701 462
701 462 561 462
462 408 462
462 463 463 462
701 462
463 462 463
463 462 701
701 462 145 462
462 513 462
462 463 463
701 462 463 463
462 701 462 462
701 462 462
462 701 462 308 462
462 463
462 463 463 462 701
463 462 701
463 463 463 462 701
462 211 462
462 408 462
462 256 462
462 462 463 462
462 462 211 462
463 462 561 462
462 462 701 462
462 586 462
463 462 463
463 463 463 462 701
463 463 462
462 586 462 463
701 462 463 463 463
462 462 463
462 701 462 701
462 586 462
463 462 561 462
701 462 463 463 463
463 462 701
462 701
462 463
462 462 701 462
463 462 701 462
463 463 463
462 408 462
463 462 701 462
462 463 463 462 701
462 462
462 430 308 462
462 211 462
463 463 462 701 462
701 462 463 462
701 462 463 463 463
463 463 462 701 462
463 462 561 462
701 462 308 462
462 463 463 462 701
462 463 463 463 462
462 430 462
462 701 462 463 463
463 463 463 463
463 462 462
701 462 463 463 463
462 145 462
462 462 561 462
462 308 430 462
463 463 463 462 701
701 462 463 462
701 462 463 463 463
463 462 463 463
463 462 462
462 463
462 430 462
462 462 462
463 463 462 701 462
462 701 462 701 462
701 462
463 462
462 462 463
463 462 701 462
701 462 701
462 463 463 463 463
462 462 462
462 463 463 462 701
701 462 701 462 463
462 145 462
462 308 430 462
462 462 561 462
701 462 701
462 308 462
701 462
462 701 462 701 462
462 462 462
462 701 462 701
463 463 463 463
462 462 463 462
463 462 701
462 463 463 463
462 462 561 462
462 462 463
463 463 463 462 701
463 462 463
463 463 463 463 462
463 463
462 463 463 463 462
462 561 462
462 430 308 462
462 430 308 462
701 462 701 462 463
462 256 462
463 462 701
462 463 463 463
701 462 463
701 462 308 462
701 462 462
462 586 462
462 701 462 463
462 430 308 462
463 463
701 462 701 462
463 463 463 463
462 256 462
462 586 462 463 462
701 462 701 462
463 463 462 701 462
463 462 463 463
462 462 701
462 463 463 462
701 462 701
462 462 561 462
462 430 462
462 462 211 462
462 462 701 462
462 701 462 701
462 254 462
462 586 462 462
701 462 430 462
462 701
462 586 462 463 462
462 462 462
462 462 701 462
462 256 462
462 430 462 561 462
701 462 463 463
463 463 463
462 586 462 463
462 462
701 462 463
463 462
462 256 462
462 463 463 462
462 701 462 462
701 462 430 462
876 564 876
462 462 462
463 462
701 462 462
462 254 462
463 463 463 463
463 462 463 463 463
462 462
462 463 463 463
462 701 462 462
701 462 701 462 463
462 462 701 462
701 462 463 463 463
701 462 463 462
463 463 463 463
462 462 561 462
462 82 282 546 462
462 561 462 561 462
462 430 308 462
462 701
462 463 463 463
462 586 462 463
463 462 463 463
462 463 463 462 701
463 462
462 462 701
462 701 462 701 462
462 256 462
701 462 463 463 463
462 462 463
701 462 462
701 462 463
701 462 463 463 463
463 462
462 463 463 462
462 586 462
701 462 463
701 462 430 462
463 462 463 463
462 701 462 701 462
462 463 463 462 701
463 463
463 463 463 463 462
462 430 462 561 462
462 462 463
462 701 462 701
462 701 462 463 463
462 586 462 463
462 462 701
462 462 211 462
462 586 462 463 462
462 462
462 430 462
462 463 463
701 462 463 463 462
462 701 462 463 462
462 701 462 463 463
701 462 701 462 463
462 701 462 701 462
463 463 463 462 701
701 462 463 463 463
701 462 430 462
462 701 462 463 462
462 145 462
462 462 561 462
463 462 561 462
462 701 462 701 462
462 513 462
462 211 462
462 308 462
463 462 561 462
463 463 463 463 463
462 211 462
701 462 701 462
701 462 308 462
701 462 145 462
463 462 463
462 463 463 463 462
463 463 462 701 462
463 463 463 462
462 463 463 463 462
462 462 211 462
462 462 463 462
463 463 463 462 701
462 701 462 561 462
463 462
462 430 308 462
462 586 462 462
462 462 463 462
462 463 463 463 462
701 462 561 462
462 586 462 462
462 462 211 462
462 545 462
462 463 463 463
463 462 463 463
463 463
463 462 561 462
462 701 462 701 462
462 701 462 701 462
463 463 463 463
701 462 701 462 463
462 463 463 463 462
462 545 462
463 463
462 463 463 463 463
462 586 462 463
462 462 701 462
462 462 211 462
462 586 462
462 462
463 463 462
701 462 463
701 462 308 462
462 82 282 546 462
462 701 462 462
462 586 462 463
462 545 462
463 462
462 463
462 545 462
701 462 463 463 462
463 463 462 701 462
463 462 463
463 463 462
701 462 463 463
701 462 463 463 463
876 564 876
462 463 463 463 463
463 462 462
701 462 463 463 463
462 308 430 462
462 545 462
462 462 561 462
463 462 463 463
701 462
462 701 462 463
462 211 462
701 462 701 462 463
463 463 462 701
462 463 463 462
463 463 463 463 462
463 463 463 463 462
701 462 701 462
701 462 463 463 463
462 513 462
462 430 308 462
462 701 462 463 462
462 462 701
462 701 462 701
463 463 462 701
462 701 462 308 462
462 430 462 561 462
463 463 462 701 462
701 462 463 463
462 463 463 462
462 462 463
463 462 463
463 463 463
463 462 463 463
463 463 462 701
463 463 462 701
462 463 463 462
462 308 462
463 463 463 462 701
463 463 462 701
463 463 463
462 254 462
701 462 561 462
463 463 463 463 462
462 513 462
462 586 462 462
463 463 463 463
462 561 462
701 462 701 462
462 586 462 463
462 463 463 462
462 308 430 462
462 462 561 462
462 701 462 463 463
701 462 463 462
876 564 876
462 701
701 462 701 462
701 462 463 463 463
701 462
462 145 462
462 701 462 701 462
462 463 463 462 701
463 463 463 463 463
462 463 463 462
701 462 701
462 561 462 561 462
701 462 145 462
701 462 145 462
462 463 463 462 701
701 462 462
463 462 463 463 463
462 462
462 561 462 561 462
463 463 462 701
462 463 462
462 463 463
462 463 463 462
462 561 462
462 701 462 701 462
462 308 430 462
463 463 463 463 463
462 561 462 561 462
462 430 462
462 462 701 462
463 462 463 463
462 256 462
463 462 701
463 462 463
463 462
462 430 462 561 462
462 254 462
462 701 462 701 462
463 462 561 462
463 463 463
462 463 463 463
463 462 561 462
462 463 463
701 462 463 463
462 463 463 462 701
462 561 462
462 701 462 463 462
463 462 463 463 463
462 462 701
462 463 463
463 462 561 462
463 462 462
463 463 463 463 462
701 462 561 462
462 408 462
462 462 463 462
462 462 211 462
462 586 462 462
462 586 462 462
462 701 462 462
462 561 462 561 462
462 462 701 462
701 462 463 462
462 430 308 462
462 701
462 462 463 462
701 462 463
462 463 463 462
463 462 462
463 463 463 462 701
701 462 145 462
701 462 463 463
463 463
462 256 462
462 430 462
463 462 463
701 462
463 463
462 430 308 462
462 430 308 462
701 462 463 463
462 462 701
462 463 463 462
463 463 462 701 462
701 462 463 463 462
463 463 463 463 462
463 462 463 463
462 561 462
462 463 463 462
701 462 463 463 463
701 462 463 463
701 462 701
462 462 211 462
463 462 701 462
462 308 430 462
462 701 462 463
462 430 462 561 462
701 462 701
701 462 463 462
462 701 462 463
463 462 463 463 463
462 701 462 561 462
462 462 561 462
462 462 701 462
462 254 462
462 701 462 561 462
463 462
462 462
462 463 463
701 462 463
462 463 463 463 463
462 82 282 546 462
462 408 462
701 462 561 462
463 462 462
462 701 462 463 463
463 463 462 701
462 701 462 701 462
463 462 463
462 701 462 561 462
463 463 462 701 462
701 462 561 462
462 545 462
462 462 701
463 463 462 701
462 586 462
462 586 462 462
462 586 462
462 463 463 463 462
463 463 463 463
462 462 462
463 463 462
701 462 463 463
462 586 462 463 462
463 463
463 463 462 701
462 430 308 462
462 701 462 462
462 586 462 462
701 462 463 463
701 462 561 462
876 564 876
462 701 462 463
463 463 462 701 462
701 462 430 462
462 701 462 561 462
462 561 462 561 462
462 701 462
701 462 463 463 462
463 463 463 462 701
462 462 561 462
462 586 462
462 463 463 462
462 430 308 462
462 561 462
462 462 561 462
462 462 701
462 430 462
462 430 462
463 462 463
701 462 462
463 463 463 463
462 430 462
701 462 701 462 463
462 463
876 564 876
462 462 211 462
462 430 462
463 462 561 462
462 462 462
462 463 463 462
462 308 430 462
463 462 463 463
462 463 463 463 462
462 545 462
462 462 211 462
462 462 462
463 463 463 462
462 586 462 463 462
463 462 701 462
462 463 462
462 430 308 462
462 561 462 561 462
701 462 430 462
701 462 463 462
701 462 145 462
701 462 561 462
462 463 463 463
462 462 561 462
462 463 463 462
463 463 462 701 462
462 462 463
701 462 430 462
462 701 462 463 463
462 430 462 561 462
463 462 463
462 463
462 701
462 463
462 462 463 462
463 462 462
462 462 561 462
462 586 462 463
462 462 701
462 256 462
701 462 308 462
462 513 462
462 463 463 463 462
701 462 430 462
462 463 463 463 462
462 463 462
462 463 462
462 462 463 462
462 586 462 462
462 430 462
462 586 462
463 462 463
462 308 430 462
701 462 561 462
462 82 282 546 462
701 462 463 463 463
462 701 462 701
463 463 463 463 463
462 82 282 546 462
462 701 462 701 462
701 462 463
701 462 701 462
462 462 463 462
462 462 463
462 561 462
463 463 463 463
462 463 463 463 463
462 463 463 462
701 462 701
462 463
462 701
462 256 462
462 462 463
463 463 463 463
701 462 308 462
463 463 462
462 513 462
463 462 462
463 463 463 462 701
462 561 462
463 462 463 463
462 701 462 308 462
462 561 462
462 701 462 701
462 586 462 463 462
462 256 462
462 701 462 462
701 462 701
462 82 282 546 462
463 463 463 463 463
463 462 462
462 701 462 463 463
462 82 282 546 462
462 701 462 701 462
463 463
462 586 462 463 462
463 462 463
