726 316 253
560 222 187 316 253
560 459 253
560 229 560
560 313 85 726
253 106 560 775 560
726 62 726
560 329 560
471 472 471
560 221 560
253 106 726
726 189 253
560 224 160 471
560 20 560
253 607 471
253 75 560
560 276 560
560 75 560
560 386 295 560
726 107 726
560 313 560
253 21 64 142 560
560 29 560
560 341 560
726 85 726
253 87 253
726 62 726
759 459 759
560 19 856 560
560 66 560
560 358 560
253 17 253
560 42 560
253 75 560
560 386 560 775 560
560 221 560
560 66 560
253 17 253
560 810 560
507 507 298 507
560 75 253
471 810 560
560 1002 560 1002 560
253 21 106 560
560 400 560
560 106 253
560 295 560
253 615 253
726 314 62 726
560 276 560
560 0 560
253 222 17 386 560
560 283 314 726
560 358 560
253 20 560
726 316 560 276 560
560 106 253
253 21 283 560
560 386 560 775 560
253 316 560
471 810 560
253 106 560 775 560
471 255 471
560 400 560
726 106 283 726
253 283 560
831 258 253
253 222 253
253 222 253
560 341 311 373 253
560 459 0 313 560
831 258 253
560 474 560
471 810 471
831 258 253
560 75 75 48 560
560 386 295 560
759 459 316 560
253 21 283 560
507 243 537 315 253
560 1 726
560 222 255 255 471
726 612 84 560
253 222 560
726 1 560
471 607 471 607 560
560 27 560
471 607 560
471 255 471
560 66 984 66 560
253 106 64 419 253
471 607 42 21 560
726 316 560
560 295 450 329 560
253 21 106 560
560 459 0 313 560
471 607 42 21 560
560 496 560
560 73 560
471 810 471
253 607 253
726 314 507
560 106 298 507
253 17 253
560 313 560
253 21 283 560
560 313 85 726
560 27 560
507 507 298 507
560 313 560
726 160 66 560
560 29 560
560 20 480 39 560
726 160 66 560
560 328 474 560
471 434 253
560 358 560
560 73 560 75 253
253 75 560
560 328 474 560
560 21 518 283 253
560 42 560
726 314 507
471 607 87 810 560
507 243 537 315 253
726 726
471 255 471
560 341 560
560 295 450 329 560
726 316 695 85 507
560 496 560
726 726
560 1 560
253 222 560
560 276 560
560 19 560
726 62 253
560 42 560
726 62 180 121 759
253 283 560
560 313 560
560 295 450 329 560
726 316 695 85 507
726 212 87 253
560 496 560
253 227 253
253 20 560
560 75 560
560 20 253
560 1 224 560
560 106 726
726 316 253
560 21 671 80 253
253 21 106 560
726 314 507
560 75 560
560 474 560
560 142 253
560 40 560
560 295 450 329 560
726 316 695 85 507
560 386 295 560
253 259 253
507 507 298 507
560 29 560
560 84 471
253 21 106 560
726 189 253
560 295 471
560 222 253
560 19 856 560
471 607 471 607 560
507 507 243 507
726 212 87 253
560 313 85 726
726 212 87 253
726 726 1 560
253 315 695 227 253
560 211 215 560
726 160 66 560
253 607 471
560 328 474 560
471 84 75 253
560 27 560
560 341 560
507 507 243 507
560 20 480 39 560
560 66 984 66 560
560 386 560 775 560
560 474 560
507 298 507
253 607 253
253 84 560
560 1 224 560
560 75 75 48 560
726 1 560 328 560
726 5 21 560
253 607 471
253 106 560
471 607 42 21 560
560 39 560
253 283 560
560 20 480 39 560
726 1 142 1 726
253 932 253
726 612 84 560
759 459 316 560
560 1 726
560 222 255 255 471
560 386 560
560 229 560
560 276 560
471 84 75 253
726 189 253
560 48 560
471 810 471
560 341 560
560 313 85 726
253 84 560 810 560
560 313 560
507 507 243 507
253 21 283 560
726 160 66 560
471 810 471
253 106 560
253 315 695 227 253
253 84 560
560 224 160 471
560 386 560
560 222 255 255 471
831 258 831
560 0 560
726 314 62 726
560 329 129 166 253
471 434 253
560 295 471
726 316 253
507 243 507
507 513 507
253 21 283 560
560 106 253
253 75 560
471 607 87 810 560
560 19 570 12 560
560 295 450 329 560
560 328 560
560 400 560
560 313 560
560 775 560 775 560
726 316 560 276 560
726 316 560 276 560
726 316 695 85 507
253 315 695 227 253
726 316 253
253 17 253
253 259 253
560 221 560
560 48 560
560 386 560 1002 560
560 283 314 726
560 400 560
253 615 253
831 258 253
560 313 560
471 810 471
253 87 253
560 283 314 726
253 222 17 386 560
726 314 62 726
726 85 726
560 222 253
560 459 253
560 66 560
560 775 560 775 560
253 607 253
726 212 87 253
253 106 64 419 253
471 810 560
560 66 984 66 560
253 316 560
560 810 560
560 607 471
560 607 560
560 607 253
253 315 695 227 253
253 87 253
471 607 560
560 221 73 560
253 83 253
507 243 537 315 253
726 1 560 328 560
560 1 224 560
471 255 471
560 1002 560 1002 560
560 283 314 726
726 189 253
726 314 507
560 295 471
726 106 283 726
560 474 560
560 1002 560
560 607 560
560 229 170 875
253 373 253
560 229 170 875
560 386 560
726 612 84 560
507 298 507
560 329 419 253
253 373 253
560 73 560 75 253
560 810 560
253 184 253
560 386 295 560
560 222 255 255 471
471 607 560
726 62 726
560 20 480 39 560
726 314 507
253 20 560
560 224 160 471
560 40 560
560 607 222 314 726
253 20 560
560 295 450 329 560
726 62 253
560 221 560
253 21 283 560
560 1 560
471 810 471
471 607 253
560 73 560 75 253
253 316 560
560 211 215 560
471 295 560
560 328 560
726 316 560 276 560
253 283 560
253 106 726
560 229 560
507 507 507
560 229 170 875
726 316 253
726 212 87 253
253 83 253
507 243 507
253 87 253
471 810 560
560 341 311 373 253
560 341 311 373 253
560 211 215 560
253 222 253
507 243 507
507 298 507
560 40 560
507 507 298 507
560 607 471
560 20 480 39 560
507 507
560 224 224 224 560
253 316 560
253 607 253
253 222 17 386 560
560 1002 560
726 316 695 85 507
253 184 253
726 316 560
560 358 560
560 221 73 560
759 459 316 560
726 316 560
726 62 253
560 20 253
560 75 253
560 222 253
560 19 560
253 21 283 560
560 20 253
507 507 507 298 507
726 726 1 560
253 21 283 560
726 160 66 560
253 184 253
831 258 831
253 20 560
726 106 283 726
726 1 560 328 560
471 607 471
560 221 73 560
253 21 64 142 560
560 218 560
560 21 671 80 253
253 607 253
560 42 560
726 314 507
726 282 253
253 106 726
560 386 560 1002 560
471 607 560
759 459 759
253 84 560
560 20 560
560 1 224 560
560 400 560
560 21 518 283 253
560 221 73 560
253 259 253
560 329 129 166 253
560 1002 560
726 189 253
560 459 0 313 560
253 418 253
253 259 253
507 243 507
726 1 560
471 607 560
560 21 518 283 253
560 222 187 316 253
253 932 253
560 607 471
253 259 253
253 184 253
560 607 560
726 5 21 560
560 775 560 775 560
560 775 560 775 560
560 19 560
471 84 75 253
471 421 471
253 222 560
253 418 253
560 313 560
560 142 253
560 276 560
560 775 560
560 329 419 253
560 1 726
560 607 560
253 83 253
471 607 253
560 0 560
253 373 253
560 106 253
726 212 87 253
560 386 295 560
560 106 298 507
560 386 295 560
253 83 253
560 12 560
253 184 253
253 121 1 560
253 615 253
560 295 450 329 560
253 259 253
253 20 560
560 222 255 255 471
560 19 560
560 222 187 316 253
253 106 560
471 434 253
471 421 471
560 222 253
560 810 560
560 19 856 560
253 283 726
560 1 560
726 212 87 253
726 107 726
560 313 85 726
471 607 471 607 560
560 48 560
253 106 560
560 341 311 373 253
560 607 222 314 726
726 316 560
726 62 253
560 75 253
726 316 560 276 560
471 295 560
560 386 295 560
253 184 253
560 607 222 314 726
560 328 560
253 283 726
560 295 471
253 222 560
253 21 283 560
560 295 471
560 19 560
726 106 283 726
560 20 253
560 400 560
726 62 726
253 106 560 775 560
253 315 695 227 253
726 1 142 1 726
253 932 253
560 229 170 875
471 607 253
253 75 560
560 221 73 560
726 1 560
560 295 450 329 560
560 39 560
560 459 0 313 560
726 612 84 560
560 1002 560 1002 560
253 184 253
253 87 253
726 1 560
560 1 726
253 333 48 75 560
253 21 64 142 560
560 336 560
560 42 560
560 211 215 560
253 83 253
560 218 560
253 17 253
560 607 471
726 282 253
253 333 48 75 560
560 295 450 329 560
471 607 42 21 560
471 434 253
471 810 560
726 62 726
471 810 471
560 211 215 560
560 775 560
560 775 560 775 560
560 341 560
253 259 253
253 106 560 775 560
726 612 84 560
253 283 726
560 75 560
471 84 75 253
253 607 253
726 107 726
560 221 73 560
253 21 106 560
253 106 64 419 253
507 298 507
726 85 726
726 107 726
253 84 560 810 560
560 73 560
560 84 471
253 21 283 560
726 62 180 121 759
253 106 726
253 418 253
253 607 253
253 418 253
560 42 560
560 42 560
507 298 507
726 726
560 607 253
560 224 160 471
253 106 64 419 253
560 84 471
726 212 87 253
560 295 471
560 328 474 560
726 62 253
560 459 253
560 222 253
726 5 21 560
560 810 560
560 358 560
560 211 215 560
726 160 66 560
726 314 62 726
471 810 560
726 160 66 560
560 21 518 283 253
831 258 253
253 21 283 560
471 434 253
726 314 507
253 84 560 810 560
560 20 560
560 106 298 507
726 282 253
560 75 75 48 560
507 243 537 315 253
560 224 224 224 560
831 258 253
726 1 142 1 726
726 212 87 253
759 459 759
560 142 253
471 810 560 775 560
471 810 471
471 607 560
471 810 560
726 62 253
471 421 471
560 29 560
253 227 253
253 333 48 75 560
560 1002 560 1002 560
560 400 560
726 5 21 560
726 316 695 85 507
560 106 253
253 17 253
560 329 129 166 253
560 75 560
726 62 726
726 316 695 85 507
560 211 215 560
560 75 253
560 73 560
560 19 560
560 1002 560 1002 560
759 459 759
471 607 253
560 12 560
560 329 560
560 21 671 80 253
560 313 560
560 1 560
560 20 480 39 560
507 243 507
253 373 253
726 62 180 121 759
759 459 759
560 142 253
560 19 560
253 21 283 560
253 222 560
253 75 560
560 27 560
560 222 187 316 253
253 20 560
253 615 253
726 316 560 276 560
831 258 253
253 227 253
253 83 253
253 283 726
471 810 560
560 39 560
560 73 560 75 253
253 84 560
560 106 726
560 27 560
560 20 560
471 472 471
560 19 560
507 513 507
560 386 560 1002 560
560 775 560 775 560
560 1 726
726 316 560 276 560
560 229 170 875
560 1 224 560
560 459 253
253 418 253
560 400 560
560 607 471
253 316 560
560 73 560
560 336 560
507 507 507 298 507
253 615 253
560 20 253
726 282 253
253 259 253
471 421 471
560 607 222 314 726
726 726 1 560
471 810 471
726 189 253
560 222 187 316 253
560 336 560
471 607 253
560 20 480 39 560
560 19 570 12 560
560 20 253
726 1 560
471 434 253
560 459 253
560 222 253
560 0 560
560 329 129 166 253
560 75 253
560 27 560
726 316 560
560 775 560 775 560
507 507 507
726 726
560 27 560
726 62 180 121 759
560 313 85 726
726 160 66 560
560 329 419 253
560 20 480 39 560
560 84 471
253 315 695 227 253
560 607 560
726 314 507
726 5 21 560
560 607 222 314 726
560 106 726
471 434 253
560 341 311 373 253
507 507 507
726 107 726
560 20 560
560 496 560
253 316 560
560 20 560
560 19 856 560
726 62 726
560 20 480 39 560
253 932 253
253 373 253
560 142 253
726 85 726
507 507 507
560 211 215 560
471 607 253
560 12 560
759 459 759
253 106 726
253 83 253
560 283 314 726
726 316 253
726 160 66 560
560 27 560
560 329 129 166 253
471 810 471
507 513 507
726 726 1 560
253 227 253
253 373 253
726 314 507
253 184 253
560 386 295 560
726 282 253
253 21 283 560
253 259 253
253 932 253
726 106 283 726
560 73 560
560 329 560
560 386 560
560 459 253
560 386 560 1002 560
560 607 560
253 106 560 775 560
253 184 253
471 607 471
560 313 85 726
560 607 471
560 329 129 166 253
471 810 560
253 20 560
560 341 560
560 12 560
726 160 66 560
253 21 64 142 560
471 255 471
560 73 560 75 253
560 329 419 253
560 66 560
253 227 253
560 1 224 560
726 212 87 253
560 295 450 329 560
560 29 560
560 341 560
253 84 560
726 316 253
560 775 560
507 513 507
560 810 560
253 17 253
560 20 560
471 810 471
253 21 106 560
560 222 187 316 253
560 211 215 560
253 315 695 227 253
471 295 560
560 328 560
726 316 695 85 507
253 607 253
726 212 87 253
471 607 42 21 560
560 1 224 560
560 400 560
560 39 560
507 507 507 298 507
560 20 560
471 607 471
560 42 560
560 106 253
253 315 695 227 253
726 726 1 560
726 612 84 560
471 255 471
560 1 224 560
560 75 560
253 259 253
253 315 695 227 253
831 258 831
560 66 984 66 560
507 507 298 507
560 222 255 255 471
560 75 75 48 560
253 106 726
560 66 560
726 612 84 560
471 810 471
253 283 560
507 298 507
560 106 298 507
253 121 1 560
560 386 560 1002 560
253 607 471
253 83 253
253 184 253
726 212 87 253
759 459 759
726 1 560
560 1 560
560 810 560
253 17 253
560 400 560
471 472 471
560 21 671 80 253
253 222 253
253 283 726
560 27 560
560 224 160 471
560 75 560
560 106 726
726 612 84 560
560 328 560
726 5 21 560
560 224 160 471
507 507 298 507
507 513 507
560 1 224 560
560 224 224 224 560
726 85 726
560 1 224 560
560 329 129 166 253
726 106 283 726
471 607 471 607 560
507 507
560 84 471
560 459 0 313 560
560 386 560
560 276 560
560 1 224 560
253 607 253
253 75 560
726 726
726 62 180 121 759
507 513 507
471 607 471 607 560
560 218 560
726 62 180 121 759
253 283 726
471 255 471
253 259 253
253 106 64 419 253
726 85 726
560 341 560
253 333 48 75 560
560 295 471
726 62 180 121 759
560 12 560
560 106 726
253 607 253
560 142 253
560 341 311 373 253
471 295 560
560 1 726
560 106 726
726 106 283 726
560 218 560
471 607 42 21 560
560 229 170 875
560 1 726
560 106 253
560 328 560
560 20 253
560 27 560
560 42 560
560 106 253
560 276 560
253 932 253
560 276 560
726 1 560 328 560
831 258 253
831 258 831
560 810 560
253 21 64 142 560
507 507 507
560 19 856 560
560 224 224 224 560
471 607 42 21 560
560 775 560
560 39 560
253 222 560
471 607 471
471 472 471
560 329 419 253
560 40 560
726 62 726
507 243 507
560 283 314 726
560 66 560
560 39 560
560 39 560
726 314 507
726 612 84 560
253 607 253
560 328 474 560
253 932 253
560 20 560
560 106 726
560 222 253
471 810 560 775 560
560 73 560 75 253
560 1002 560 1002 560
507 507 507 298 507
253 20 560
253 121 1 560
560 1 726
560 329 560
253 21 283 560
560 328 474 560
560 386 560
253 106 560
560 341 560
253 20 560
560 1002 560 1002 560
560 222 187 316 253
560 341 560
560 496 560
253 21 106 560
253 932 253
560 283 314 726
253 17 253
560 40 560
507 507 507 298 507
560 607 560
726 316 695 85 507
560 20 560
560 42 560
726 1 560 328 560
471 607 560
560 341 560
471 607 560
560 328 560
507 507 507
560 358 560
560 106 726
726 1 142 1 726
560 19 856 560
560 218 560
726 1 560 328 560
560 21 518 283 253
253 84 560 810 560
560 221 560
560 222 187 316 253
560 295 450 329 560
560 386 560 775 560
560 386 560 775 560
253 21 64 142 560
507 507
560 224 160 471
726 5 21 560
560 386 560 775 560
253 84 560
560 607 253
726 1 560 328 560
726 189 253
560 386 560 1002 560
253 87 253
560 329 419 253
471 607 471
560 19 570 12 560
253 106 560 775 560
560 73 560 75 253
726 314 507
726 1 560
560 607 222 314 726
726 160 66 560
560 20 560
560 229 170 875
560 221 560
560 1 560
560 106 298 507
726 316 560
253 283 726
471 607 42 21 560
253 283 726
471 472 471
253 283 560
726 160 66 560
253 87 253
560 21 518 283 253
726 282 253
253 222 253
471 295 560
253 106 64 419 253
560 221 560
831 258 253
471 607 471
726 106 283 726
471 607 42 21 560
253 333 48 75 560
560 66 984 66 560
726 189 253
253 84 560 810 560
560 607 253
726 1 142 1 726
560 328 560
726 1 560
560 75 560
560 1 224 560
560 283 314 726
560 358 560
560 328 560
759 459 759
560 336 560
560 75 75 48 560
560 221 560
560 386 560 1002 560
560 20 480 39 560
253 84 560 810 560
471 255 471
560 229 560
253 106 726
726 62 180 121 759
560 474 560
253 87 253
726 726
560 218 560
726 314 62 726
253 373 253
253 418 253
507 243 507
560 211 215 560
560 0 560
253 106 560 775 560
560 328 474 560
726 85 726
560 222 253
471 607 560
726 726 1 560
726 62 726
507 243 537 315 253
560 84 471
560 329 560
831 258 253
507 507 243 507
726 316 560
471 434 253
560 75 253
253 333 48 75 560
759 459 759
726 314 507
726 85 726
560 73 560 75 253
253 283 560
560 40 560
471 810 560 775 560
560 73 560 75 253
253 83 253
726 316 560
560 224 224 224 560
560 106 253
726 62 726
560 20 480 39 560
253 316 560
560 19 560
560 386 560
471 255 471
253 373 253
560 142 253
507 243 507
253 333 48 75 560
507 507 507 298 507
253 84 560 810 560
560 313 560
560 142 253
560 329 129 166 253
726 189 253
560 106 298 507
560 142 253
560 328 474 560
560 328 474 560
253 316 560
507 513 507
560 29 560
560 27 560
726 85 726
560 607 471
560 295 450 329 560
253 615 253
560 229 170 875
471 810 560 775 560
560 459 0 313 560
253 418 253
253 222 560
560 29 560
726 106 283 726
560 328 560
560 19 570 12 560
560 21 671 80 253
471 434 253
560 313 85 726
560 386 560 1002 560
560 329 419 253
560 221 73 560
560 295 560
253 106 726
253 83 253
726 107 726
253 227 253
253 315 695 227 253
560 459 0 313 560
253 227 253
560 75 75 48 560
560 66 984 66 560
560 607 253
253 75 560
560 21 671 80 253
560 20 480 39 560
726 282 253
560 21 518 283 253
726 189 253
560 12 560
560 386 560 1002 560
253 21 283 560
560 496 560
507 507 507
726 62 726
560 21 518 283 253
253 21 283 560
560 341 560
560 221 560
560 496 560
507 507
560 218 560
507 507 298 507
507 507 507 298 507
560 48 560
471 607 87 810 560
560 75 560
560 106 298 507
560 19 856 560
560 810 560
560 358 560
507 298 507
253 75 560
253 21 283 560
560 775 560
507 507 507
560 222 255 255 471
471 255 471
726 316 560
560 459 0 313 560
560 224 160 471
560 459 0 313 560
726 316 560
560 329 419 253
831 258 253
560 73 560 75 253
471 607 471 607 560
759 459 759
560 283 314 726
253 17 253
560 224 160 471
726 85 726
560 313 560
253 87 253
507 243 537 315 253
831 258 831
253 932 253
471 607 471
560 106 298 507
253 315 695 227 253
560 810 560
560 1 560
471 607 471 607 560
253 227 253
726 85 726
726 212 87 253
560 20 560
560 810 560
560 106 298 507
560 48 560
253 316 560
560 39 560
759 459 759
560 400 560
560 1002 560
560 106 726
726 62 726
507 507 298 507
560 358 560
560 75 560
253 20 560
726 107 726
253 84 560 810 560
560 20 253
560 386 560 775 560
560 19 560
253 315 695 227 253
560 386 560 1002 560
560 607 560
560 459 0 313 560
726 62 253
507 507 507
253 333 48 75 560
560 218 560
471 607 560
726 316 695 85 507
471 607 87 810 560
560 386 295 560
560 21 671 80 253
253 106 726
253 21 106 560
560 1 224 560
726 726
560 283 314 726
560 224 224 224 560
471 607 471
253 222 253
253 84 560
560 20 480 39 560
471 607 253
726 1 142 1 726
560 221 73 560
253 259 253
253 83 253
560 221 73 560
507 513 507
560 341 560
560 336 560
560 222 253
471 607 42 21 560
560 329 129 166 253
560 386 560 1002 560
560 1 224 560
560 218 560
253 184 253
726 726 1 560
560 459 253
560 229 170 875
507 507 298 507
253 283 560
253 75 560
726 189 253
471 472 471
560 283 314 726
560 386 560 1002 560
560 75 253
560 29 560
253 615 253
560 295 450 329 560
560 224 224 224 560
726 282 253
560 229 560
560 341 311 373 253
560 386 560
253 607 253
253 316 560
560 386 560 1002 560
560 84 471
560 775 560
560 21 518 283 253
253 83 253
253 222 253
560 775 560 775 560
471 607 471 607 560
560 295 471
253 227 253
253 373 253
560 775 560 775 560
560 341 560
507 298 507
560 42 560
253 17 253
726 1 560
560 283 314 726
560 276 560
726 282 253
560 19 570 12 560
560 607 253
253 106 64 419 253
471 472 471
253 259 253
560 222 187 316 253
560 295 471
253 607 471
253 283 726
560 283 314 726
507 507 507 298 507
471 810 560 775 560
471 810 560 775 560
253 932 253
253 84 560
253 75 560
560 341 560
560 1002 560 1002 560
726 316 695 85 507
726 316 560 276 560
560 386 295 560
507 507 507 298 507
471 434 253
560 341 311 373 253
253 283 726
560 222 255 255 471
253 932 253
253 222 253
726 314 62 726
507 298 507
253 418 253
471 295 560
560 221 73 560
471 421 471
471 434 253
560 221 560
560 224 224 224 560
253 418 253
253 21 283 560
507 243 507
560 386 295 560
560 222 187 316 253
560 21 518 283 253
726 106 283 726
560 459 253
560 496 560
253 21 106 560
726 5 21 560
560 607 253
560 810 560
253 607 471
560 73 560
253 222 17 386 560
471 607 560
726 1 560
507 507 298 507
560 224 224 224 560
560 42 560
253 21 106 560
471 421 471
560 313 560
560 1 726
253 373 253
560 328 474 560
759 459 759
726 160 66 560
471 255 471
560 66 560
253 227 253
560 459 0 313 560
471 472 471
253 20 560
560 222 187 316 253
560 75 75 48 560
560 106 298 507
560 27 560
831 258 253
726 316 560 276 560
253 222 253
253 121 1 560
560 75 560
471 434 253
253 615 253
253 184 253
560 224 224 224 560
560 142 253
560 75 253
560 1002 560
507 513 507
471 607 560
560 775 560
726 62 180 121 759
253 83 253
560 224 224 224 560
471 607 42 21 560
560 313 85 726
560 607 222 314 726
253 259 253
560 222 187 316 253
560 29 560
831 258 831
560 19 856 560
253 21 64 142 560
253 21 64 142 560
726 316 253
253 106 64 419 253
726 62 726
253 121 1 560
560 341 311 373 253
560 1002 560
253 106 726
726 314 507
560 607 253
253 17 253
560 218 560
253 106 560 775 560
726 85 726
726 107 726
560 29 560
253 84 560 810 560
471 607 471 607 560
560 459 0 313 560
560 295 471
253 283 726
560 328 560
253 184 253
560 29 560
560 221 560
253 283 726
560 66 984 66 560
471 421 471
560 775 560
759 459 759
560 42 560
831 258 831
560 40 560
726 1 560
560 20 480 39 560
560 73 560 75 253
507 507 243 507
560 224 160 471
560 21 518 283 253
253 21 283 560
560 1002 560 1002 560
560 459 253
726 160 66 560
560 341 560
253 607 253
253 106 64 419 253
560 229 560
560 66 560
560 222 187 316 253
560 222 253
726 316 560 276 560
507 243 537 315 253
560 66 560
560 1002 560 1002 560
726 5 21 560
471 421 471
471 472 471
471 472 471
507 507 507
560 283 314 726
831 258 253
560 283 314 726
560 20 560
253 84 560 810 560
253 83 253
726 314 62 726
726 726 1 560
253 607 253
471 295 560
507 507 507 298 507
560 106 298 507
253 21 64 142 560
560 775 560 775 560
253 227 253
471 421 471
560 222 253
560 222 253
253 932 253
560 358 560
726 316 560
507 513 507
759 459 316 560
471 607 471 607 560
560 222 253
726 316 560
726 212 87 253
759 459 759
560 1 224 560
726 316 560 276 560
560 142 253
253 21 64 142 560
560 73 560 75 253
560 607 222 314 726
471 607 42 21 560
726 212 87 253
831 258 253
560 19 560
560 19 856 560
253 227 253
471 295 560
560 358 560
726 314 507
560 73 560
726 1 142 1 726
471 472 471
560 224 224 224 560
253 184 253
560 386 295 560
471 607 471 607 560
253 84 560
726 1 142 1 726
560 66 560
253 932 253
560 73 560 75 253
560 459 253
253 222 560
560 42 560
560 229 170 875
560 66 560
471 255 471
253 121 1 560
560 218 560
471 607 471 607 560
560 20 560
507 507 243 507
560 19 570 12 560
253 83 253
560 386 560 775 560
726 316 253
560 84 471
253 222 17 386 560
253 418 253
726 282 253
560 42 560
471 472 471
253 84 560 810 560
253 21 283 560
560 474 560
759 459 759
560 607 471
560 42 560
253 83 253
560 73 560
253 20 560
253 316 560
560 19 570 12 560
253 227 253
253 106 560
253 333 48 75 560
560 21 671 80 253
253 75 560
560 386 560 1002 560
507 507 243 507
253 227 253
507 507
471 810 560 775 560
507 507 507 298 507
759 459 316 560
560 775 560 775 560
560 336 560
560 329 129 166 253
471 84 75 253
560 386 560
507 298 507
253 84 560 810 560
253 615 253
560 400 560
253 21 106 560
560 1 726
507 507 507 298 507
471 607 87 810 560
471 810 560
560 329 419 253
560 142 253
253 21 64 142 560
726 612 84 560
560 386 560 1002 560
560 329 419 253
471 810 560 775 560
560 229 560
560 27 560
560 66 560
726 62 726
560 19 570 12 560
726 62 180 121 759
560 607 253
560 29 560
471 607 42 21 560
471 607 560
560 19 570 12 560
560 341 560
560 313 560
560 20 253
726 212 87 253
560 329 129 166 253
726 314 507
253 222 17 386 560
560 775 560 775 560
560 329 419 253
471 84 75 253
560 19 570 12 560
726 316 560
560 328 474 560
560 222 187 316 253
253 259 253
726 160 66 560
560 20 253
726 160 66 560
560 295 471
253 21 64 142 560
726 1 560
560 84 471
253 21 64 142 560
560 1 224 560
253 607 471
560 295 560
560 66 984 66 560
560 1002 560
560 211 215 560
726 189 253
471 472 471
507 507 243 507
253 373 253
726 62 726
560 329 129 166 253
507 298 507
560 229 560
560 27 560
560 75 75 48 560
560 341 560
759 459 759
560 222 253
759 459 316 560
560 313 85 726
507 507 507 298 507
726 316 560
560 313 85 726
560 39 560
560 27 560
253 106 64 419 253
253 615 253
507 243 507
253 20 560
253 932 253
560 474 560
560 75 253
253 222 17 386 560
560 1002 560
560 142 253
253 87 253
726 316 695 85 507
253 932 253
471 421 471
560 29 560
560 459 0 313 560
560 607 222 314 726
253 283 560
507 513 507
560 474 560
507 507
560 21 671 80 253
253 222 17 386 560
560 607 560
471 295 560
253 227 253
560 775 560
560 386 560 1002 560
253 106 726
560 283 314 726
507 243 537 315 253
560 75 560
471 607 42 21 560
560 328 474 560
560 1002 560 1002 560
726 1 142 1 726
560 84 471
507 507 507 298 507
560 66 984 66 560
507 243 507
560 211 215 560
560 283 314 726
471 472 471
560 66 560
560 39 560
560 73 560 75 253
560 221 73 560
253 75 560
560 48 560
831 258 831
253 20 560
560 1 726
726 5 21 560
560 229 170 875
560 224 224 224 560
726 160 66 560
507 507
560 496 560
726 1 560 328 560
253 316 560
560 218 560
560 39 560
253 227 253
560 810 560
560 106 726
560 496 560
507 507
253 84 560 810 560
253 222 17 386 560
560 386 560
560 21 518 283 253
560 29 560
560 106 253
507 507 507 298 507
726 314 507
253 87 253
560 341 311 373 253
471 607 471
471 607 253
471 607 560
726 189 253
560 221 560
253 84 560
560 496 560
726 107 726
471 607 471
471 84 75 253
726 107 726
560 73 560
253 227 253
560 295 471
253 17 253
253 17 253
726 316 560
560 386 560 1002 560
560 221 73 560
560 84 471
560 295 471
253 283 560
560 775 560 775 560
560 66 984 66 560
253 84 560 810 560
253 106 560
560 42 560
507 507 507
471 607 560
471 810 471
759 459 759
560 607 560
560 229 170 875
507 507 243 507
471 607 42 21 560
471 434 253
560 12 560
560 341 560
471 607 87 810 560
560 19 560
726 612 84 560
560 775 560
253 21 64 142 560
560 48 560
507 507 507 298 507
507 243 507
560 474 560
560 221 73 560
726 212 87 253
560 20 560
560 607 471
507 507 243 507
253 615 253
253 84 560 810 560
471 421 471
726 726
471 421 471
560 39 560
471 607 471 607 560
471 295 560
726 62 180 121 759
507 507 507 298 507
726 212 87 253
560 329 419 253
253 84 560 810 560
253 418 253
253 106 560
560 329 419 253
560 75 253
759 459 316 560
253 615 253
560 386 295 560
560 0 560
560 66 560
253 259 253
253 84 560
560 211 215 560
560 607 222 314 726
726 1 142 1 726
253 222 17 386 560
471 607 471
726 1 560
560 341 311 373 253
560 29 560
726 282 253
471 607 42 21 560
560 40 560
560 224 160 471
560 607 471
471 84 75 253
560 73 560
253 283 560
560 21 518 283 253
560 607 560
560 386 560 775 560
560 84 471
560 474 560
253 121 1 560
726 212 87 253
726 212 87 253
560 229 560
560 75 253
253 84 560 810 560
507 298 507
471 607 560
560 42 560
560 386 560 1002 560
560 1002 560
253 106 560 775 560
560 21 671 80 253
471 84 75 253
253 316 560
253 17 253
560 229 170 875
560 276 560
726 189 253
507 507 243 507
560 222 255 255 471
726 316 560
560 283 314 726
253 21 64 142 560
726 314 507
726 1 560 328 560
253 333 48 75 560
253 932 253
560 341 560
560 229 560
253 615 253
560 142 253
560 48 560
560 1 224 560
253 20 560
253 607 471
253 222 17 386 560
253 222 17 386 560
726 1 142 1 726
560 222 187 316 253
726 726
560 295 471
560 283 314 726
560 75 75 48 560
726 314 507
726 316 560
560 386 560
560 75 75 48 560
253 222 253
560 775 560 775 560
507 243 537 315 253
560 386 560 775 560
253 17 253
560 386 560
507 243 507
253 84 560
253 259 253
726 5 21 560
560 328 474 560
560 221 560
560 84 471
560 142 253
253 316 560
560 276 560
253 373 253
253 607 471
560 21 671 80 253
471 607 253
253 283 726
253 21 283 560
726 107 726
726 1 142 1 726
726 282 253
507 507
253 315 695 227 253
560 0 560
759 459 759
759 459 316 560
253 283 560
726 612 84 560
726 316 560
560 221 73 560
726 314 62 726
471 421 471
560 496 560
471 295 560
253 373 253
560 329 560
253 222 560
560 20 480 39 560
560 222 255 255 471
726 316 560
471 434 253
726 160 66 560
253 21 283 560
560 73 560 75 253
560 73 560 75 253
726 282 253
560 106 253
560 607 222 314 726
507 507 507 298 507
507 507
560 66 984 66 560
726 62 726
560 75 253
560 0 560
560 0 560
560 1 560
560 66 984 66 560
560 0 560
471 607 560
726 212 87 253
560 229 170 875
560 329 419 253
471 472 471
507 507 298 507
507 507 507
560 607 471
471 810 560
560 607 253
560 607 222 314 726
560 21 671 80 253
471 810 560
726 282 253
507 243 537 315 253
560 48 560
253 315 695 227 253
253 106 726
560 75 560
253 222 560
253 20 560
560 775 560 775 560
253 373 253
726 1 560
471 607 471 607 560
471 607 560
560 607 560
726 106 283 726
726 62 253
471 295 560
726 1 560 328 560
560 222 253
253 418 253
560 20 560
560 607 560
560 313 560
253 607 253
253 222 560
471 810 471
253 106 560
560 328 560
560 341 311 373 253
471 421 471
560 459 253
560 283 314 726
560 75 75 48 560
560 1 560
560 73 560 75 253
560 75 560
726 316 560 276 560
471 607 42 21 560
560 221 560
560 39 560
560 106 298 507
560 221 560
726 1 142 1 726
560 329 560
560 39 560
560 496 560
471 607 42 21 560
560 341 311 373 253
471 810 560 775 560
253 17 253
507 243 537 315 253
253 283 560
560 229 560
560 42 560
726 5 21 560
253 20 560
471 810 471
726 316 560
560 400 560
471 434 253
253 222 253
560 29 560
