812 990 3 971
175 58 812
859 194 211 612 859
859 286 859 411 859
859 64 209 601 859
175 174 175
886 59 886 665
859 147 233 174
971 277 971 971
859 921 859
971 108 971
971 805 487 452 971
174 59 55 411 665
175 532 63 303 665
971 804 608 971
859 849 849 859 991
175 137 665
174 3 971
174 812
175 3 58 281 859
665 254 269 273 886
174 854 174
971 809 971
886 3 175 665 886
812 137 175
859 685 665 142 665
812 59 886
175 532 63 303 665
665 175 665 665
991 812 971
812 208 812
174 2 845 520 812
174 195 174
971 971 893 971
886 665
174 175 174 57 174
971 277 277 971
886 665 886
665 665
971 823 971
971 506 971
665 142 665
886 59 886 665
971 859 886 665
174 3 665
174 971
174 281 859
971 480 971 812
886 59 886 665
859 803 859
665 4 859
665 175 532 286 174
174 252 137 859 971
812 803 859
971 520 812
886 2 812
859 812 859
886 3 174
812 282 139 282 665
886 3 175
665 685 665 859
971 723 723 971
859 991
971 251 971
665 254 859
174 284 179 971
859 886 859
812 826 812
174 59 886
665 137 812
174 59 174
971 93 971
174 854 174
812 137 175 174
174 305 412 812
812 273 273 886
859 665 175
991 812 59 812
174 3 971 859
859 137 174
812 59 132 6 665
859 132 859
859 812 991
859 886
971 679 679 137 859
175 174 174
886 2 812
971 10 366 859
665 886 812
812 282 546 859
991 812 59 812
174 815 174
174 809 174
971 809 971
665 685 208 211 859
812 886 665
859 56 305 2 859
665 665
812 991 812 877 812
859 826 412 859
174 3 665
174 809 107 812
812 546 30 434 859
971 277 130 277 971
812 635 812 665
971 412 991
174 286 3 175
812 193 859
886 3 175 665 886
971 893 466 971
174 305 685 826 812
812 298 685 174
665 886 665 886
174 174 174
859 89 552 412 665
175 174 174
812 208 208 812
174 59 886
859 408 990 812
812 803 859
971 893 971 488 971
665 87 812
665 175 174
812 932 174
174 880 815 859
859 990 3 812
859 59 971
859 991 859
859 886
859 880 812 273 886
859 87 252 174
812 991 520 412 665
174 880 4 412 991
174 408 130 408 859
174 59 193 803 859
174 809 971
812 59 57 208 812
175 252 859
971 809 971 971
665 174 175
859 64 209 601 859
812 877 137 175 174
971 975 971 740 971
665 859 271 4 971
812 2 520 412 665
886 601 812 877 812
971 514 514 971
859 991 520 412 971
812 3 886 859
859 685 665
971 26 588 307 971
812 812
812 2 665
971 723 971
812 282 139 282 665
812 272 164 174
665 54 812 991 812
174 284 179 971
991 412 991
859 601 859
812 137 175 174
859 474 859
971 412 991
859 58 193 812
859 826 685 412 991
971 391 971
665 3 859
174 157 104 250 174
812 59 812
812 826 803 252 175
812 991
174 252 58 665
859 685 990 859
971 4 4 665
175 532 286 174
812 665 886 812
859 815 57 849 859
665 107 812
859 601 886 859
886 217 812
174 175 174 57 174
175 174 209 64 859
971 859 991
812 2 193 859
812 812 812
971 729 971
812 137 175 174 174
174 3 812
812 208 208 812
175 15 174
812 366 859
812 685 859
859 174 665
859 849 849 859
859 665 859
812 193 812
174 473 412 665 812
174 3 812
971 812 137 175
859 859
174 305 174
174 56 174
971 336 13 137 665
175 58 812
812 193 859
991 859 408 174
971 108 971
971 723 971
888 412 238 963 859
971 514 971
174 564 174
665 812 886 665
812 971 975 971
174 59 193 803 859
859 174 665
812 877 137 175
812 886 665
812 412 164 174
174 175 15 174 859
665 412 59 886
971 2 832 859
812 880 859
859 803 193 812
665 859 886
812 685 845 859
971 332 406 332 971
859 254 254 174
812 886 665 174
174 971 973 971
888 412 665
859 971 505 971
859 665 174
859 3 175
859 809 859
859 685 174
665 54 812
174 54 174
971 324 121 324 971
175 174 174
859 174 665
812 461 812
971 729 971
665 58 174
174 252 175
971 412 803 859 971
812 665 55 665
859 826 990 859
859 880 812 273 886
812 4 131 859 991
859 809 412 812
665 411 174
174 4 360 971
812 63 175
174 57 812 859
971 710 971
812 3 880 859
971 277 277 971
971 514 514 971
812 990 3 971
812 272 665
971 805 487 452 971
859 58 803 859
812 298 137 859
971 754 971
665 886 665 886
665 58 174
971 457 971
174 809 971
174 174 377 174
859 685 174
174 685 2 812
174 269 174
971 804 971
812 252 174
812 991 520 412 665
174 252 194 59 859
812 3 971
971 805 971
859 194 211 612 859
174 121 540 971
665 412 859
991 812 59 812
971 975 971 740 971
859 271 4 971
859 408 96 470 971
812 877 812
665 55 665
174 854 174
812 273 812
812 59 886
971 332 971
859 193 826 812
859 56 880 174 174
174 281 698 809 174
175 137 812
174 140 273 886
971 740 971
859 685 193 812
812 174
859 195 3 859
665 412 59 886
971 754 971
859 665
174 54 174
665 685 990 4 971
971 3 665 859
991 520 859
174 254 474 859
859 6 665
812 448 335 461 812
812 193 812
859 58 193 812
859 880 812 273 886
971 893 971 973 971
971 973 971 778 971
812 932 174
859 921 859
174 175 174
971 403 971
859 826 859
812 273 273 812 991
859 826 412 859
991 859 408 174
859 812 991
859 601 886 665
812 877 137 175 174
174 859 886
971 325 971
665 685 990 4 971
971 277 971 973 971
665 107 812
174 377 174
812 3 886 859
971 423 971
174 174 971
971 59 812
665 175 665 665
812 991 520 174
859 921 56 859
174 166 467 971
971 59 971
971 729 971
175 252 859
174 269 174
971 812 991
971 805 971
812 102 812
971 893 971 488 971
859 58 193 812
665 3 971
175 137 174
174 59 886
971 540 971 859
859 162 195 859
859 665
174 4 360 971
859 601 886 859
175 532 286 174
859 132 859
971 2 971
812 298 137 137 174
665 58 601 886
971 4 4 665
859 63 665
174 157 104 250 174
665 4 859
971 251 971
174 473 412 665 812
812 665 886 812
812 990 859
971 93 971
971 699 9 971
174 195 174
174 284 6 665
812 298 812
812 298 685 174
859 56 56 859
971 174 175 15 174
971 812 826 859
665 412 859
174 269 174
971 804 608 971
175 174
888 412 809 859
859 147 233 174
812 812 877 137 175
812 826 859
991 812 877 812
175 174 57 174
859 195 859
174 2 5 859
174 54 665
859 194 859
971 812 812
971 59 826 859
859 921 56 859
812 845 812
174 166 467 971
812 859 601 859
174 175
812 62 174
886 58 665 812 886
859 269 174
991 412 971
886 59 886 665
812 845 859
859 803 859
665 54 812
859 408 174
859 826 586 412 971
971 679 971
971 423 971
859 685 193 812
971 799 971
174 880 815 859
859 812 991
886 366 115 173 859
859 63 665
971 799 447 447 812
859 803 194 859
991 812 877 812 174
859 815 859
971 844 971
174 2 5 859
971 729 441 282 174
665 665 886
665 58 54 174
812 886
991 812 971
971 729 971
665 54 812 991 812
991 859 408 174
859 174 665
812 991 412 859
812 137 175 174 174
665 142 217 812
174 252 194 59 859
971 63 518 252 174
665 886 812 886
812 62 174
971 174 175 15 174
859 990 65 457 971
971 174 175 15 174
971 506 971
859 601 238 2 665
174 4 360 971
812 272 665 137 812
859 990 859
175 3 175
665 54 812 991
859 4 303 363 174
971 540 184 971
859 193 3 2 859
812 991 859
971 975 971
859 886 665
886 2 812
991 859
886 859 971
971 859 812 859
971 973 971 778 971
812 54 665 665
886 273 812 971
174 3 859
859 408 685 859
665 859 174
886 366 812
888 412 238 963 859
812 859 601 859
886 665 174
859 211 174 175
812 217 366 132 859
812 991 812
971 325 971
971 336 400 971
886 2 54 412 665
665 859 991
174 211 2 971
971 506 971 823 971
812 208 55 685 859
174 254 474 859
971 488 971
174 56 174
859 411 859
175 137 174
971 812 137 175 174
665 886 273 812 971
812 46 812
174 59 193 803 859
175 174 971
665 142 665 685 812
991 812 971
886 665 175 665
812 174 812
174 3 812
174 408 137 635 812
174 809 971
859 990 65 457 971
812 990 4 859
812 461 812 845 812
859 990 859
174 59 193 803 859
859 82 395 174
971 809 971
971 108 971
812 59 812 859
812 373 812
971 412 803 859
859 859
175 685 665
859 87 252 174
812 412 826 990 812
886 665 812
859 271 46 269 859
665 87 812
812 461 812
812 877 137 175
812 845 812
859 193 859
886 859 971
174 54 174
665 4 273 812
971 859 812 859
971 679 679 137 859
971 235 930 243 859
812 635 812
971 113 971
859 131 2 208 174
886 812 812 520 859
971 973 971 778 971
971 582 106 282 174
859 434 419 554 971
859 990 3 812
971 799 447 447 812
175 174
174 126 174
665 886 59 174
812 58 412 971
859 87 412 665
971 812 137 175 174
971 216 971
812 366 859 665
812 803 193 412 665
859 685 812
971 2 665
174 815 859
812 3 971
174 166 467 971
971 113 971
991 812 877 812 174
175 685 665
971 8 466 893 971
812 635 812
812 991 520 174
812 685 859
174 252 194 59 859
859 921 859
812 193 408 174
971 505 971
812 990 3 971
991 859 408 174
971 973 971 971
886 3 174
665 137 175 174
971 859 886
665 665 142 217 812
812 4 131 859
812 685 859
812 208 55 685 859
971 251 971 174
174 405 367 546 812
174 281 845 812
971 973 971 608 971
812 272 665
971 679 971
174 174 971
812 448 971
812 991 520 412 665
859 886 812
812 803 859
859 990 3 175
971 251 971 174
174 880 815 859
175 58 3 174
971 324 121 324 971
665 685 812
971 403 971
859 880 812 273 886
971 251 971 174
859 131 2 208 174
886 859 812
886 665 886 859
859 286 685 412 971
971 540 971
859 286 859 411 859
812 4 131 859
971 812 991
859 815 174
665 665 886
859 249 173 859 665
971 809 971 971
665 303 665
859 195 3 859
812 685 665
812 298 812
174 57 174
991 859 408 174
971 723 971
812 990 812
174 281 859
859 408 285 174
174 208 812 366 859
174 859
174 2 845 520 812
812 59 886
971 277 971 971
174 377 174
812 285 252 174
174 59 174
971 844 133 971
812 448 971
665 685 859
859 886 601 886
971 325 971
812 137 175
174 685 2 812
886 812 812
175 15 174 859
971 823 700 971
812 140 174
971 799 447 447 812
859 990 3 812
886 58 665
812 107 812
665 54 812
174 854 174
812 102 812
971 324 121 324 971
812 685 175 174
812 3 971 805 971
971 332 971 2 665
971 971 174
888 412 665
971 29 473 115 812
971 804 608 971
859 665 412 59 886
174 175 174
174 58 175 665
812 208 174
812 2 665
174 58 175 665
971 403 971
971 391 971
971 277 277 971
812 137 174
812 4 131 859
812 208 812
812 174
174 140 273 886
174 269 859
812 282 546 859
812 59 886 812
971 554 971
665 174 175
859 3 175
971 975 971 740 971
991 812 877 812
812 4 812
859 59 803 812
812 886 665 174
812 298 685 174
665 859 174
859 921 859
665 107 859
859 991 812
971 608 971
971 277 971 973 971
174 809 107 812
971 448 971
859 56 56 859
971 448 971
812 685 174 815 859
665 272 812
812 215 812
665 685 812
174 2 5 859
859 886 665
886 3 175 665
859 685 665
886 601 812
665 812 886 665
174 121 540 971
859 812 991
971 188 971
859 193 859
859 803 859
971 452 971
665 685 665 859
971 971 174
174 305 174
174 520 859
971 812
812 877 137 175 174
859 174
971 325 10 971
174 252 58 665
175 174 284 174
859 921 859
886 58 921 859
859 174 665
175 174 166 467 971
174 211 2 971
859 685 174
812 412 826 990 812
859 665 174
859 3 971
971 804 971
174 164 520 971
859 58 803 859
859 990 3 175
174 520 971
886 665 174
665 685 812
812 208 812
665 174 175
859 520 685 859
859 59 971
971 235 930 243 859
886 601 886 665
971 325 10 971
859 271 4 971
174 195 859
971 108 971
174 812
174 140 273 886
665 107 859
859 137 665
174 175 174 971
859 147 546 812
859 665
812 546 30 434 859
971 777 971
174 408 990 193 859
991 520 812
812 447 140 216 971
174 286 532 175
859 826 812
174 971
812 803 63 803 859
174 252 175
971 10 366 859
175 174 812
175 63 4 990 812
812 812 520 859
174 665
971 699 9 971
812 3 990 812
971 859
971 505 971
859 803 194 859
971 332 971
175 252 285 174
174 175 15 174
886 59 886 665
175 63 4 990 812
971 93 301 444 971
991 812 4 107 812
971 216 164 281 859
812 4 131 859
971 804 971
812 58 412 971
886 665
859 211 174
175 174
812 546 30 434 859
859 812 877 812
174 284 6 665 859
859 849 859
971 812 826 859
886 859
174 284 174
174 59 55 411 665
859 194 859
175 685 665
971 514 971
175 137 859
665 665 142 217 812
971 805 971
665 63 635 812
812 298 137 859
971 452 971
859 963 58 826 859
812 546 30 434 859
971 812 137 175 174
971 93 301 444 971
859 880 812 273 886
991 520 412 665
174 15 322 164 174
991 412 991
971 403 971
886 3 175
859 971 403 971
812 812 812
665 886 273 812
665 3 601 252 859
888 412 665
174 58 175
971 777 971
971 540 971 859
812 273 812
812 803 812
812 461 812 845 812
859 601 859
812 812 877 137 175
665 212 174
859 211 174 175
971 893 971 488 971
991 812 4 107 812
859 991 859 601 886
971 412 888
174 63 665
859 408 174
971 973 971 778 971
971 133 208 685 665
859 685 698 2 971
812 665
174 15 175
991 812 4 107 812
175 685 665
812 991 812
812 298 137 137 174
174 812
174 305 517 2 859
665 685 665 859
859 2 812
174 175 174 971
812 990 812
812 273 812
812 59 886 812
859 990 2 859
859 131 2 208 174
971 188 971
971 812 812
812 298 812
971 4 4 520 971
971 412 803 859 971
174 411 174
971 216 164 281 859
971 799 971 975 971
886 217 121 366 859
812 366 812
971 3 971
174 859 803 2 174
174 3 859
971 277 277 971
971 412 991
665 859 271 4 971
971 423 303 3 174
859 812 859
665 685 812
175 174 665
859 601 886 665
812 635 812 665
859 286 685 412 971
665 107 147 859
175 252 285 174
971 799 447 447 812
812 991
971 823 700 971
971 277 82 366 859
665 107 859
859 859 886
174 57 174
812 991 859
971 973 971 971
859 812
859 269 174
812 137 174
859 880 281 859
665 859 991
971 277 971
991 812 877 812
859 601 886 859
971 812 137 175
886 601 886 665
812 272 164 174
665 54 665
971 480 971 812
971 10 366 859
174 208 4 812
174 408 990 193 859
859 685 990 859
991 520 22 520 859
971 778 971
174 408 130 408 859
665 107 812
665 3 601 252 859
859 880 812 273 886
175 174
991 412 162 412 971
859 269 174
971 59 138 4 812
812 193 812
174 859 803 2 174
665 175 174
665 859 886
174 284 174
971 470 971
859 826 685 412 991
859 601 812
971 823 971
971 971 174
812 107 812
859 58 193 812
971 740 82 859
859 271 4 971
174 408 130 408 859
859 411 859
812 193 812
174 859
665 107 147 859
971 672 359 672 971
886 812
812 412 826 990 812
886 58 665 812
886 665 812
812 886 665
886 58 665
971 893 971 973 971
971 304 809 859
174 54 174
971 2 665 174
971 893 971 812
174 211 859
174 57 174
175 174 665
886 859 812
971 859 812 859
971 2 665 174
174 4 360 971
812 685 175
859 147 233 174 175
971 416 971
991 812 877 812 174
812 285 685 990 859
812 685 174
175 137 859
971 812
859 408 685 859
812 285 635 137 812
174 408 137 635 812
886 366 812
971 325 971
971 971 174
812 859
665 55 57 812
812 285 685 990 859
665 886
859 685 665
971 113 971
812 826 812 886
665 142 217 812
812 461 812
812 285 635 137 812
665 886 665 886
971 423 971
859 601 812
859 131 2 208 174
812 685 665 665
971 480 971
812 252 174
665 137 812
859 147 546 812
886 665 886 859
971 3 665
971 277 971 973 971
971 778 971 174
174 859 859
665 665 254 859
812 520 121 859
859 212 153 859
859 886 665 859
174 812 685 845 859
859 886 665 886
174 854 174
812 635 812
971 113 971
174 209 64 859
812 635 208 63 175
812 546 30 434 859
665 54 812
665 3 601 252 859
665 4 273 812
971 304 809 859 971
859 826 412 859
665 685 665
971 729 441 282 174
991 520 971 174 175
859 59 971
174 303 665
812 877 137 175
812 137 175
174 281 845 812
971 277 971 971
812 803 193 412 665
859 281 685 665
886 601 812 877 812
175 174 284 174
174 286 532 175
812 2 408 174
812 665 886
859 601 886 859
665 886 812 886
812 990 859
175 665 175
859 147 233 174
812 665 665
859 665
971 812 54 665
812 285 520 812 812
971 457 971
859 412 888
971 470 971
859 408 990 812
812 880 812
665 137 175 174
859 685 665 142 665
175 174 57 174
175 137 859
665 4 273 812
665 859 886
175 174
859 991 812
859 412 888
859 921 859
665 3 473 174
971 805 487 452 971
174 59 886
888 412 138 990 859
991 520 971 174 175
971 723 971
812 140 174
859 826 859
174 815 859
665 254 859
812 140 139 46 174
991 859 408 174
886 665 175 665
971 8 466 893 971
859 271 46 269 859
665 58 586 412 991
812 685 175
174 211 859
859 174 812
812 272 665
859 921 859
971 93 301 444 971
971 325 971 971
812 859
859 408 685 859
859 64 209 601 859
812 107 812
971 179 971
174 809 971
665 87 812
174 4 812
174 164 520 971
991 412 162 412 971
174 971
812 3 971 805 971
174 859 803 193 812
971 679 679 137 859
971 859 812 859
174 54 96 164 174
174 157 104 250 174
859 63 665
991 412 812
859 162 195 859
665 812
859 63 665
174 2 5 859
971 251 971
888 412 665
174 252 175
665 4 273 812
812 208 812
859 3 175
971 133 208 685 665
859 826 412 859
859 249 173 859
971 893 971 859
812 601 233 282 812
665 685 665 859
665 54 812 991
859 147 233 174
971 514 514 971
859 601 238 2 665
971 540 971 859
886 601 812
991 812
859 971
174 195 281 412 971
665 6 285 174
971 63 518 252 174
859 849 849 859
859 56 880 174 174
174 254 474 859
812 932 859
971 2 971
859 859 886
174 520 4 174
174 859
971 251 971 174
665 63 635 812
812 298 685 174
886 3 665
971 184 971 812
175 58 3 174
812 447 140 216 971
971 325 971
812 803 859
971 4 4 665
174 4 812
971 799 971 975 971
859 990 65 457 971
665 685 665 859
859 411 859
174 665 175
665 175 665 665
665 58 586 412 991
971 343 971
812 282 546 859
859 601 886 859
665 272 812
859 812 859
812 990 812
812 685 174
971 973 971 971
812 665 859
812 215 812
174 812
971 216 971
665 411 183 63 175
665 3 473 174
812 665
812 4 107 812
812 3 886
859 832 859
886 812 886
812 991 859
174 57 174
812 2 520 412 665
812 461 812 845 812
174 405 367 546 812
971 540 971
174 175 174
859 434 419 554 971
665 685 665
812 208 812
812 991 520 412 665
175 532 286 174
174 63 665
174 305 685 826 812
859 990 65 457 971
859 971
859 809 138 880 812
665 812 886
812 665 886
812 635 208 63 175
174 3 812
971 304 88 137 174
859 212 153 859
174 209 64 859
971 804 971
888 412 991 520 812
812 59 57 208 812
859 991 520 412 971
991 520 971 174
859 195 3 859
886 601 886
812 366 859
971 336 400 971
174 520 991
971 174 175 15 174
971 93 301 444 971
812 877 812 174
665 685 990 4 971
859 147 546 812
991 412 991
859 803 194 859
812 193 408 174
859 63 665
812 174 812
859 971 403 971
886 2 812
886 58 809 859
859 601 859
812 63 175
888 412 991
174 59 193 803 859
859 132 859 991 812
812 59 886 812
971 184 173 859
665 58 174
886 601 886 665
812 685 859
971 325 971
665 175 665
812 272 164 174
665 685 859
859 886 812
991 520 859
812 140 174
175 532 63 303 665
971 174 175 15 174
971 812 174
665 272 812
174 2 812
812 826 812 886
971 304 89 3 886
812 601 886
665 58 174
812 46 174
971 723 723 971
665 665 886 812
859 991 520 412 971
971 723 971
888 412 138 990 859
971 403 971
971 540 971 859
665 685 859
174 859 859
971 304 89 3 886
859 886
812 412 812
174 3 281 859
812 601 233 282 812
859 665 812
886 217 812
971 859 886
174 305 412 812
971 608 971
812 285 252 174
971 480 971
174 237 174
971 332 406 332 971
859 64 601 859
812 461 812 845 812
665 55 665
174 15 322 164 174
174 58 175
859 665 412 59 886
812 859
812 54 665 665
971 679 971
859 859 812
174 284 174
175 174 812
971 324 121 324 971
665 174 175
174 2 5 859
174 57 812 859
665 412 859
174 815 859
174 520 971
665 6 285 174
886 217 121 366 859
886 812
859 132 859
665 411 183 63 175
859 803 2 174
888 412 586 126 174
174 175 174 971
859 271 46 269 859
859 886 3 665
886 665 886
174 377 174
174 58 175 665
991 520 412 971
971 973 971 971
812 520 815 815 174
665 254 269 273 886
174 63 665
812 932 859
859 89 619 56 174
859 6 665
859 195 305 195 174
971 325 971 971
859 812 859
665 175 665 665
859 859
971 554 777 971
888 412 665
174 520 859
812 990 4 859
174 208 812
174 564 174
859 849 849 859 991
971 470 971
971 973 971 778 971
971 8 466 893 971
665 175 532 286 174
971 480 971
991 859 601 886 665
174 57 812 859
859 56 56 59 886
174 54 665
174 174 174
174 140 273 886
812 665
859 990 3 812
812 665 55 665
886 58 665
174 56 174
812 215 812
859 56 56 59 886
812 252 174
812 59 132 6 665
665 4 665
812 447 140 216 971
665 665
971 343 971
971 672 359 672 971
859 59 803 812
859 193 859
174 57 812 859
812 461 812
859 826 412 859
971 823 971
971 812 54 665
859 408 285 174 971
886 859 971
812 4 131 859
812 412 164 174
971 823 971
812 877 137 175
174 408 130 408 859
812 3 971
174 15 174
174 815 859 665
665 3 473 174
812 208 208 812
812 880 859
971 423 303 3 174
859 815 859
812 3 886 859
859 520 685 859
175 665 665
971 304 88 137 174
859 269 174
886 366 115 173 859
175 174 57 174
888 412 665
971 188 971
886 601 886
859 56 58 812
812 826 859
971 729 441 282 174
971 540 184 971
971 59 174
859 859 886 812
174 3 859
812 285 685 990 859
971 971 740 971
812 877 137 175
971 777 971
812 13 809 174
174 281 698 809 174
812 102 812
859 921 56 859
886 217 812
174 564 2 195 174
174 971
859 162 195 859
859 849 849 859 991
971 859 812 859
812 685 665 665
886 217 812
859 665 412 59 886
971 804 971
859 131 2 208 174
174 971 973 971
991 812
174 15 760 546 812
971 412 803 859 971
859 286 859
971 582 971
174 815 174
174 237 174
971 277 82 366 859
859 195 3 859
665 665 886 812
859 886 3 665
174 286 859
859 3 971
886 665 859
812 2 665
665 175 174
971 799 971 975 971
859 832 859
665 685 990 4 971
971 452 358 506 971
665 175 532 286 174
174 252 58 665
665 4 665
174 284 6 665
859 3 175
665 58 601 886
971 812 137 175
665 812 886 665
859 886 3 665
971 893 971 488 971
812 59 886 812
174 174 174
859 194 859
175 15 174
859 886 812
971 113 971
971 423 971
812 46 812
812 208 55 685 859
175 665 886
665 685 665 859
971 174 175 15 174
174 174
174 121 540 971
859 812 991
175 3 58 281 859
812 272 665 137 812
812 54 665
174 859 859
971 893 466 971
174 57 174
665 886 812
886 859
859 408 174
859 685 698 2 971
174 379 174
812 685 845 859
812 990 4 859
971 304 809 859
886 812 812
174 809 971
812 137 175 174 174
991 520 412 665
991 412 971
665 54 812
174 175 174 971
971 452 700 971
174 971 973 971
971 452 971
812 174 812
991 812
859 815 859
971 672 359 672 971
174 815 859 665
665 142 217 812
665 58 54 174
971 412 665
812 412 812
812 635 812 665
971 444 971
665 54 812 991
174 473 412 665
812 2 520 412 665
991 859
812 217 366 132 859
174 2 812
859 194 211 612 859
886 3 175 665 886
812 273 273 812 991
812 991 520 174
859 59 803 812
859 859 886
971 3 665
859 971 403 971
665 412 665
175 665
859 685 698 2 971
971 412 803 859 971
812 448 971
174 3 971 859
859 832 3 880 859
971 63 518 252 174
991 812 877 812 174
971 59 971
812 886 665 174
174 237 174
859 809 971
812 685 174
859 826 812
971 29 971
812 991 812
859 880 812 273 886
812 54 665 665
886 217 121 366 859
812 520 815 815 174
886 859 971
174 137 880 281 174
886 665 859
665 55 665
971 506 971 823 971
665 54 812 991 812
812 886
174 564 2 195 174
971 277 130 277 971
174 305 174
971 59 971
812 665 665 886
812 803 859
665 174 175 665
174 473 412 665
971 325 971
971 174 175
812 252 174
859 132 859
812 461 812 845 812
174 3 812
971 235 971
859 601 886 859
859 195 738 56 174
174 252 137 859 971
174 305 685 826 812
859 174 812
888 412 991
174 3 812
812 601 233 282 812
812 448 971
174 305 685 826 812
971 823 971
174 3 971 859
665 886
859 195 305 195 174
812 845 812 971
174 56 174
859 849 849 859
174 2 5 859
812 845 812
812 59 132 6 665
174 195 174
971 26 588 307 971
971 859 812
812 273 886
991 859 408 174
971 778 971
971 893 971
886 859
859 195 3 859
859 412 888
174 175 15 174 859
886 3 174
175 174 174
859 886 859
665 411 183 63 175
886 2 812
991 859 601 886
174 157 104 250 174
859 601 886 859
971 2 665
971 304 809 859 971
665 175 174
859 991 859
859 82 395 174
174 854 174
812 812
971 799 971
859 286 859 411 859
859 254 254 174
812 137 175 174 174
174 174 971
174 815 137 665
859 991 520 412 971
812 826 812
812 366 859 665
174 286 532 175
174 252 194 59 859
991 520 22 520 859
971 710 971
971 805 487 452 971
812 877 137 175 174
812 665 665
886 3 174
665 55 665
812 102 812
859 812 635 812
812 546 30 434 859
174 305 517 2 859
886 859
174 15 183 3 665
812 208 55 685 859
174 809 971
971 540 971
971 971 174
991 520 174
665 412 665
812 447 447 140 812
665 107 859
812 685 174 815 859
971 812 812
812 991 520 174
665 142 665
174 54 665
971 29 971
971 63 518 252 174
859 601 812
971 412 991
665 174 175
665 812 174
174 59 886
174 195 59 174
812 4 107 812
812 273 273 886
665 137 175
859 991
859 971 403 971
175 58 812
812 886 665 174
859 195 3 859
971 754 971
665 212 174
174 809 107 812
888 412 812
812 217 366 132 859
174 284 6 665 859
665 4 859
859 193 57 286 174
812 2 408 174
859 815 859
812 208 55 685 859
812 991 859
971 893 971 859
859 162 195 859
175 174 971
174 126 174
971 29 473 115 812
665 859 991
971 444 971
812 991 859
665 685 208 211 859
812 59 132 6 665
812 373 812
665 254 269 273 886
859 849 252 174
859 6 665
886 3 971
886 58 809 859
812 102 812
175 15 174
812 102 812
812 932 859
174 3 971
859 193 3 2 859
174 812 685 845 859
886 665
174 15 175
971 93 301 444 971
971 975 971 740 971
859 195 3 859
665 4 273 812
971 893 971 973 971
859 137 174
971 540 184 971
971 324 971
665 411 183 63 175
665 175 665
859 971 505 971
859 990 859
175 63 4 990 812
812 859 601 859
174 174 859
859 286 859 411 859
859 880 812
812 285 635 137 812
859 990 2 859
174 3 665 175
174 252 137 859 971
859 921 56 859
971 823 971
971 114 160 809 174
859 990 859
991 812 59 812
174 411 174
859 194 211 612 859
971 304 971
971 812 826 859
812 685 845 859
812 252 174
174 2 812
812 140 139 46 174
812 3 886 859
991 520 174
971 93 971
991 812 877 812 174
971 505 971
971 520 812
812 665 54 812
174 15 175
812 13 809 174
174 3 665
174 126 174
888 412 138 990 859
859 809 412 812
665 175
991 520 971 174
971 975 971
812 685 845 859
971 778 971 174
812 665 859
991 412 859
991 812
859 880 281 859
174 284 6 665
174 305 517 2 859
174 665 886
174 405 367 546 812
859 803 193 812
812 4 107 812
991 412 162 412 971
971 406 971
175 252 285 174
665 665 886 812
812 137 175 174
971 809 971
665 254 269 273 886
665 685 990 4 971
971 809 63 411 174
971 251 971 174
886 859 886 859
859 243 412 971
665 859 271 4 971
859 64 601 859
812 54 665 665
859 271 4 971
665 137 175
812 991 412 859
859 803 194 859
886 58 665
886 59 886 665
886 2 812
665 175 174
971 59 812
971 844 971
991 859
174 174 859
971 26 588 307 971
174 269 859
971 325 971
665 54 665
174 286 859
812 520 121 859
174 158 174
971 893 971 973 971
174 54 174
971 540 971 859
175 532 63 303 665
971 804 608 971
859 249 173 859
174 15 322 164 174
665 812 886
175 58 3 174
665 886 859
665 859
886 3 174
175 532 286 174
665 685 812
859 991 859
174 520 859
859 411 859
665 859 174
174 175 665
859 408 285 174 971
971 423 303 3 174
665 142 217 812
859 991 859
859 990 859
174 166 467 971
174 174 377 174
665 859 174
665 886 273 812
971 412 803 859
971 59 174
174 252 137 859 971
175 252 285 174
971 406 971
665 4 273 812
812 59 812 859
971 723 971
665 685 812
971 423 971
886 3 665
812 990 4 859
665 174
812 991 859
859 886
971 2 971
812 665
174 252 137 859 971
991 812 4 107 812
174 812 859
812 272 665 137 812
859 162 195 859
174 166 467 971
174 809 107 812
886 665 886
812 991 859
859 147 233 174
859 859 812 991
812 54 665
859 803 193 812
971 754 971
859 271 46 269 859
174 3 859
859 812 991
859 990 2 859
812 282 139 282 665
812 971 235 971
859 990 3 175
812 3 971 805 971
991 412 859
174 665 886
859 162 195 859
859 886 665 886
174 175 665
971 799 971
812 273 273 812
174 815 859
971 893 971 812
886 3 175
175 174 812
812 3 880 859
174 971
886 665 175 665
174 520 971
812 601 233 282 812
174 305 517 2 859
812 845 859
859 809 138 880 812
175 665
812 4 107 812
859 408 174
971 29 971
812 412 826 990 812
174 174
175 174 812
175 532 286 174
174 284 174
175 63 880 174
665 812 174
665 685 812
175 174 665
886 3 175 665 886
971 514 514 971
859 886 665
859 803 2 174
886 859 886
859 601 886 859
174 281 845 812
859 59 971
859 211 174
812 59 57 208 812
812 932 174
175 252 859
859 971
665 107 859
174 3 281 990 812
174 812 685 845 859
175 174 812
665 107 859
991 412 971
174 303 665
859 991 859 601 886
665 58 886
665 63 137 175
175 174 812
174 195 281 412 971
886 859
174 2 812
971 514 514 971
886 859
812 2 665
971 423 303 3 174
971 216 164 281 859
175 174 284 174
812 298 685 174
971 859 991
859 211 174 175
971 582 106 282 174
665 55 665
812 282 546 859
971 975 971
812 59 812 859
665 174 175
971 812 991
812 665 886
971 777 971
971 679 679 137 859
665 6 285 174
859 58 193 812
859 434 419 554 971
859 826 685 412 991
971 304 971
859 59 971
971 971 174
665 137 175
174 305 412 812
665 174 175
859 59 971 812
665 886 58 921 859
971 406 971
971 113 971
971 304 971
971 754 971
971 3 971
812 991 812 877 812
812 880 812
175 137 174
971 740 971
971 859 812
859 849 859
174 3 281 859
859 990 859
971 893 971 488 971
971 174 175
174 158 174
888 412 586 126 174
174 137 880 281 174
886 812 812
175 58 3 174
971 93 301 444 971
665 665 254 859
812 3 880 859
812 685 665 665
971 859
174 812 685 845 859
812 63 175
812 845 812 971
859 803 2 174
174 2 845 520 812
665 859
859 826 586 412 971
174 57 812 859
886 273 812 971
971 812 137 175
174 237 174
812 665 55 665
859 812 991
859 411 859
812 991 812 877 812
971 343 971 973 971
812 880 859
859 64 601 859
886 859 812
812 193 412 812
175 665 665
812 54 665 665
812 412 826 990 812
174 2 5 859
812 932 174
174 971
971 520 812
971 114 160 809 174
971 679 971
859 211 174 175
665 174 175
665 3 859
812 273 273 812
971 893 971 859
971 971 174
971 812 812
812 635 812
665 87 137 174 174
971 809 63 411 174
665 87 137 174
812 366 859 665
812 601 886
971 971
812 273 273 886
812 990 859
665 175 665
971 809 971 971
971 809 971
971 412 665
971 448 971
665 87 137 174
665 54 812 991
886 2 812
971 2 971
174 809 174
812 273 273 886
888 412 138 990 859
812 880 812
175 174 665
886 58 665
174 211 859
991 812 877 812 174
971 412 665
991 520 812
665 886 273 812
859 408 685 859
859 193 826 812
