105 48 212 363 434
424 230 424
607 222 222 607
87 41 212
212 105 296 87
212 462 513 74 105
105 190 105
460 183 460
424 172 171 115 434
787 21 28 165 212
424 147 42
212 531 419 607
105 357 105
87 363 187 183 434
212 544 81 16
105 856 434
424 211 87
424 404 404 105
16 187 434
434 859 434
105 163 212
460 663 508 212
105 92 434
105 489 16
87 495 87
42 166 42
16 132 87
16 105
87 424 105
434 493 221 16
434 677 434 154 434
212 41 434
424 81 663 460
434 170 471 607
434 288 252 105
105 333 434
42 190 105 856 87
87 509 184 419 87
607 434 533 269 87
87 69 173 147 87
424 393 434
42 243 105
16 249 82 424
424 249 16
424 139 335 448 424
42 190 16
434 226 546 508 212
434 361 165 249 16
607 460
87 258 16
87 249 145 434
434 58 121 748 105
212 64 62 478 105
424 552 571 281 16
42 19 160 245 434
42 58 87
212 91 107 492 212
212 288 434
42 474 153 115 42
434 81 467 434
607 106 434
212 63 303 212
105 654 404 434
42 20 424
105 269 16
460 116 129 87
607 393 424
434 145 42
87 329 42
105 363 434
105 115 142 147 105
105 296 405 87
212 932 154 424
424 62 44 42
42 372 42 42
460 462 212
460 170 434
42 427 212
16 45 429 424
87 642 642 87
212 165 30 434
607 490 129 42
212 493 42
16 495 424
212 422 427 105
105 363 508 10 434
763 763 5 489 87
212 492 144 434
607 255 303 105
460 549 162 249 87
42 453 212
424 105 371 212 424
16 783 16
105 5 132 434
434 424
434 303 87
87 518 212
460 490 170 338 16
212 147 152 458 434
87 189 533 434
105 509 434
434 371 236 434
424 641 424
105 187 16
105 310 86 42
460 460 467 460
212 282 132 434
105 155 189 87
105 255 42
87 473 537 459 42
787 21 28 434
87 404 105
212 531 434
87 17 434
424 4 434
42 187 16
424 20 467 460
105 393 393 434
42 298 299 551 434
424 87 147 154 105
16 80 105
16 304 16
212 226 160 509 87
87 280 16
424 518 252 105
105 163 87
105 154 87 87 424
105 249 42
434 515 434 424
434 258 249 607
105 161 105
87 236 434
434 28 166 105
434 115 169 212
460 159 434
434 338 365 255 87
16 280 434
105 48 113 424
424 747 105
16 489 212 211 16
434 308 434
105 16 424
434 21 212
424 422 473 106 16
105 154 492 42
424 338 338 16
434 308 16
434 322 269 87 105
607 695 597 460 434
607 695 459 519 607
434 314 256 105
87 106 184 405 16
87 333 42
87 427 434
434 147 644 489 434
42 459 549 460
460 748 932 748 424
105 543 16
212 83 42
424 87
87 42 166 64 87
434 303 212
212 131 212
105 215 460
105 154 87 87
607 537 315 695 607
460 225 460
424 527 424
424 445 531 212
763 5 489 87
16 363 87
434 105 771 16
561 462 424
212 405 19 550 434
434 191 343 42
434 433 217 282 105
42 81 424
42 83 495 314 434
212 474 105
16 128 607
42 280 405 424
424 4 2 434
212 106 81 509 424
87 954 249 87
212 48 114 405 212
212 268 311 420 105
105 431 160 83 87
460 607 421 607
607 105
434 10 282 16
434 296 42
763 763 5 859 87
434 121 16
42 42 642 16
42 387 118 607 105
424 329 300 460
460 347 105
424 404 16
16 771 16
105 69 550 212
424 210 434
87 255 82 78 424
434 16 222 607
424 128 142 434
87 183 16
212 357 107 132 87
42 215 87
105 441 566 569 105
424 404 494 404 424
105 420 607
105 329 80 105
460 679 80 105
434 163 212
105 355 856 105
87 84 105
87 183 513 154 105
105 340 424
87 23 546 115 105
434 19 249 820 16
105 607 87
434 460 159 434
424 422 153 424
42 671 932 544 434
460 211 460
87 607 42 42
42 147 612 340 105
16 828 142 597 460
87 363 63 212
87 180 393 212
16 518 509 87
434 159 210 434
460 462 462 212
607 393 424 612 424
212 462 212
16 771 105
105 145 256 87
424 255 607 460
424 21 42
212 163 42
607 434 859 87
434 269 105
424 434
87 393 424
105 914 165 434
87 105 163 212
424 308 424
105 152 105 42 607
87 422 163 212
212 283 308 424
460 467 152 434
105 81 713 81 105
684 684 684 684 684
87 518 434
212 589 105
87 974 87
460 41 280 363 87
434 493 212
424 589 424 424
424 132 236 269 87
87 547 87
16 424 518 16
424 820 269 16
87 828 87
561 462 506 83 42
424 695 424 474 424
424 212 87
460 81 303 424
434 144 434
424 483 41 87
424 303 424
424 256 21 212 87
16 405 166 105
607 589 212 42
42 607 105
87 661 502 7 212
105 255 256 434
434 132 424
434 820 42
424 83 106 42
424 210 351 495 42
105 427 473 537 460
460 462 424
434 340 10 434
424 748 460
42 199 41 42
16 489 87
105 281 424
212 7 212
212 144 212
42 42 333 474 87
105 281 424 87
424 17 224 74 87
42 300 434
434 99 434
434 199 434
87 371 210 255 424
87 64 105
87 173 416 173 87
212 163 105 212
87 258 256 434
212 288 296 105
212 81 105
424 483 424
434 589 607
434 812 803 252 212
607 434 87
16 424 462 460
87 372 283 105
87 363 105
607 490 434
460 434 221 42
212 357 108 357 424
460 663 137 434
105 914 914 170 434
16 249 105
460 249 424
105 508 82 172 87
424 166 48 212
424 249 87
434 87 42
424 142 145 212
212 212 147 424
424 329 212
105 21 314 495 460
105 233 474 212
105 159 244 460
87 173 434
424 125 424
105 233 87
105 427 460
434 107 478 478 434
87 642 42
212 28 170 460
87 212 296 212
460 607 434 229 434
42 212 434
87 642 87
460 462 424 404 87
87 255 145 462 424
424 371 45 87
460 615 828 371 105
42 473 296 105
212 147 42
460 115 153 612 424
105 180 347 258 87
212 17 643 17 87
424 612 163 87
460 419 87
87 607 105
105 508 105
42 87 87
105 28 545 87
561 462 561
434 106 212
87 255 87 173 212
212 83 434
105 42 607
42 427 87
42 199 105
212 210 84 87
434 159 105
434 474 434
460 23 212
42 106 278 129 460
460 170 183 68 424
212 422 87
424 783 142 427 87
87 114 340 612 212
212 160 582 667 105
16 157 155 393 212
105 44 441 282 212
16 748 460 347 105
434 191 434
212 23 427 87
434 200 434 152 212
424 31 338 16
105 5 900 165 212
87 166 42
212 490 42
87 163 87
434 255 87
424 210 105
434 153 82 131 87
105 518 166 125 424
212 144 434
16 68 550 667 105
87 166 353 69 87
434 212 489 105
460 215 87
87 212 83 434
87 63 16
424 154 424
16 748 367 16
16 304 87
434 489 408 57 460
460 214 460
87 74 424
42 160 132 16
424 738 424 46 16
434 489 212
16 164 424
16 190 311 424
87 227 87
434 490 42
607 490 42
105 296 167 41 212
105 333 422 42
16 362 401 424
212 166 105
105 371 105
424 87 424
16 68 667 42
434 198 203 495 460
105 367 495 105
42 756 183 424
105 215 105
105 473 105
16 106 16 308 434
105 105 226 42 105
424 326 92 326 105
212 371 87 626 87
424 366 404 421 434
424 401 542 544 105
434 424 105
42 490 42
434 106 355 16
105 569 81 424
105 81 105
105 601 105
424 121 367 424
434 441 87
105 115 531 445 424
105 367 438 87
87 954 249 550 212
16 355 356 434
105 422 427 212
87 269 16
105 158 105
434 459 166 42
87 303 87
460 116 434
42 434
87 325 87
105 546 453 607 460
434 404 16
607 170 434
212 147 460 256 460
424 105 255 87
434 128 430 533 87
16 190 434
424 172 129 46 434
607 256 87
460 183 356 424
434 607 253 87
424 151 339 116 460
16 80 286 129 105
87 114 280 296 105
424 283 212
434 63 434
424 21 145 144 434
607 434 363 212
105 303 252 288 434
42 372 431 434
87 371 28 87
434 306 549 19 434
42 41 87
105 544 212
105 80 460
87 303 355 105
212 23 42
424 147 424
763 763
424 105 327 105
16 80 367 16 105
105 128 607
424 105
105 187 42
434 612 42 19 434
16 106 16
607 42 226 42
434 255 421 180 212
434 63 255 87
42 612 424
424 105 371 212
42 87
87 459 221 42
105 77 105
434 28 105
212 212 544 81 16
42 81 460
87 427 105
607 105 154 434
87 253 509 183 460
684 684 684 684
16 222 607
105 589 283 87
434 87
424 269 212
434 434 489 434
434 433 434
16 434 478 434
105 358 765 856 87
105 508 509 434
434 677 434
424 269 644 180 105
460 537 607
763 763 763
434 424 87
212 147 212 69 424
460 490 80 105
105 419 84 87
105 489 106 290 16
424 142 211 16
434 243 42
16 404 372 42
87 17 105 607
212 128 424
424 68 183 145 434
434 69 212
42 612 173 212
434 340 274 424
87 484 64 434
424 612 233 87
434 478 424
87 283 221 155 105
434 253 189 671 42
460 159 243 607
87 424 212
460 419 591 83 424
87 509 105 199 434
424 290 16
87 427 460 467 434
87 243 607
105 223 121 183 87
424 249 87 114 105
434 490 434
16 375 21 212
434 105 215 105
212 474 212
42 427 473 493 42
105 87 424
87 212 283 308 424
212 105
460 115 424
424 509 81 58 87
105 589 434
42 160 17 434
212 172 87
105 199 434
434 280 424
212 518 424
434 365 607
424 153 87
16 63 160 169 16
87 161 87
87 243 87
16 211 87
105 288 434
16 748 944 748 424
16 64 68 300 434
424 21 115 173 434
87 183 303 212
424 366 105
87 183 13 87
212 115 434
212 589 564 209 424
212 427 282 424
16 820 16
212 459 106 771 16
424 283 424
424 81 121 87
212 129 418 129 460
42 21 787
424 212 105
87 441 249 424
87 490 513 87
16 269 216 45 16
434 356 424
460 495 460
424 28 212
16 362 160 105
212 107 87
607 170 607
16 121 116 460
87 489 434
105 80 424
424 160 282 212
87 422 105
434 531 186 31 424
424 113 329 212
87 114 105
212 152 548 607
16 375 16
424 100 434
87 21 787
424 282 424
105 154 492 105
434 533 269 87
105 363 87
434 431 433 434
105 400 69 212
434 253 607
434 87 974 87
460 495 424
212 48 492 42
434 859 859 105
105 329 87
87 41 434
607 533 45 424
105 127 189 190 105
212 253 212
87 404 16 164 424
16 357 81 424
434 116 460
424 58 13 497 424
434 107 453 607
105 21 326 105
87 69 424
87 820 42 453 212
434 612 145 114 87
460 495 118 549 460
460 81 212
42 215 105 212
787 21 74 560 607
434 137 880 424
42 86 87
42 58 424
434 87 434
460 440 460
434 607 87
16 115 147 105
42 607 253 607
87 236 87 105
16 748 460
424 434 518 434
42 87 212
105 129 42
434 215 363 434
434 170 424
460 244 159 460
42 183 212
42 169 105 412 105
607 255 483 226 42
105 431 212
42 474 434
105 748 283 81 434
87 106 695 607
460 615 168 424
434 329 208 208 87
434 199 105
87 252 160 424
87 269 16 424
434 405 212
105 489 16 45 16
607 253 283 424
42 667 533 434
434 255 424
105 453 212
16 263 16
42 105
105 478 543 424
87 654 105
460 460 518 518 87
105 252 854 252 87
212 422 42
607 589 256 607
16 642 212
42 115 16
16 308 21 87
212 329 42
212 367 105
607 471 434
434 21 212 212
424 375 105
434 113 183 695 607
105 281 16
87 41 212 422 105
434 35 13 667 105
212 665 63 285 105
424 45 16
16 157 347 460
434 356 329 210 424
424 188 42
87 300 42
607 544 820 106 87
105 667 42
460 244 615 269 105
424 46 448 424
434 812 87
424 474 105
424 748 424
42 474 859 153 105
212 508 509 434
424 124 82 145 42
424 493 212
42 642 87
87 484 448 87
212 58 597 460
434 255 42
87 210 87
424 355 518 16
105 243 166 77 212
424 80 174 282 424
105 492 212
424 303 209 64 42
212 253 80 490 212
42 255 42
434 551 106 424
105 180 87
434 421 607
16 495 315 695 424
424 230 283 128 212
434 322 269 87
16 311 366 285 105
16 157 296 87
424 367 546 233 424
16 157 16
212 531 142 424
212 612 424
460 518 518 87
434 65 450 183 42
434 434 365 314 105
87 20 695 607
87 283 290 87
42 671 42
87 153 424
105 367 473 434
87 489 105
434 220 17 42
607 537 460
105 183 188 518 105
87 105
42 405 308 16
87 495 256 290 87
434 275 65 434
16 543 280 105
105 83 236 434
16 357 68 424
424 338 367 363 434
607 519 106 42
105 249 147 87
607 296 215 255 42
424 249 607
434 159 210 434 16
87 424 434
105 81 87
684 684
105 607 434 172 424
105 544 105
105 296 932 147 434
105 106 42
212 508 105
87 155 333 87
105 856 87
424 429 424
460 23 494 212
434 64 215 42
607 544 607
424 151 424
16 153 404 212
424 357 424
212 296 212
434 173 462 460
212 106 212
424 83 114 87
87 253 87
424 950 474 87
434 419 87
105 223 183 16
212 87 859 212
212 329 434
87 607
87 256 121 212
460 147 106 424
212 74 42
434 353 99 424
87 161 667 509 87
607 453 121 58 105
105 280 424
87 137 87
460 256 460
460 41 198 434 105
87 62 70 372 42
105 243 105
105 357 82 87
105 154 87
105 187 105
434 427 153 16
434 252 105
460 215 42
42 490 212
434 105 16
105 493 424
42 474 42
42 147 366 105
607 544 434
42 86 328 460 460
105 255 87
105 84 549 190 87
87 393 434
460 115 546 462 561
87 283 594 83 424
42 405 108 405 16
42 183 434 212
16 44 212
42 106 462 561
87 643 162 212
105 169 105
424 405 128 212
87 147 42
212 283 16
42 333 163 170 434
87 23 785 23 42
460 129 434
212 105 42
212 508 69 424
424 424 474 105
424 748 944 748 424
105 327 105
460 333 460
42 128 51 109 424
16 282 434
212 544 105
212 21 624 223 212
434 828 233 424
424 114 87
460 607 490 607
42 495 424 230 424
105 80 69 356 424
424 20 424
434 509 105
424 15 429 45 16
87 404 16
212 329 105
16 362 16 434
105 544 257 543 16
16 356 424
87 253 405 87
434 145 114 405 212
460 730 460
105 357 16
87 255 87
434 408 434 677 434
212 63 932 427 460
212 74 142 424 434
424 316 187 16
87 329 363 212
105 5 115 212
212 932 296 212
87 495 42
212 82 820 212
105 269 212 329 42
434 62 29 5 105
105 210 243 87
105 17 254 180 105
424 393 212
87 642 300 495 424
424 58 424
460 183 87
607 170 4 434
42 296 105
434 159 183 128 212
424 308 21 329 212
212 70 288 105
87 371 81 356 434
434 180 434
42 820 15 269 212
87 172 424
42 166 64 87
424 589 105
16 196 207 820 87
87 236 87
212 105 607
105 589 607
87 256 607
212 105 121 221 16
434 183 302 419 460
105 400 690 366 424
212 41 932 748 16
424 290 434
87 820 42
460 147 105
105 77 254 28 212
16 362 16
434 589 434
434 233 612 424
16 282 531 212
424 124 424
105 667 509 105
87 77 142 424
212 642 212
434 69 400 21 434
424 526 424
424 357 375 105
87 236 183 434
434 412 252 87
434 42 115 116 460
434 105 87
87 269 154 783 16
434 607
105 748 460
424 105 212
424 783 16
87 86 154 783 16
105 163 641 212
105 121 462 561
87 115 366 105
434 203 198 434
212 518 187 16
16 107 106 16
105 77 557 518 16
105 105 226 42
787 21 333 42
434 172 424
424 28 424 355 212
212 411 665 859 212
105 154 105
105 81 490 87
424 168 198 258 434
212 255 152 612 424
434 87 304 304 87
434 258 424
434 132 518 424
424 106 641 160 212
434 478 81 42
212 489 87
212 233 87
87 153 16
105 914 105
434 106 190 42
16 81 222 74 87
16 337 160 401 424
105 654 153 434
434 489 434
87 58 87
87 665 87
434 393 378 393 424
212 226 142 783 424
434 647 434
607 460 462 212
87 132 434
212 106 106 607
105 159 434 467 434
424 93 513 115 212
87 518 460
42 492 518 16
212 212 371 87
424 147 105
607 106 255 212
105 154 434
105 105 422 424
212 544 607
87 859 105
105 184 249 434
87 227 495 424
212 355 16
87 424 105 212
87 296 549 212
434 509 105 434
607 365 278 256 607
424 612 424
424 154 83 340 434
87 453 301 269 16
424 21 249 87
212 87 183 303 212
16 304 304 87
105 450 438 87
212 42
607 544 105
212 210 363 87
424 147 212
434 258 105
42 495 424
434 233 105
212 612 212
424 738 2 283 87
212 453 42
434 493 424
212 453 459 42 87
212 329 474 663 460
424 543 16
607 434
212 641 748 16
460 249 362 434
87 83 87
434 184 508 105
434 427 142 105
212 424 147 424
434 450 183 16
105 283 105 87
434 471 434 105
212 152 467 460
16 249 460
434 168 434
424 209 242 243 87
87 154 424
434 215 434
42 667 105
434 401 256 434
607 419 460 434
424 497 13 489 434
212 364 212 434
42 42 427 87
434 651 118 607
87 41 42
424 405 132 405 424
105 147 424
460 748 424
105 121 165 492 105
105 92 105
42 453 607
16 404 424
424 375 121 495 434
212 726 212
460 225 221 42
212 70 431 212
424 209 16 209 16
424 31 143 42
460 249 183 460
434 168 493 434
16 190 473 105
434 474 105
16 63 208 434
424 153 180 212
434 255 249 607
212 74 106 607
42 255 160 212
87 212 253 434
424 154 105
87 474 154 163 42
42 183 434
424 274 448 87
424 518 460
16 642 16
105 249 434
212 303 212
424 308 16
607 434 172 424
105 612 105
424 164 424
16 748 16
105 543 672 44 424
434 161 87
42 473 495 424
434 11 133 483 424
424 641 333 87
424 245 42
87 422 427 42
105 147 42
434 473 170 163 87
87 114 41 42
212 42 87 87
87 607 87
212 363 121 203 434
105 914 105 424
42 184 422 84 87
87 326 87
42 492 144 212
105 212
424 464 165 245 42
460 607 87
87 290 263 16
16 340 152 212
460 147 254 77 105
212 405 758 758 424
105 405 493 42
424 543 424
460 147 166 355 16
434 253 607 434
434 677 199 200 434
16 295 434
105 77 121 427 42
434 132 424 212
42 64 211 460
460 460 411 211 212
42 190 87
212 493 424 230 424
42 422 212
87 50 87 607
87 21 932 453 42
105 152 467 460
424 263 16
105 427 212
42 243 963 87
87 131 552 424
212 69 87 212
105 518 16
434 233 142 450 105
87 180 434
16 107 16
434 356 419 607
763 763 5 458 434
424 747 663 460
16 221 42
105 269 212
424 758 405 212
87 422 42
787 21 434
16 105 187 87
424 68 107 41 105
105 296 212
460 167 172 333 434
42 243 607
434 859 153 105
16 311 424 308 16
87 107 642 21 212
105 80 282 16
16 434 16
105 147 460
434 81 16
105 393 103 86 424
434 363 105
87 963 859 612 105
105 21 105
42 83 495 87
42 226 42 434
42 642 42
105 371 212 424
434 308 424
460 159 303 434
212 144 121 16
212 393 424
212 367 80 16
424 509 710 69 87
87 81 607 42
424 371 518 58 42
87 45 62 427 87
212 364 212 434 212
607 548 434
105 453 607
87 223 152 269 105
607 421 607
212 434 551 533 460
16 258 424
212 17 434
460 421 607
424 147 212 191 212
87 77 87
212 492 144 283 16
434 544 212
212 431 212
105 478 434
105 375 105
87 105 190 42
607 471 607
424 483 165 212
434 460 183 87
87 509 212
87 82 783 424
460 493 424
42 183 424
42 255 212
607 589 142 424
460 490 490 106 424
16 355 105
16 357 183 187 87
105 355 255 87
16 280 493 473 87
42 145 145 42
212 106 106 212
460 170 81 357 105
87 405 87 212
434 572 426 87
87 145 187 549 212
16 375 105
87 304 304 87
434 551 533 460
434 11 506 87
424 367 170 371 424
434 647 435 440 460
424 367 486 356 424
424 283 282 212
87 493 212
561 462 460
434 544 434
434 296 607
42 42 42
212 114 212
460 440 61 434
434 214 351 420 212
460 189 434
424 393 643 87
424 258 87 212
87 128 42
607 243 607
424 424 424
212 641 495 222 16
212 82 161 419 434
105 58 424
424 424 125 424
561 462 249 105
434 290 282 424
212 489 105 326 105
42 215 105
16 489 212
607 471 607 434
460 225 331 215 105
16 174 283 210 105
105 165 492 42
42 243 87
87 963 932 258 16
212 82 151 23 42
212 105 569 81 424
434 183 142 424
87 147 106 226 212
16 45 448 87
434 137 107 77 87
212 490 165 212
16 424
87 607 434
87 615 460
424 589 607
460 490 607
105 419 121 357 16
763 5 11 233 460
424 105 422 153 105
424 543 294 543 87
105 147 212
105 154 424
212 489 528 489 105
87 489 5 492 105
212 303 356 258 16
105 114 212
212 367 212
16 308 434
434 163 420 326 424
424 434 105
434 393 212
434 433 364 212
434 158 434
87 509 105
434 245 42
212 87 21 787
434 233 460
212 131 612 105
16 187 329 434
16 44 86 212
42 671 42 20 424
87 626 87
87 50 87
424 747 663 460 607
434 165 494 152 105
105 493 212
607 256 105
434 152 116 460
16 282 212
424 21 489 489 87
105 492 283 16
16 196 14 128 212
42 215 188 42
787 21 424
434 367 16
460 189 508 188 42
212 508 212
434 61 60 283 105
424 340 434 820 42
105 258 87
424 245 424
42 343 343 42
87 190 42
16 375 424
212 434 314 256 105
87 954 87 493 434
424 86 533 290 87
212 166 424
424 255 355 212
434 187 42
105 223 87
212 641 212
87 28 877 184 105
105 427 434
434 303 405 87
424 269 424
16 518 183 87
424 371 100 353 87
212 371 424
42 105 83 236 434
16 105 42
87 489 212
424 497 424
87 256 495 42
105 424 68 212
460 183 460 607
42 83 355 424
607 548 607
212 424 28 87
212 340 46 300 460
87 190 16
105 509 467 434
105 190 62 87
105 314 495 105
87 371 87
434 420 490 434
212 450 105
424 366 152 212
212 211 16 304 424
460 215 459 42
212 489 105
16 748 160 44 434
105 404 166 314 434
607 490 607 460
212 253 121 105
434 198 196 16
424 316 424
434 411 212
424 16 105
424 543 424 424
424 258 87
607 255 46 255 105
16 153 155 147 434
424 210 212
105 492 212 223 105
212 544 434
434 338 318 64 434
42 422 105
607 296 42
434 813 817 544 434
212 459 42
105 518 615 87
105 152 105 42
87 856 212
212 69 87
87 290 87
16 128 16
434 303 424
434 142 576 212
16 45 533 434
434 121 190 434
424 249 569 105
42 188 424
42 492 42
424 62 100 434
434 105
105 914 115 105
105 183 309 612 42
460 607 434
87 547 114 283 87
105 288 333 460
87 607 560 810 87
87 49 87 424
42 81 607
105 115 147 212
787 21 333 42 42
105 81 170 105
42 671 42 495 424
460 170 249 333 212
16 105 16
87 405 288 434
42 64 105
434 152 283 424
87 106 424
434 92 434
87 155 87
460 233 105
460 518 212
460 170 371 87
105 82 212
212 233 115 460
434 471 434
434 189 726 212
16 357 615 820 42
460 679 80 424
87 210 295 16
424 109 62 424
105 533 18 424
434 280 424 340 212
434 420 362 16
105 81 283 105
212 357 212
87 828 145 81 607
16 222 282 87
16 80 460
105 355 212
434 221 42
434 137 169 434
16 174 212
434 367 300 748 424
434 509 549 288 434
212 427 212
434 440 160 87
16 356 434
87 147 434
16 448 87
434 474 424
460 493 65 280 42
16 356 564 81 607
460 434 183 68 212
42 612 41 434
424 174 58 601 105
42 333 434
87 441 87
434 148 434
87 222 607
42 298 137 211 87
42 226 42
105 422 153 105
87 17 105
434 212 233 87
87 518 16
424 121 145 42
424 16
434 459 434
87 74 212
16 518 771 105
424 747 550 212 42
16 106 105
212 856 105
212 363 434
87 114 363 105
424 74 424
42 19 661 363 212
460 518 223 756 42
434 145 212
105 589 212
434 189 434
87 434
105 296 215 183 16
212 493 424
460 411 211 212
212 549 212
212 492 165 434
42 820 412 105
105 450 167 168 424
424 375 357 16
460 495 42
87 255 210 243 87
424 147 42 147 434
607 589 607
87 86 87
105 215 434
105 314 495 105 434
42 17 105
460 730 211 464 424
105 69 105
212 128 42
16 105 42 607
424 58 372 87
105 105
212 129 495 671 42
87 513 66 48 212
105 351 122 180 87
87 489 434 401 424
16 311 282 87
424 356 424
460 147 644 269 87
16 363 115 48 105
42 474 212
434 115 16
42 166 513 87
434 212
434 495 87
212 69 420 607
105 422 518 424
42 298 42
434 145 105
16 311 424
607 105 355 137 434
460 493 42 607
434 612 162 212
434 105 427 42
105 105 16
424 337 464 424
607 42
424 747 550 212
424 318 547 87
87 329 87
434 551 671 329 212
212 453 121 16
105 203 105
212 493 87
87 371 363 212 42
16 338 16 395 16
212 329 87 626 87
42 607 87
434 255 222 255 42
87 223 166 212
434 495 42
87 371 363 212
424 274 139 424
434 63 635 4 434
460 490 518 132 424
87 106 16
424 142 211 16 434
434 81 105 427 460
212 69 424
105 346 351 105
87 954 87
105 106 424
16 280 280 434
434 460 537 222 424
87 180 84 422 424
105 187 69 551 434
16 771 518 105
460 748 16
424 783 424
424 78 77 105
87 296 283 212
763 763 763 763 763
16 169 89 169 16
607 105 314 495 105
16 68 424
212 121 453 42
87 212
607 365 152 434
424 950 166 87
424 168 544 133 42
460 597 460
87 490 42
424 263 169 460
434 427 212
424 93 169 21 87
87 828 612 424
434 467 106 190 42
434 233 441 87
607 695 424
424 17 226 483 424
87 210 46 16
42 115 170 434
212 493 460
42 405 424
424 132 405 105
105 160 471 607
424 355 16
424 355 212
212 249 187 145 105
434 296 607 419 460
424 290 424
42 44 967 44 105
105 160 424
607 256 356 16
460 214 460 495 424
460 748 105
42 87 105
16 81 460
87 105 154 492 105
16 495 748 460
607 434 229 434
460 189 473 184 105
460 473 489 434 424
434 368 394 283 16
424 81 494 576 212
212 303 909 87
105 771 145 255 87
212 166 147 105
105 160 338 424
460 537 222 424
16 107 173 748 105
87 412 87
434 252 434 434
434 460 80 16
434 363 212
434 404 494 212
434 401 249 105
105 105 434
105 249 460
434 256 212
105 226 434
561 462 21 787
424 170 188 42
460 214 434
105 420 607 434
105 161 87 434
87 422 180 434
434 275 434
105 518 211 87
424 395 424
434 19 365 434
460 147 42
16 64 157 16
607 490 607
212 166 152 105
424 303 87
87 859 269 174 212
434 17 87
434 338 16
42 492 105
434 243 80 105
105 105 288 105
105 427 42
212 371 87
105 333 87
87 626 87 50 87
87 543 121 212
434 183 68 212
460 748 460
87 448 46 106 16
212 508 212 393 105
424 153 17 212
434 258 478 424
424 695 189 87
42 199 42
424 589 424
434 812 412 87
105 249 42 86 42
105 441 105
434 467 434 303 212
87 17 154 474 434
105 187 87
16 362 498 44 105
87 233 121 828 434
434 147 87
212 147 212
434 550 434
87 152 105
212 424
42 42
424 355 424
105 509 105
87 187 87
42 642 16
212 180 160 233 434
87 828 434
212 367 80 460
434 544 105
42 221 405 256 105
424 462 254 41 87
87 147 13 190 42
434 233 424
434 427 160 159 460
16 290 16
212 371 62 747 424
460 427 115 105
607 243 537 460
87 424 783 16
424 497 531 212
16 45 16
212 70 62 87
434 154 434
42 212 69 166 212
212 427 107 16
212 223 105
42 147 434
105 856 434 87
434 152 212
42 17 107 152 87
460 147 460
105 153 105
434 243 434
87 41 14 256 424
87 154 173 212
87 495 160 453 105
105 256 434
212 42 87
212 288 105
212 424 105
434 210 329 405 212
434 152 116 460 434
16 68 663 460
42 245 42
212 329 87
212 7 161 300 460
16 290 424
105 128 434
212 58 282 87
105 607 695 424
16 304 16 80 460
763 5 859 87
42 756 42 212
460 518 560 474 424
105 184 422 333 212
424 290 493 419 87
424 196 424
424 258 434
87 189 87
16 210 132 738 424
212 357 105
212 546 509 212
16 308 16
105 355 137 434
212 665 212
105 283 366 424
87 426 133 11 434
434 210 434
424 164 448 16
424 357 589 434
87 23 30 434
424 132 518 424
607 87
212 211 16
212 129 169 460
212 131 87
105 161 434
434 296 393 105
434 306 434
42 42 190 105
87 28 952 69 87
212 211 21 274 424
87 81 607
16 448 15 424
105 363 212
16 209 16
212 612 282 494 212
42 387 118 607
105 154 783 16
424 151 62 41 212
16 379 16
607 434 478 474 434
87 506 87
105 434
42 607 434
42 19 434
607 419 460
87 473 460
16 15 820 212
212 453 212
42 243 252 4 424
561 462 212
212 147 87
42 756 42
105 210 355 115 105
212 163 87
434 308 434 243 42
212 641 424
434 459 166 42 42
87 50 49 87
87 173 212
212 77 105
87 453 459 42
105 280 282 196 424
87 372 42
434 35 121 16
424 222 87
212 191 212
434 518 188 459 434
105 121 209 16
424 16 783 424
434 589 142 434
42 612 42
424 612 4 738 424
460 80 16
42 129 44 424
424 311 295 424
607 42 255 42
87 552 424
87 371 363 105
212 405 83 42
434 23 87
434 859 665 212
87 45 429 424
424 748 105
607 453 105
87 296 42
434 69 434
434 434
212 68 69 212
42 163 20 329 42
87 607 42
87 974 128 169 16
434 282 131 163 434
434 322 434
434 329 254 180 434
105 550 21 364 212
212 129 105
424 46 236 243 87
434 489 129 58 105
105 654 252 211 460
42 115 116 460
424 15 16 132 87
87 163 105
434 16 448 87
607 42 42
105 424
212 165 226 106 105
460 189 453 42
434 200 434
607 128 87
424 233 166 210 424
424 269 105
105 282 62 748 424
105 355 105
607 453 87
434 148 401 434
460 116 460 607
434 607 519 106 42
460 518 132 434
87 173 434 105
434 252 434
434 459 87
212 210 212
434 106 82 74 460
424 258 105
42 145 290 87
434 340 78 424
212 62 812 208 87
561 462 249 607
87 45 828 16
424 304 82 105
434 434 459 87
607 533 572 282 87
212 180 87 42
87 74 87
424 255 106 105
434 296 212
434 612 42
212 173 612 212
434 303 121 518 424
212 364 212
212 405 158 105
212 166 559 518 16
42 147 62 77 105
607 589 212
787 21 489 212
607 420 29 183 434
105 60 105
434 256 87
105 41 434
87 121 362 44 105
16 783 424
212 86 271 131 212
424 16 448 16
434 153 105
212 162 323 411 434
212 371 640 45 87
105 154 269 145 42
87 828 64 99 434
87 552 87
763 5 458 434
212 145 212
434 256 28 80 16
105 82 87
424 109 424
424 168 434
434 612 105
105 533 434
87 42
212 820 85 86 212
16 489 132 434
607 419 199 199 105
460 537 486 188 424
460 462 121 365 212
42 490 81 63 87
87 283 365 434
105 612 42
105 310 105
424 106 212
424 18 424
607 249 210 105
460 225 459 434
42 106 548 434
607 42 226 42 434
434 424 274 139 424
460 116 460
105 155 269 434
16 828 405 173 105
105 518 16 105
42 86 328 460
212 333 42
87 147 154 105
212 114 87
212 81 544 129 105
434 132 552 87
424 367 434
87 105 357 258 105
460 607
434 474 108 190 16
212 74 222 607
105 543 424
434 21 327 105
105 329 64 212
212 142 145 212
16 338 16
87 256 105
460 748 121 58 212
460 80 174 212
434 303 21 212
434 106 434
434 314 434
212 434 303 212
607 589 357 329 434
434 165 409 357 16
42 64 90 329 424
434 10 306 434
434 200 128 121 105
434 295 424
434 221 434
87 153 105
607 548 753 86 424
434 159 434
460 663 747 424
87 642 405 548 607
460 419 280 87
16 107 16 128 607
424 255 434
105 546 453 607
212 333 211 249 42
105 154 152 183 212
212 357 615 87
424 109 62 245 424
434 92 11 434
434 493 82 212
607 420 128 667 105
105 489 771 105
434 187 679 460
16 434
424 424
87 513 87 105
424 429 929 322 434
87 87
105 199 296 42
212 129 544 434
42 147 105
424 283 87
212 576 212
212 255 434
212 422 212
87 459 80 105
42 129 187 105
105 87
424 340 434
424 303 807 132 424
16 405 87
460 434
434 173 105
434 533 530 92 434
87 371 495 222 607
434 249 212
607 548 115 16
212 74 142 424
434 243 42 607
42 329 424
424 121 165 258 434
424 114 300 42
42 169 105 16
87 419 105
105 771 105
424 269 579 269 424
105 427 460 607
434 269 434 81 16
434 69 105
212 355 106 607
434 190 418 467 434
212 424 212
460 117 160 282 87
607 589 105
212 106 642 42
460 256 647 221 16
424 46 16
42 333 460
434 651 434
87 422 513 474 212
105 180 17 105
424 464 464 420 105
105 474 105
16 495 495 641 212
460 518 11 506 105
105 495 748 16
434 371 87 626 87
424 474 42
424 355 114 424
42 226 434
42 255 607
460 663 460
434 189 726 212 87
87 363 87
105 121 249 212
434 144 212
424 589 357 212
424 15 16
105 340 105
105 357 258 105
434 42 183 424
16 187 105
87 509 434
424 371 87
16 107 489 16
105 41 129 42
105 152 212
87 42 434
434 106 607
607 460 249 424
607 560 810 87 424
105 16
87 325 21 152 87
87 41 434 459 434
42 453 654 105
87 546 474 105
105 453 105
105 190 87
87 155 105
434 169 460
212 17 424
42 459 434
424 311 295 424 424
434 89 159 460
424 153 424
105 190 420 105
460 419 434
16 68 16
434 258 434
87 453 87
42 199 677 434
42 87 954 249 87
87 405 87
212 70 212 544 434
105 121 209 16 424
87 115 83 87
16 448 484 87
460 183 105
424 950 427 431 434
212 434
