533 518 445 77 546
145 303 513
145 533
954 518 154 533
615 17 546
615 115 155
533 950 533
518 145 212 518
155 130 351 364 363
422 21 145
518 771 518
422 513 513
518 252 518
145 950 404 145
155 465 83 17 363
533 116 405 145 615
615 83 615
518 559 518 422
546 422 533
615 142 783 154
513 229 513 615
533 401 714 615
533 360 265 360 533
546 604 131 422
615 518 954 546
518 183 155
615 954 518
145 87 954
518 187 152 186 363
363 154 183 145
615 954 546
155 157 155
533 515 275 226 513
546 760 546 850 546
155 105 747 513 615
155 333 119 470 155
546 184 187 145
363 296 160 533
518 107 164 533
954 87 422
546 282 880 58 533
546 255 424 422
533 180 107 954
422 404 145
154 492 518
513 184 422 518
533 58 546
154 647 647 82 145
145 950 17 363
155 81 145
533 252 145
154 963 58 518
615 404 422
363 188 155
422 154 422 533
984 333 155 739 155
422 248 74 17 145
155 546 340 256 145
984 66 146 299 546
533 422 513
422 58 145
422 82 518 509 518
422 154 422
533 25 533
145 86 145
615 147 155
615 474 154
615 453 255 546 533
546 518 546
546 145
154 17 615
145 269 546
518 187 363
513 459 0 88 533
533 333 615
154 493 546
518 621 518
363 365 114 533
513 124 638 44 533
145 290 546
615 800 615 954
518 661 518
533 422 404 518
615 58 422 546
363 278 160 160 145
155 157 155 104 155
518 422 533
546 23 116 460 533
363 121 615
518 62 736 86 145
145 142 222 87 513
533 562 533
363 215 363
518 954
615 252 546
154 404 533 422
363 365 513
154 647 420 210 513
145 144 615 954 518
546 184 582 533
145 255 145
145 518 513
363 255 363
546 221 314 363
145 326 155
155 546 86 84 533
513 87 145
145 86 154
518 154 513
533 105 546
546 340 546
155 173 546
615 145 518
363 21 615
363 186 144 145
154 5 511 651 546
145 187 106 546
546 147 155 363
615 180 145 290 546
513 355 513
546 742 546 518
615 427 546
615 163 145
518 209 155 849 155
155 849 155
533 518 155
518 460 347 166 422
154 87 187 145
145 147 533
145 106 424 121 145
546 145 166 145 546
154 422 427 546
422 404 254 859 546
533 84 160 427 615
533 262 533
145 546
363 161 363
546 377 155
546 62 163 154 513
546 145 17 546
422 82 333 155
533 350 352 546
546 362 183 169 533
615 422 546
615 253 80 546
145 255 434 154 155
984 66 66 513
533 147 533
154 513 355 513 546
533 333 422
533 877 184 21 518
546 221 256 462 513
533 20 92 513
154 147 155
546 906 546 518
546 509 434 533
615 422
546 397 546
533 81 365 184 546
513 269 546 604 546
546 249 155
518 86 145
513 546 154
615 669 420 669 615
513 115 163 533
513 21 518
154 647 154
984 333 233 239 145
363 87 954
546 850 199 850 546
155 470 494 93 513
155 130 191 284 155
155 130 155
533 800 533
533 146 615
363 365 314 507 513
615 521 615 155
422 153 154 87 363
145 571 63 363
533 173 533
533 145 20 533
546 453 615 546
155 520 155
533 663 551 533
518 188 518
363 518 86 546
422 546 154 954 546
615 17 533
154 422
145 422 518
422 23 434 518
155 137 365 19 513
422 513 490 249 546
145 46 638 355 513
422 23 546
546 147 422
145 144 546
513 121 493 154
533 15 760 546
145 615 144 546
363 422
546 77 282 226 533
533 551 21 533
363 422 269 145
615 453 86 756 533
533 45 461 533
154 954 615
155 133 155
533 115 145
518 954 615
155 44 546
155 211 364 152 518
615 253 84 513
155 351 363
155 81 215 150 155
615 153 856 615
546 269 447 269 615
154 87 363
546 509 518 518
533 186 31 337 155
145 269 155
533 422
518 366 147 615
422 393 82 116 513
615 144 546
518 405 115 615
518 154 533
546 812 546
984 333 533
155 81 363
546 493 546
513 615 800 533
533 393 422
513 21 513
533 541 155
154 492 186 533 518
518 533
533 147 83 533
615 115 155 363
145 163 72 106 145
145 615 427 422
422 153 615
155 188 533
546 299 80 460 518
533 188 155 849 155
155 615
145 856 355 546
615 144 615
533 333 652 513
615 153 984
513 303 513 154
155 333 269 422
533 430 569 161 363
518 154 422
615 513
154 154 954
145 828 145
145 188 363
145 234 145
518 615 180 145
518 533 333 615
422 950 145
155 115 533
615 252 518
546 441 546
155 189 533
154 256 28 533
546 820 615
546 30 51 498 533
422 427 17 615 954
513 84 533
513 507 513 906 513
615 453 615
422 615 518 351 363
145 256 492 144 145
154 654 783 154
546 2 546
154 106 756 533
145 333 932 236 533
154 106 17 163 422
954 615 155 154
513 229 387 950 422
513 66 211 363
615 546 145
546 210 363
615 58 533
145 160 226 121 546
546 393 155
934 163 422
145 828 615
546 909 546
533 303 145
145 183 128 533
422 147 154
155 877 155 363
615 309 615
518 422
155 249 441 602 533
513 462 106 83 154
533 145 518
155 269 533
954 546 597 546
154 155 209 154
155 223 155
533 820 615
155 106 154
615 465 155 877 533
422 166 513
615 856 87 615
533 249 513
363 365 489 129 422
513 422 513
533 58 546 604 546
155 371 518 460 615
615 714 615
615 333 533
513 652 513
615 129 546 518
533 129 203 128 363
518 21 642 513
533 333 145
513 546 533
363 278 168 615
363 371 132 518
422 404 518
518 363 121 615
546 252 533
513 121 355 518
546 906 513
513 459 661 518
518 155 518
615 493 87 363
154 375 154
363 115 422
615 146 66 984
533 422 393 546 615
145 46 812 877 533
954 154 518
363 664 363 154 513
155 211 169 363
155 17 363
422 404 185 533
546 155 518
546 906 546 533
155 44 533
546 954 87 422
155 533
518 155 249 615
145 187 87 145
615 58 422 147 154
363 371 533
533 362 518
422 819 461 533
513 269 474 145
363 152 434 154
546 906 533
422 513 121 493 154
518 492 932 153 513
533 187 518
615 518 954
154 5 163 154
145 256 705 401 533
363 21 615 155
615 145 145
546 963 154 412 615
533 679 533
615 163 934 163 422
533 105 252 546
154 513
934 163 533
422 427 23 82 154
154 492 186 533
363 371 209 541 533
155 145
533 84 533
546 742 742 546
154 654 783 154 513
422 820 546
954 546 546 533
154 105 236 154
518 426 440 266 533
145 58 153 493 533
145 828 546
533 435 533
513 154
533 326 424 422
533 160 323 654 154
615 518 422
518 546
546 144 492 105 154
422 147 533
546 321 546
533 177 380 397 546
154 434 154
154 147 145
533 58 154 155
533 333 474 186 363
615 244 303 62 518
155 371 518
546 77 78 82 154
422 212 145
155 877 137 81 533
533 877 533 906 546
546 615 422
546 333 615 513 513
546 187 546
518 405 424 783 154
546 211 114 655 513
155 211 155
422 615 518
615 180 145
145 115 23 533
513 147 160 533
533 146 299 546
155 115 58 546
533 213 360 265 533
546 362 518
363 518 615
154 256 31 155
533 404 154
422 145 144 546 422
533 145
615 153 422
518 249 19 422
615 153 393 145
533 667 187 546
546 187 546 2 546
155 236 533
422 147 615
145 183 155
513 271 366 86 533
145 170 81 155
145 155
546 760 546 954
422 21 642 513
533 155
155 154
546 760 546 954 154
422 145
513 153 984
154 121 533
155 615 954 518
155 377 546
155 58 498 440 533
546 742 546 145
155 849 155 655 513
155 337 155
145 187 533
518 492 83 154
155 18 310 249 546
615 17 518
518 577 363 508 363
155 145 999 145
533 303 105 155
546 954
615 404 17 105 533
546 44 533
615 474 82 533
954 546 546
533 460 679 533
155 115 155
513 121 186 533
155 269 513
546 859 546
615 87 107 342 533
154 474 422
363 169 133 419 154
145 290 106 546
155 393 155
615 546 422
533 129 168 615
533 58 654 58 615
154 5 302 533
145 546 30 31 155
615 800 615
513 184 115 615
518 621 130 155
363 186 152 363
533 590 533
145 612 492 154
533 950 422
615 747 615
518 21 615
145 422 272 513
546 147 154 513
155 81 473 855 155
533 163 821 163 518
154 83 533
533 576 533
518 58 145
615 145 333 145
513 425 621 518
615 513 546
363 16 128 35 533
546 86 145 999 145
145 393 533
145 17 73 223 155
546 208 155
615 147 546
154 422 272 513
155 337 115 546 518
155 546
422 474 105 44 533
422 82 518
145 187 129 533
155 223 106 615
518 87 513
145 269 615
513 268 73 84 533
363 155 81 533
513 268 215 66 984
615 828 233 87 533
145 20 106 145
533 422 393 533
533 551 723 546
518 163 107 747 513
546 187 546 546
546 17 155 104 155
145 144 546 422
145 256 81 145
154 422 154
533 97 533
518 86 128 371 363
518 211 11 518
533 359 499 533
518 954 546 546 533
533 362 820 546
145 145 422
363 664 486 155
615 21 17 533
513 154 154
533 242 62 453 615
546 187 145
513 474 62 58 155
615 615 163 249 518
155 154 422 272 513
615 747 513
533 581 79 445 518
363 105 533
145 105 546 850 546
615 513 154
363 508 546
422 546 129 615
533 280 363
533 155 615
518 954 546 154
145 170 82 783 154
615 147 533
533 190 87 518
154 236 155
155 188 518
145 422
518 615 87 513
155 249 533
363 518 154
155 81 533
422 184 19 533
615 147 145
145 256 154 375 154
546 355 654 783 154
518 254 518
533 82 859 546
154 269 145
533 461 446 272 546
533 303 105 155 145
533 252 211 363
154 393 154 155
154 155 615 954
533 616 435 647 154
363 280 333 153 155
615 153 180 422
145 20 121 363 518
533 188 533
155 209 155
518 16 153 615
154 154 363
533 362 533
155 512 155 533
533 440 661 518
546 147 145
363 364 165 820 615
513 272 584 272 546
533 679 189 155
518 519 227 519 518
533 154 533
615 155 187 533
546 820 114 145
518 155 615
533 188 155
518 366 518
518 17 155
422 87 422
615 393 546
154 518 513 518
145 234 828 615
533 404 654 211 363
546 422
518 211 552 518
533 188 145
363 17 546
533 800 185 800 533
145 828 546 154
518 256 546
518 17 615
546 518 422
154 422 615
615 252 58 546
513 462 546
533 249 546 742 546
533 163 473 533
363 577 518
546 233 236 154
533 155 236 155
615 856 950 145
513 170 533
546 290 533
422 363 186 144 145
513 462 21 615
145 546 954 546
422 513
546 474 950 422
533 20 163 533
154 236 363
145 249 236 303 145
513 509 513
518 212 363
615 518 954 546 546
615 427 473 508 546
546 226 518
518 187 155
546 154 954
363 249 41 546
615 243 83 83 546
145 405 518
155 108 155
546 828 356 303 145
363 87 615
533 188 518
154 363 422
546 546 163 546
155 429 15 128 155
533 360 293 362 533
533 145 422
533 333 546
533 154 106 533
363 278 363
518 513 652 513
518 577 377 621 518
154 154
145 144 615
533 393 384 363
155 367 367 44 155
513 218 317 18 155
154 783 669 615
363 152 121 615
154 404 518
546 245 546
546 249 46 145
363 531 363 518
546 147 546
155 183 513
546 208 363
546 760 15 533
518 256 154
513 121 615
513 462 424 518 154
145 144 615 954
154 422 546
546 23 546
533 4 160 249 145
546 441 434 393 546
363 256 145
546 147 154
533 264 533
533 210 58 154
615 87 106 188 533
154 114 245 546
422 546 518
422 546 154 954
954 615
145 233 145
154 434 145
155 420 249 153 154
533 877 533
533 116 405 145
533 46 273 46 145
145 462 20 21 615
546 518 363
533 546 422
984 66 984
513 218 312 17 615
154 404 533 422 145
155 518
513 211 3 236 363
533 160 512 155
533 530 161 19 513
533 164 533
533 906 546
546 474 87 58 154
518 249 404 145
533 460 147 249 615
533 282 154
546 526 537 366 145
155 371 185 533
363 16 518 533
533 457 129 515 533
154 513 355 513
546 340 256 145
533 129 422
533 422 533
363 664 694 664 363
533 518 145
145 615 357 615
154 492 154
546 147 155 189 533
363 87 954 518
518 209 155
513 459 615
518 155
363 114 155
155 333 87 954
513 229 513
154 147 533
954 518 154 546
363 186 129 107 518
546 828 434 314 363
518 546 154
518 21 211 462 546
155 541 155
363 531 363
145 427 254 518
518 11 506 105 546
533 40 75 84 533
145 163 533
533 518 21 615
513 226 546
422 404 252 272 513
615 58 546
533 45 533
155 213 155
533 321 250 166 518
363 152 154
154 252 518
546 155 849 849 155
533 185 533
513 183 371 28 363
145 546 163 615 513
518 21 17 518
533 127 533
363 249 513
546 493 154
518 83 154
145 427 145
984 153 427 546
145 20 215 363
155 236 154
155 147 254 144 145
954 87 533 422
154 393 154
155 236 154 363
145 255 160 533
533 147 154
546 87 333 615
546 44 155
363 434 154 422
546 462 145
155 153 173 546
934 268 513
546 105 518
546 62 154
155 145 144 615
155 215 363
546 226 546
615 427 422
533 226 513
615 465 155
145 546 62 154
155 145 115 145
422 269 145
518 519 459 589 155
145 20 121 363
546 173 155
546 393 533
546 954 615
518 163 105 249 154
363 161 555 7 546
154 492 518 155
615 474 154 163 154
546 103 14 226 513
533 320 396 320 533
546 87 518
145 832 192 832 145
145 255 62 498 533
145 58 601 333 145
533 17 615
518 16 363
533 440 438 64 615
533 422 363
363 81 252 518
363 518 145
954 87 533 422 363
363 577 249 518
155 153 404 533
546 546 533
546 154 422
533 422 58 145
546 604 211 513
615 145 546
954 546
145 160 667 533
533 187 145
546 17 155
546 355 546
363 664 363 154
533 21 513
546 906 546
518 283 518
513 87 153 154
155 150 377 546
155 593 128 533
954 249 154
518 615
154 249 128 486 155
546 397 296 393 154
363 187 533
155 147 166 145
533 180 422 518
615 459 106 615
155 285 738 131 422
518 552 126 552 518
615 121 533
533 145 269 615
533 607 533 282 154
533 302 533
422 21 642 513 518
155 615 954
546 963 930 234 533
513 518 155
155 855 155 154
155 104 155 546
615 954 546 513
155 249 615
533 210 256 154
546 828 145
546 82 550 165 363
546 367 486 458 533
518 271 366 518
155 154 147 145
154 546
984 333 155
145 42 495 256 363
518 424 21 422
145 256 186 363
533 154
422 115 820 422 615
546 474 422
518 371 169 533
533 186 856 546
155 173 533
533 518 518
984 153 142 393 154
615 87 166 427 145
615 546
422 363 518
546 163 615
546 282 546 155
954 154 155
546 269 404 533
533 581 533
518 422 363
145 256 154
155 104 155
422 363 364 363
363 531 282 577 363
546 212 422
533 84 513
533 115 513
422 131 422
154 412 615
145 212 269 154 155
954 107 954 518
363 188 145 546
363 215 121 427 145
422 115 172 121 615
533 335 533
155 1 155
533 430 533
155 188 363
422 615 513
363 210 513
546 474 154
533 81 145
518 132 158 546
546 226 390 62 518
615 404 154
546 145 166 145
518 166 422
518 154
513 303 513
155 615 800 615
533 188 363
145 546 155
546 453 472 284 155
513 518 615
533 320 397 546
145 20 533
615 669 615
422 513 422
154 252 174 46 155
518 954 249 154
533 194 832 145
145 249 145
533 422 145
363 283 128 363
155 589 459 188 145
363 188 533
145 771 145 87 615
546 30 31 155
533 173 154
518 283 282 16 363
154 58 422
363 186 363
533 602 533 422 533
533 667 582 533
546 518 145
513 615 518
518 83 154 155
145 333 533
615 800 615 155
615 412 81 518
546 106 212 546
546 30 546
145 17 546
145 832 859 546
422 533 906 533
154 513 518
546 155 188 155
154 375 243 615
533 46 533
615 155 154
422 244 422
615 106 190 533
546 513
155 337 30 546
984 333 422 424 518
546 404 473 188 533
546 187 533
154 363 249 41 546
155 285 4 145
546 177 65 435 533
533 21 518
518 155 236 533
145 115 63 533
513 173 155
363 364 21 422
615 155 518
513 303 363
533 401 424 518 533
546 513 269 474 145
615 856 615
533 83 106 533
513 184 299 145
155 183 611 66 513
145 269 154
546 850 546 352 546
363 154 963 58 518
615 820 254 144 615
513 183 80 357 615
533 430 246 856 546
363 105 155
363 87 163 615
533 20 971 20 533
518 405 81 252 615
145 571 137 408 533
615 954
155 337 155 546
513 459 311 74 513
546 546 513
546 615
145 832 193 58 615
533 105 607 434 154
422 427 546
422 393 546 615
155 877 533
422 272 513
533 408 408 462 145
546 422 615
363 531 86 98 155
533 546 518
363 17 363
546 145 212 518
518 492 615
546 760 546
154 963 546
422 87 154
546 144 615 954 546
145 999 145 771 145
363 303 4 533
615 146 67 146 615
546 604 546
615 460 460 533
533 422 393 546
615 145 155
518 492 154
155 22 686 22 155
615 163 518
533 265 451 141 533
546 2 271 513
546 163 615 513
615 163 145 546
422 615 422
155 213 360 533
533 145 533
533 180 105 145
145 4 166 145
145 82 372 513 422
518 87 154
518 163 934
155 154 422
934 340 445 518
533 147 615
615 357 615
615 115 513
155 371 828 145
615 493 615
363 161 363 364 363
145 155 188 145
546 820 420 458 533
533 114 318 107 954
546 173 87 145
513 154 155
513 147 513
954 518 371 363 154
154 58 145
615 518 351 363
518 107 896 2 546
546 723 546
615 121 859 147 546
934 163 615
518 282 80 92 513
154 121 363 518
154 654 50 84 615
615 331 328 66 513
533 303 950 422
518 86 94 533
615 144 546 954
155 105 145 145
155 58 58 145
954 154 363
154 422 533
546 87 422
518 533 155
145 144 145
513 509 87 155
145 518 546
363 518 513
546 155
155 546 546
363 81 82 154
546 422 363
533 269 155
155 363 155
533 234 236 363
533 194 533
546 615 513
513 87 155
533 441 84 533
533 145 155
546 513 115 163 533
533 252 533
363 278 249 163 422
363 152 154 518
363 215 408 832 145
533 461 533
154 269 533 84 513
422 145 145 422
145 950 145
422 58 155
422 105 422
363 422 87 154
154 106 363
145 17 422
615 269 145
513 355 513 546
363 121 615 155
518 371 363
518 954 518
518 254 393 107 154
615 249 856 212 145
533 45 424 526 546
518 518 615
615 954 154
533 168 615
518 183 518 518
145 144 546 422 533
546 154 363
546 321 546 954 546
615 84 513
145 239 13 211 363
145 828 16 518
513 906 513
154 183 145
154 518 145
533 518 155 518
513 518
155 147 155
513 513
422 17 533
546 145 239 145 145
518 154 546
546 850 546 954
145 434 187 679 533
155 249 363
934 163 145
533 546 513
518 17 518 422
155 147 269 145
363 155 546
155 145 832 859 546
154 249 81 508 533
363 186 856 615
518 954 546
155 105 153 154
155 655 513
154 954 154 155
513 518 155 615
546 508 546
513 615
546 255 363
145 21 615
513 153 154
533 408 137 155
615 252 533
155 486 82 518
546 145 615
145 999 145
155 855 155 145
513 462 212 422 513
145 166 105 518
155 215 155
533 546 954
546 742 546
154 492 42 147 422
518 163 546
615 155 849 155 363
518 17 307 226 513
154 422 363 364 363
533 607 453 546
546 7 546
615 412 154
518 460 615
533 44 300 81 518
533 326 96 21 363
546 269 513
533 204 533
154 495 21 82 145
155 101 371 170 533
363 186 420 163 615
954 87 533
615 243 434 269 513
518 249 546
954 87 513
422 19 155
533 190 87 518 615
533 114 363
513 642 513
533 187 155
533 326 155
533 187 533
533 290 87 513
546 145 239 145
145 13 147 155
154 249 249 147 145
145 58 518
533 302 533 188 533
155 236 155
422 19 155 393 546
518 424 106 154
533 508 533
422 23 474 404 546
546 615 146 66 984
546 154
518 355 546
145 145 615 281 615
145 999 145 422
363 17 643 290 546
615 87 20 145
518 422 154
145 105 187 518
154 83 615
518 16 518 518
155 221 226 546
615 474 546
615 147 106 371 533
533 252 271 145
546 533
145 187 155
546 936 546
546 453 615
518 424 338 367 363
155 495 365 363
422 393 154
615 453 255 546
422 518 363
533 194 412 87 154
533 67 533
546 184 667 533
145 832 832 145
533 667 533
615 422 615
513 154 363
145 212 518
513 170 282 252 546
145 105 283 256 363
615 145 518 212 363
546 210 927 963 154
145 434 46 155
615 518 145
363 208 546
533 320 351 363
155 18 84 533
155 363 518
546 954 154
546 936 350 533
513 509 518
615 84 492 154
422 272 422
363 106 106 145
155 87 518
155 17 518
422 115 116 513
422 427 17 615
513 747 513
533 226 533
533 189 17 106 363
518 209 424 493 546
363 303 533
533 154 155
145 333 154
546 508 533
154 152 212 364 363
145 234 58 533
533 800 549 371 155
546 493 282 427 422
155 326 533
145 166 144 615
615 163 934
518 271 518
533 83 23 422
145 427 615
615 83 513
615 546 518
155 615 518
422 7 264 265 533
546 422 518
546 23 42 147 615
533 434 145
513 474 154
533 169 183 82 145
363 121 594 84 533
155 105 145
154 147 154
145 299 546
363 577 363
155 154 154
422 615 145
145 106 363
154 147 154 954
518 492 144 615
533 350 342 533
145 615 249 155
145 832 145
533 822 533
533 541 160 23 422
513 462 424 518
145 187 256 153 984
513 21 624 21 363
533 541 405 226 533
546 252 88 271 513
518 83 71 83 615
154 954
518 107 173 518
513 21 533
155 855 155
154 419 714 615
546 453 546
363 508 363
984 153 154
546 158 107 153 984
155 470 155
546 163 434 363
533 458 129 422
615 249 155
155 213 533
154 86 36 93 513
615 84 615
546 536 546
363 154 513
533 616 1 146 533
145 771 518
533 679 663 187 533
546 352 160 145 546
546 393 422
546 282 546
513 615 309 615
546 209 244 615
145 615 144 546 954
533 58 154
533 906 513
546 742 742 546 154
422 513 546
155 147 173 513
154 419 474 546
155 655 155
533 350 533
934 163 162 17 145
615 17 393 154
363 208 363
363 303 363
422 145 144 546
518 351 350 377 155
546 970 546
513 462 513
145 86 145 533
155 211 256 424 422
154 474 546
513 153 615
546 87 518 145
145 950 533
145 771 145
546 129 303 145
363 296 363
155 495 155
422 424 518
145 615 465 615
615 115 128 363
363 508 533
155 333 984
363 128 557 518
546 597 546
155 301 268 934
422 244 963 546 513
363 106 154
422 145 145
533 180 422
518 333 212 223 155
422 473 404 269 422
145 533 546
154 954 154
533 180 107 954 546
954 154 932 129 422
518 121 355 518
615 459 329 249 155
154 154 155
533 877 549 934
513 906 533
145 999 145 17 422
154 155
363 106 518
155 98 155
546 340 226 518
546 115 422
145 17 155
363 154 422 615
145 144 144 615
518 954 154
518 86 546
154 153 404 145
145 105 546
518 426 65 533
145 163 83 518
513 269 546
546 453 212 145
422 19 533
533 63 518
546 828 546
363 508 679 533
155 209 154
145 239 145 145
145 546 533
546 155 363
533 460 462 58 546
155 849 849 155
513 518 256 371 518
615 269 154
533 280 363 154
155 147 155 533
615 83 546
518 519 189 17 422
533 18 533
546 856 145
145 81 473 301 155
155 105 747 513
546 155 533
154 518
513 518 366 147 615
954 615 518
363 422 513
546 333 615
145 615 145
533 401 424 518
518 145 518
145 255 363
145 212 145
145 393 615 163 518
533 435 147 546
533 499 7 525 533
513 509 184 434 363
533 906 533
154 209 155
954 154
546 333 615 513
145 571 145
154 82 427 612 145
533 280 249 363
513 627 513
145 533 154
422 393 546
954 87 518
615 152 363
533 504 301 155
155 367 114 533
546 441 12 739 155
422 546 518 546
615 146 17 154
546 44 498 7 422
615 244 963 546
422 153 160 591 145
155 326 473 855 155
155 19 184 187 145
513 365 531 186 533
513 474 333 152 615
934 163 87 154
145 115 145
546 340 226 518 518
546 355 405 856 615
615 180 810 87 422
145 300 81 533
518 271 513
155 187 663 533
615 963 154
533 323 98 101 155
533 361 333 404 518
934 163 145 155
546 62 163 154
615 145
422 424 46 145
533 310 533
546 184 115 533
518 86 39 229 513
155 208 155
513 222 513
518 154 154
363 17 145
533 359 499 533 518
145 145 615
533 128 62 445 518
145 393 615
615 459 615
363 215 155
518 183 518
954 546 742 742 546
518 422 533 422
533 342 173 155
363 434 154 155
145 256 211 460 615
155 371 269 145
155 593 155
546 954 154 363
546 954 615 58 422
513 546 155
155 19 422
533 114 533
518 188 155
363 434 154
422 166 430 62 518
546 422 513
546 909 546 850 546
546 954 518
154 954 518
546 144 145
533 590 299 146 615
145 87 812 208 363
145 615 518
422 546 615
145 147 145
513 184 366 145
954 615 58 422
155 541 150 155
422 105 363
533 165 847 171 533
615 518 155
546 954 615 518
422 153 154
363 114 155 154
533 163 17 518
513 490 249 546
546 252 615
615 153 393 145 422
154 363
145 160 877 155
518 422 615
518 434 363
145 546 954
518 577 363
155 187 459 362 518
954 546 513
422 212 253 17 154
155 17 518 422
533 88 533
984 66 211 518 145
546 256 154
145 533 818 533
615 147 145 145
422 244 963 546
533 154 363
615 129 13 667 533
615 828 546
533 350 533 87 513
363 577 377 321 546
533 46 155
363 87 909 546
934 163 154
422 269 212 422
154 783 154
615 163 249 518
518 422 145
145 271 333 333 546
546 518
518 661 363
615 460 533
513 147 145
954 615 180 145
155 541 533
363 187 42 209 154
533 155 546
154 393 615 518
615 669 669 783 154
513 87 546
155 98 64 142 615
546 177 377 104 155
363 296 363 87 615
513 92 426 518
546 173 64 771 145
546 23 249 145
363 187 121 533
513 462 249 615 422
533 530 161 661 518
155 363 155 546
518 163 518
145 256 81 145 615
533 326 118 667 533
145 42 249 154
422 424 188 518
533 252 419 170 513
546 233 88 533
155 215 331 615
615 87 533
154 86 518
615 180 105 155
513 422 115 116 513
533 32 533
546 856 615
363 155
518 490 420 106 518
513 459 513
615 87 513
518 445 518
518 163 154
422 166 513 906 533
546 154 155
155 877 155
546 321 546 954
546 158 546
145 86 225 756 533
954 518 154
533 83 496 83 145
615 615
513 422
155 181 219 483 533
422 180 180 533 154
518 163 473 81 518
145 422 533
518 17 533
954 518 107 164 533
363 187 155
513 19 513
145 82 115 533
518 363 154 363
518 282 546
533 236 235 963 154
155 512 512 155
513 422 513 513
154 954 546
954 615 954
954 546 154
954 107 954
155 154 363
954 615 155 518
546 290 531 434 533
363 16 518
145 615 281 615
533 234 256 145
145 326 145
155 98 101 155
363 154 412 615
154 82 422
518 533 906 513
984 333 473 256 546
155 518 422 145
154 147 154 954 154
518 256 371 518
518 460 333 615
154 252 88 183 513
145 303 145
422 424 44 155
533 168 615 244 615
533 163 533
615 546 115 533
155 106 20 173 154
363 154
363 187 418 508 546
145 163 154
615 493 615 84 615
984 153 282 226 518
546 256 546
533 234 239 145
154 153 154 954
533 406 533
154 419 419 161 363
513 83 186 226 513
615 58 422
533 105 87 422
533 582 184 582 533
145 422 615
363 154 533
145 546 954 154
155 739 495 739 155
533 822 572 533
546 87 252 427 422
533 45 828 546
145 422 145
533 163 615
422 546 154
546 145 615 249 155
518 21 513
513 462 212 422
615 669 615 427 422
155 153 152 363
154 932 129 422
155 173 154
513 355 152 186 363
513 153 393 546
984 153 615
155 108 258 559 518
422 424 105 422
145 155 363
615 155 849 155
954 615 163 934
155 187 533
363 283 363
615 465 615
518 363
155 363
615 404 546
533 434 163 546
533 242 533
533 204 533 333 533
533 818 189 551 533
533 195 533
363 63 254 77 546
533 146 533
546 212 642 513
533 818 549 67 533
363 367 932 371 518
934 268 84 533
546 906 533 154
145 434 167 936 546
518 371 13 236 154
546 252 615 145
422 129 546
422 473 422
518 107 154
155 188 155
363 577 518 363
518 363 154
533 18 107 333 154
145 615
546 23 333 154
533 541 533
546 115 533
518 771 145
155 518 533
934 549 44 28 363
154 513 229 170 145
546 493 474 546
615 513 170 533
155 429 335 533
533 602 533 422
615 144 144 546 145
954 249 460 211 513
546 226 546 518
363 364 363
145 82 372 513
546 427 145
615 521 615
546 850 546
155 367 361 533
155 181 155
363 21 6 206 546
155 393 546
533 303 533
533 950 422 145
422 166 17 533
518 426 129 533
518 212 162 333 154
615 155 877 533
615 83 533
518 16 518
155 133 171 533
154 183 154 147 533
154 183 154
954 518 371 363
546 513 906 546
533 28 62 154
546 209 490 106 145
546 106 169 63 518
533 333 533
533 800 615
145 82 154 533
533 607 533
533 45 445 518
513 84 115 115 363
363 174 84 272 546
154 163 154
615 155 512 155
518 518 21 615
546 147 513
615 404 420 474 422
546 509 518
615 281 615
363 283 594 283 518
546 954 546
422 493 909 546
513 249 183 518
422 533
513 249 518
145 255 434 154
546 173 325 87 615
513 116 533 607 533
546 184 877 155
533 321 546
615 521 615 155 533
546 249 577 363
513 615 615
546 154 954 546
518 366 147 615 546
546 84 119 470 155
546 474 404 422
363 87 155
363 364 433 186 533
518 533 145
155 739 155
145 163 615
513 462 249 615
984 66 211 518
513 490 249 153 513
363 21 174 303 363
518 771 518 422
546 86 84 533
533 249 533
518 283 44 533
513 269 533
615 513 513
954 154 87 187 145
513 184 422
145 239 145
533 290 533
145 83 128 121 513
513 147 155
154 393 615
533 393 546
533 97 533 155
422 615
513 83 163 518
533 404 518
954 87 155
155 465 155
546 137 546
422 427 422
422 58 422
615 153 856 142 615
145 950 333 546
145 404 422
513 154 252 518
546 86 145
154 533
546 518 615
533 81 420 218 513
533 25 165 333 615
533 323 533
615 87 155
533 422 513 518
518 81 518
145 828 356 183 154
513 546 30 546
155 512 155 655 155
518 256 256 371 518
154 153 612 145
615 331 459 513
546 282 372 513
154 954 546 597 546
422 244 615
513 546
954 518 513
518 552 518
518 351 363
145 83 154
533 180 533
513 372 513
145 81 155
615 58 158 546
154 86 533
533 818 533
363 518
513 518 154
546 299 145
546 233 288 105 518
615 129 546
533 163 17 518 533
518 518
145 546 163 615
546 850 546 269 513
533 856 615
422 269 145 249 145
154 154 513
615 21 513
518 87 153 422
615 453 453 453 546
422 819 422
513 229 170 145
546 77 546
145 299 145
155 615 800 615 954
513 116 533
155 655 526 426 518
518 11 129 557 518
546 184 546
954 546 187 533
513 513 518
363 303 63 210 513
154 820 420 404 154
155 849 155 363
615 129 30 546
615 83 513 546
363 422 58 422
518 557 518
145 87 615
533 360 549 44 155
546 963 154
422 363 155
363 81 170 513
615 147 615
518 132 518
533 83 17 533
615 155
155 465 615
513 906 546
513 474 212 105 154
154 106 533
422 513 518
155 615 518 422
934 549 800 615
363 215 187 145
518 445 77 546
954 615 422
363 154 422
145 333 145
546 184 422
363 155 541 150 155
518 513 518
145 474 513
533 460 597 651 546
546 597 546 155
155 301 155
518 173 434 114 363
533 20 533
533 667 188 518
533 84 615
533 518 145 533
513 115 155
954 518
155 31 186 490 518
546 144 615
533 529 922 129 615
154 155 495 365 363
155 105 422
145 145 518
615 145 115 145
363 256 542 256 363
155 145 145
154 153 154
363 81 877 155
422 533 422
145 180 533
513 518 546
363 115 513
546 340 934
145 145
513 513 121 186 533
513 747 508 363
533 165 33 615
145 856 44 546
615 800 287 299 145
154 147 513
154 654 154
155 351 303 145
546 30 546 321 546
154 518 513
155 106 155
145 183 493 615
546 147 155
145 142 172 533
518 166 83 518
154 954 107 954
154 422 533 906 533
363 351 130 127 533
363 121 533
154 333 546
145 462 546
513 93 40 533
518 212 518
155 520 166 20 145
513 906 513 462 546
546 970 546 422
513 365 21 518
546 546
155 188 82 401 533
363 664 363
518 81 467 21 615
363 283 145
518 559 518
533 145 163 615
145 17 115 363
154 954 107 954 518
145 255 546
533 616 533
145 326 96 121 154
155 187 518
155 420 63 518
615 963 615
518 363 121 615 155
513 66 984
533 171 533
145 233 546
145 212 253 212 518
155 465 83 333 984
533 546
513 615 513
518 424 256 445 518
363 114 363
145 533 576 533
546 909 546 909 546
513 615 546
954 249 404 615
546 163 546
363 661 441 533
363 154 363
145 474 154
422 518
363 577 249 518 422
546 906 513 422
518 434 493 422
155 183 155
363 186 856 145
518 954 546 546
615 309 615 615
533 154 153 404 145
155 518 422
533 290 533 581 533
154 155 615 954 518
546 255 222 310 533
145 20 715 21 145
984 153 154 106 363
154 155 130 155
546 129 615
422 393 533
145 106 212 518
145 212 269 154
145 269 145
145 144 144 615 145
533 546 615
546 508 363
513 459 42 145
546 144 615 954
145 462 82 282 546
546 490 513
615 404 518
546 362 533
513 507 513
