160 65 107
121 820 950
86 85 74 400 86
121 79 128 445 82
49 71 83 288 283
121 19 121 230 366
121 137 208 210 121
82 51 82 372
282 424 160
86 395 368 83
283 362 128 30 366
160 287 82 166
62 87 87 83
121 654 153 166
282 83 420 494
82 183 152 166
166 77 82 163 62
121 145 366
82 121 792 121
166 83 372
283 394 397 179 107
83 492 144 166
373 411 283
160 19 160
49 433 71 84 752
282 420 166 373
62 458 450 82
121 371 405 142
82 495 105 121
62 99 121
121 890 890 890 121
366 333 21 160
932 28 23 950
86 106 454 82
121 18 249 282
82 642 83 283
142 107 896 142
82 453 62
82 99 107
107 3 211 83
932 31 142 77 82
166 366 82
283 201 160
160 23 480 86
121 253 509 81 932
160 393 62
121 58 601
107 896 142 932
82 128 82
62 77 166
62 818 62
160 857 191 166
494 395 296 283
283 153 493 160
86 932 493 121
83 856 186 932
86 141 107
282 424 58 304 82
142 106 372
283 62 405 145 82
283 594 283
160 233 235 610 142
107 420 283
83 133 168 121
82 642 83
160 395 295 107
121 714 86
601 191 601 121
950 393 62 769 62
160 249 366
160 137 82
121 594 121
86 92 86
283 411 283
107 480 107
121 158 62
160 133 10 366
62 77 62 77 932
494 308 424 86
160 468 107
142 300 282
372 248 17 160 142
160 41 51 82
142 254 84 373 83
82 161 351 283
283 63 532 107
107 69 80 880 160
86 17 166
142 17 82
142 559 559 282
121 249 747 107 86
160 283
494 81 142
82 474 859 166
86 531 82
121 365 179 296 283
366 169 932
121 190 282 121
83 87 233 84 372
82 115 333 283
166 160 667 160
107 127 435 127 160
86 117 460 493 121
107 375 28 81 86
160 338 37 28 166
142 263 256 142
82 548 249 80 107
83 141 494
366 82 31 282
160 270 84 144 121
107 480 601
82 81 80 282
160 467 152 726 62
83 727 83
166 882 160
86 259 86
86 68 494
932 187 20 10 86
282 464 494
166 74 20 932 83
372 42 20 121
366 184 114 533 82
372 372 594 121
86 115 105 87 372
82 21 364 165 142
107 340 133 142
86 125 937 404 366
107 314 256 160
142 576 82 453 62
494 283 752
366 306 478 121
83 518 82 226 283
932 129 422 82 121
283 249 170 453 932
283 394 181 133 82
62 748 641 748 283
494 82
142 300 106 230 283
121 282 577 282
121 371 303 183 82
160 81 107 141 494
366 217 282 597 932
494 366 107
166 474 153 856 142
142 84 373
601 197 86
282 217 70 372 283
83 373
62 457 86
107 121 166
83 186 82
82 730 160
62 83
82 187 932
83 458 458 494
62 78 107 131 86
366 83 255 160
282 252 480 62
83 113 494
107 371 708 82
86 20 327 82
107 23 932
62 708 124 708 62
62 714 419 44 62
107 481 271 285 86
282 474 142 180 142
82 77 950 366
62 506 87 131 121
932 258 454 62
160 61 421 23 950
107 114 166
121 142 83
283 142 357 282
86 438 30 115 86
82 184 486 160
121 263 426 283
62 754 84 727 83
282 268 316 121
121 411 89 252 601
160 404 950
142 187 932 597 142
86 35 170 419 121
160 195 160
282 254 445 557 83
82 518 132 132 121
121 28 142
160 279 107 142
283 594 84 372
366 187 87 17 950
107 19 121
82 226 121
166 253 189 86
166 405 126 285 86
752 121 601
160 67 146 601
121 31 282 572 86
82 310 218 223 86
950 481 137 371 932
494 39 28 142
62 137 81 82
160 690 106 490 932
372 494 142
107 282 142
932 427 160
142 160 233 282
372 121 86 400 107
283 131 62
107 269 933 45 160
86 36 75 494
62 117 160
601 404 121 160
166 145 404 404 373
107 74 366 356 82
160 12 957 12 62
160 747 82
366 366 121
107 180 82
932 210 494
86 92 373 372
82 782 82
83 420 254 492 121
160 242 237 253 366
82 422 163 282
282 188 145 856 366
283 230 283
166 422 546 121
142 248 215 17 366
49 71 50 82
62 163 546 828 107
107 99 125 62
166 493 249 121
282 58 62
107 342 280 160
82 355 932
107 375 111 108 160
160 136 89 160
86 736 86
932 115 82 355 83
160 318 443 226 366
83 546 209 283
82 287 20 62
62 666 62 506 86
950 820 86
373 166 742 166
86 163 83
160 106 107
283 495 434 427 160
932 295 82
86 141 107 83
62 586 62
166 662 404 366
932 70 107
82 261 160
142 19 49
107 252 494 226 283
121 548 160
373 180 601
62 434 236 243 83
366 134 340 86
121 184 434 100 107
160 440 178 61 166
283 495 459 453 166
366 226 160
83 233 233 254 142
932 98 99 62
160 539 494
601 886 58 107
121 23 142
82 490 107
142 142 173 166
160 169 366
107 687 282 283
166 467 166 166 950
62 125 100 51 160
121 4 160
494 17 654 83
166 601 121 474 82
283 290 107
86 540 86
107 340 107
82 179 150 166
86 82 404 282
107 282
366 218 95 86
107 295 62
62 856 950 366 83
82 199 296 83
932 963 82 283
283 252 160
62 8 160 242 121
86 10 143 83
166 427 427 160
107 233 107
160 349 160 458 160
494 229 536 86
932 544 129 14 283
82 166 242 96 107
86 152 160
107 283 494
282 16 283
366 74 313 310 62
62 329 371 129 283
142 367 116 548 121
82 337 420 82
282 154 82
121 210 86
160 557 133 62
950 173 154 647 121
494 438 38 258 160
594 372 283
601 191 207 160 601
166 210 16 121
86 113 113 160
121 856 83
142 283 63 532 107
282 124 125 62
82 303 159 62
121 209 121 82
107 68 21 86
121 154 533 163 121
107 3 473 963 107
62 300 748 107
82 404 107
160 730 160
107 36 107
107 3 281 82
62 81 371 121
82 340 173 87 86
160 133 283 132 86
62 726 107
49 643 48 372 594
62 281 571 142
160 333 212 83
282 747 473 166
83 533 950
160 166 234 121
494 58 856 950
82 540 121
932 702 107 255 283
160 826 4 121
86 103 526 168 166
86 499 506 249 166
62 210 237 62
107 183 212 494
950 366 693 121
107 147 422 131 950
82 355 82
282 105 77 121
83 105 160
283 355 210 107
82 215 459 166
121 340 143 62
372 107 114 356 366
82 222 310 494 107
121 372 86
160 486 21 83
282 196 218 282
282 254 282
62 209 909 87 107
107 84 594 372
83 404 474 160
121 513 372 594 83
142 665 812 366
121 357 671 107
107 153 211 114 83
82 230 82 82
932 856 145 121
950 707 913 950
366 86 143 128 283
121 301 189 82
932 98 107
142 180 393 107
86 47 107
107 601
107 77 107
107 21 486 94 494
282 355 283
283 308 283 693 366
166 147 166
62 79 339 361 160
932 748 424 160
83 133 256 86
932 820 160
86 210 638 340 82
82 256 129 422 82
142 1 641 166
932 212 42 17 62
121 184 166
82 161 314 166 950
142 145 42 166
160 406 160
160 431 152 160
62 233 209 84 86
282 132 82 932
107 284 157 283
142 84 77 282
86 687 86
160 557 445 366
142 58 372
494 932 427 121
494 75 560 474 142
82 188 473 3 107
142 125 166 18 366
121 420 932
494 662 185 687 282
166 301 225 226 282
166 351 94 86
366 506 86
121 203 82 748 160
932 142
121 468 221 160
950 260 74 142
950 74 905 74 107
166 128 118 300 166
82 550 160
82 227 82 62
160 78 62
82 752 65 752
86 87 215 121
62 295 215 23 82
373 180 142
166 221 215 494
366 255 82
282 249 474 142
82 283
83 365 405 210 121
372 372 248 282
950 23 115 932
86 131 366
950 366 160
121 345 346 168 82
142 353 662 494
86 540 184 127 160
121 748 82
366 226 107
121 219 280 362 121
86 100 262 160
121 165 198 290 366
160 282 28 166
82 160 395 494
82 230 74 86
107 184 420 509 282
86 96 75 494
160 480 86
160 285 142
86 936 86
83 453 86
121 489 405 129 160
160 12 121
121 552 82
121 233 86
160 263 417 107
121 115 333 950
283 282 74 134 372
83 282 373
601 494 160
283 290 892 160
494 222 160
86 189 82
121 201 107
160 573 8 950
82 366 577 282
82 474 859 166 160
142 559 769 559 160
494 371 549 173 83
932 63 408 880 282
86 229 366 58 366
366 184 366 310 932
86 153 282
373 515 172 219 82
82 116 160
283 263 82
107 591 591 142
142 258 18 17 107
107 441 86
160 400 271 55 107
82 546 255 62
494 480 80 142
107 372 494
107 550 249 80 950
82 132 282
62 314 161 12 62
62 295 331 166
121 222 21 160
82 404 373
494 212 121
282 372 107
62 190 121
82 453 932
121 890 121
107 730 160
752 121 594
160 159 243 373 283
366 311 16 311 282
160 426 130 377 86
950 64 601 166
366 153 404 217 49
160 169 89 333 82
166 107 366
160 778 549 288 121
83 86 153 366
86 366 372
160 504 494
366 440 366
932 494 822 494
86 666 160
62 457 197 86
121 355 405 362 283
86 67 160
494 576 329 495 82
142 859 82
366 188 420 190 160
62 151 121
160 233 107
62 184 190 121
366 187 518 366
62 20 223 117 62
160 492 160
166 393 380 295 107
160 140 160
86 196 128 107
160 80 282 687 282
142 132 160
160 828 233 282
82 441 166 882 166
107 114 356 366
107 454 357 142
62 818 166 353 142
107 86 86
932 340 121
107 169 283
121 462 254 283
86 28 20 121
142 559 769 62
107 28 306 107
283 356 258 143 121
82 142 107 142
282 254 142
62 242 564 242 160
282 129 187 82
83 269 644 296 494
121 35 121
62 544 82
160 10 121 494
107 106 283
49 217 142
282 153 283
932 932 355 107
121 256 282
62 410 160
82 84 121
366 474 615 427 62
282 373 508 747 83
107 131 121
107 46 932
86 86 932
494 233 142
594 121 363 531 86
142 356 121
86 573 8 86
82 641 82
282 188 106 489 121
283 209 131 552 82
142 105 252 282
932 303 15 82
86 484 494
366 17 494
142 233 586 83
282 586 62
86 125 283 366
107 236 932
62 125 86 666 160
142 375 112 84 373
494 474 932
121 714 494
82 401 285 160
86 18 84 601 121
366 255 210 494
283 86
83 283 368 160
160 78 340 82
86 82 62
932 671 107
86 662 282
121 368 160
83 431 372 282
282 340 17 163 142
62 300 283
366 494 86
86 662 62
282 33 13 83
82 188 62
166 184 314 62
121 345 681 343 160
366 577 282
49 217 121
373 714 494
121 215 41 166
121 362 28 932
160 45 448 62
160 234 494
121 546 62
283 5 283
86 395 160
121 84 160
83 372
142 493 160
121 533 262 301 166
62 226 221 83 160
142 88 411 282
142 424 20 282
83 121 222 494
166 107 86
107 769 62 142
121 308 166
107 258 107 492 166
62 74 219 121 142
121 395 82
107 98 124 896 107
62 505 62 494
166 69 166
121 345 178 275 86
166 393 83
62 367 361 62
160 44 86
107 153 166
62 404 217 142
62 115 438 86
49 643 963 131 283
160 340 282
107 454 189 465 83
107 285 54 58 283
283 107 230 107
373 253 166
107 166 172 180 160
121 255 453 160
86 404 950
107 367 283 83
121 30 135 133 166
82 188 282
82 222 225 282
282 17 494
86 28 107 310 366
283 932
166 446 160
142 424 478 357 142
160 441 366
160 170 490 209 166
86 58 3 812 950
107 137 6 644 950
121 71 83 221 283
283 518 166
83 431 431 217 121
107 284 278 121
62 554 134 373
160 45 142
82 693
373 121
282 188 282
932 173 513 166
107 896 405 282
83 285 532 17 494
86 855 86 113 86
121 489 82
160 115 422 163 366
160 292 822 86
494 234 210 283
86 212 166
283 366 506 366 166
594 84 160
166 17 83
160 54 131 142
366 68 160
160 410 82
283 212 641 160
62 730 82 752 283
166 4 160
62 856 160
83 141 107
373 508 373
82 30 366
932 282 121
83 963 142
86 518 422 180 166
160 152 62
283 282 372 404 950
160 389 211 209 283
62 189 121
283 283 121
107 163 282 62
366 494 107
283 58 88 57 160
82 310 160 236 62
86 546 155 188 62
142 300 62
86 65 133 142
107 281 82
601 859 142 163 62
494 160 4 211 83
86 392 321 533 121
142 480 86 166
121 338 724 160
160 255 87 372
142 147 82 783 82
160 150 368 82
82 441 254 142
86 259 509 82
121 35 282
166 480 166 210 83
283 577 142
366 62 282
82 518 86
121 345 121 345 160
82 10 82
86 747 508 363 283
950 243 950
121 168 121
160 255 62
494 366 596 282
82 152 62
86 304 86
121 306 20 420 121
86 264 86
121 71 121 166
121 373 83
283 367 363 152 121
160 85 53 82
82 183 526 576 160
86 747 160
932 419 82
83 496 83
121 401 285 481 373
160 166 18 160
494 509 420 230 366
160 573 166
160 181 176 93 82
86 261 82
107 730 730 107
83 615 963 236 86
166 0 166 300 282
107 896 160
142 173 494
166 290 86 932
86 79 166
166 513 509 480 86
282 87 283
282 255 105 601
83 492 115 121
107 115 245 160
82 145 462 546 282
86 936 706 86
107 63 59 58 82
107 342 107
62 333 230 283
282 226 82
121 478 356 509 62
121 132 86
62 310 107
82 114 82
166 156 166
366 174 411 303 62
282 106 287 160
62 68 282
372 107 453 86
160 424 83
494 662 662 366
950 158 158 62
107 597 932
166 253 932
932 83 484 936 86
160 428 107 601 283
282 249 462 411 166
932 859 520 57 107
82 368 283
142 163 107 107
62 627 549 818 62
86 480 601 86
82 180 107
107 726 283
282 212 726 107
932 544 82 166
166 158 233 494
160 474 513 170 62
160 818 166
366 812 877 160
166 181 166
82 290 86
160 163 83
166 747 105 856 366
107 568 107
366 142 31 86
107 124 282
366 215 820 133 166
950 145 82
107 427 165 86
166 133 420 453 160
83 288 212 62
142 82 142 166
62 187 166
160 47 107
121 234 82 121
283 434 362 82
372 594 372
83 209 424 62
160 300 282 531 62
82 353 142
83 430 128 121
166 121 441 166
166 153 166
121 191 494 113 107
86 41 62
283 376 82
62 474 282
166 518 366
932 310 107 702 932
932 131 2 62
932 131 209 283
166 308 166
62 754 950 77 142
282 531 115 160
494 515 381 179 107
121 792 121
121 29 229 84 372
950 427 86
62 203 83
107 174 4 281 160
373 180 83
160 275 86
932 98 125 166
282 559 142
142 494 822 290 366
282 474 282
494 83 546 83
82 161 107
121 426 121
932 506 366 812 373
107 687 86
282 300 160 747 142
160 153 105 601
83 163 62
107 417 494
86 458 413 160
160 280 62 708 86
83 589 282 577 166
107 107 214 82
142 589 107 121
932 642 300 489 932
121 201 160
82 99 64 90 494
107 518 121
283 107 642 107
601 180 333 282
601 82 366
283 392 283
86 553 86
83 212 163 366
166 282 333 601
86 131 121
160 401 121
82 612 49
366 86 932
86 163 282
372 366 512 366
366 372 70 62
373 306 306 20 160
142 480 166 44 107
142 393 810 420 83
62 418 480 282
494 287 494
282 142 405 166
494 107 79 62
494 84 268 221 82
86 95 129 932
160 450 142
83 42 86
107 154 86 98 62
121 353 708 100 142
62 747 971 480 86
62 333 441 142 494
283 424 233 121
160 667 508 142
107 170 116 82
282 212 355 932
82 422 950
282 427 422 131 950
166 559 283
86 275 450 714 62
160 576 932
86 83 594
932 41 173 950
62 494 366
86 290 86
142 577 375 121
283 133 44 366
142 233 601
366 83 365 179 107
160 490 405 19 107
82 190 82
121 792 121 792 121
121 96 115 263 283
160 601
366 577 142 256 142
282 183 258 160
142 74 690 189 121
86 706 373
282 856 87 160
49 71 433 186 283
282 17 494 107
932 586 826 58 950
83 591 591 142
166 243 859 366
82 445 77 62
121 356 121 489 107
283 426 82 147 366
82 438 107
160 290 484 83
82 531 82
62 303 254 453 82
121 748 932
62 521 62
160 726 316 121
160 557 133 142
372 513 83
160 20 282
160 490 212 64 282
494 371 236 142
932 702 107
107 86
950 80 62
283 3 932
282 271 55 950
494 318 494
62 269 62
494 2 158 209 107
932 490 82 568 107
160 296 166
283 82
86 65 107 81 932
373 714 458 152 160
82 642 932
82 438 74 121
160 2 489 82
49 612 153 142
283 390 321 160
82 41 142 366
142 233 210 160
121 366 58 107
107 84 75 427 107
82 454 357 107
282 572 282 596 366
160 8 160
121 107 233 166
166 84 180 343 107
107 78 82 282 107
282 747 121
62 467 17 83
62 134 64 601
366 134 340 494
82 410 107 366
82 345 681 82
282 420 83
83 121 116 121
932 254 1 548 62
166 283 282 166
950 366 494
282 190 121 594 121
83 153 282
121 432 288 283
121 303 107
366 256 362 480 494
282 121 283
494 160 205 160
62 450 62 82
142 107 296 494
86 153 283
62 41 63 121
62 4 431 160
282 153 859 3 283
160 377 546 82
107 418 62
494 494 366
282 420 166
86 2 107
160 128 82
86 153 152 186 82
372 431 434 121
142 963 107
160 589 142 932
82 10 121
282 68 92 68 82
82 186 31 229 494
62 505 62
82 576 212 494
142 64 326 932 282
62 226 221 83
160 676 322 676 160
82 509 107
121 74 282
86 264 160
62 474 166
83 233 282
160 362 82
166 601 180 166
83 252 494
366 856 765 86
121 201 207 197 601
121 166 159 240 160
62 820 121
107 58 372 107
121 458 647 82
283 589 142 494
282 140 209 83
283 144 186 162 107
494 84 431 70 107
82 142 283
160 504 856 142
594 83 83
932 154 82
107 82 445 86
83 431 166
373 812 3 932
107 454 160 724 160
160 880 174 252 83
282 154 107
166 513 84 662 494
601 333 932
107 531 282
160 148 224 160 83
83 70 83 142
62 662 185 371 160
166 426 426 413 160
121 426 263 169 82
86 855 86 366
49 217 431 80 107
282 107 834 107
160 139 166
160 333 627 86
142 450 377 296 494
282 577 282
160 149 179 249 950
107 174 62
121 228 82
82 282
283 234 160
373 134 373 86
82 82 279 62
49 217 121 526 86
494 504 44 142
166 142 145 42 166
283 107 107
62 153 366
494 234 114 83
166 576 13 137 62
107 252 932
282 401 256 86
366 152 433 121
282 248 317 223 282
121 303 62
107 74 82 366
107 303 82
83 372 372 594 121
62 372 48 212 121
142 577 166
166 234 283
166 58 366
121 615 747 494
107 474 107
83 273 209 300 160
83 453 166
142 236 86 855 86
107 173 494
83 191 283 559 283
932 586 285 83
283 103 160
932 107 963 950
283 153 252 153 62
83 210 252 234 494
166 431 433 83
86 756 268 295 283
82 93 82
283 211 155 130 121
282 283 82
121 363 121 282
283 186 186 121
121 747 80 480 601
142 145 160
121 963 612 173 142
107 87 49
62 571 142
494 113 13 79 86
283 377 160
752 84 49
160 312 225 81 494
82 555 856 186 121
82 147 121 474 366
82 150 191 601
107 124 82
950 80 188 145 283
373 163 86
107 98 107
83 366 152 107
932 296 320 283
62 518 121
282 20 42 372 372
86 536 83
121 324 441 82
932 748 283
372 372 83
83 420 83
86 94 86
49 49 19 249 366
950 131 283 366 166
166 473 473 550 121
82 355 896 287 82
62 418 467 86
121 242 121 142
932 282 62
62 68 550 160
283 166 146 601
282 160 173 160
160 115 932
166 69 667 480 142
494 509 105 296 160
160 453 546 86
282 62 173 142
282 366 160
142 828 64 42 372
82 464 82
950 393 308 283
62 708 99 353 160
62 292 62
83 368 301 226 160
82 859 121
62 159 820 121
86 285 168 526 86
62 58 59 137 160
121 234 82
82 82
82 84 105 121
62 44 142
160 375 108 67 86
282 518 166
107 83 292 62
366 311 74 86
107 769 107
82 170 81 87 107
932 282 153 282
950 492 510 494
373 404 217 160
282 124 662 62
283 160
62 518 87 434 121
86 191 494
83 153 82
160 882 160 601
107 269 256 41 86
366 134 372 594
82 642 121
283 144 283
62 70 83
693 83 140 83
282 356 160
121 365 506 107 121
366 283 86
83 395 283
121 759 121 693
160 280 83
160 153 424 366
86 201 121
86 256 589 107
283 0 64 166
932 142 23 82
282 641 160
86 69 329 46 283
160 145 86
366 215 86
932 253 283 107
121 31 86
282 115 23 212 107
121 17 166
160 282 596 597 142
107 932 642 82
86 62
86 42 459 62
62 190 494 115 107
142 303 142
142 357 107 160
62 310 366 160
83 506 83
282 597 597 142
121 601 121 282
373 714 425 567 82
121 1 218 316 121
283 372 121
950 856 362 28 62
121 333 282
82 84 58 372
86 190 494
107 454 107
86 400 160
82 142
82 355 166
283 230 366
107 284 277 82
62 445 518 366
82 767 114 160
82 63 89 375 282
83 41 121
160 320 393 82
932 233 124 662 366
82 128 83
932 46 495 371 121
121 252 826 160
142 859 880 424 83
283 308 166
107 16 263 283
86 818 62
107 153 107
166 160 351 371 160
121 526 399 166
494 404 153 493 932
62 20 22 127 121
366 271 282
121 747 62
160 255 114 107
366 187 663 187 932
86 372 82
107 35 27 160
82 261 411 373
494 215 820 41 166
283 300 282
160 294 214 191 283
160 512 160
121 128 16 174 283
107 468 730 160
160 68 932
752 84 282
82 105 83
494 100 117 62 142
282 191 601
282 253 366
82 752 121 601
86 708 82
142 133 114 283
107 809 132 166
86 165 23 121
932 131 107
283 86 563 484 494
62 87 77 950
372 58 142
366 387 283 932
160 179 249 932
372 42 453 83 366
283 395 83
373 714 373 282
372 32 116 82
86 17 86 82
160 188 21 560 282
601 79 86
107 77 62
282 375 329 258 282
282 209 494 62
107 296 190 86 82
142 576 295 86
86 445 86 12 166
121 395 201 166
283 380 295 424 62
282 68 62
283 107 366
166 467 17 17 166
142 129 93 62
494 212 296 283
83 214 83
86 457 401 121
494 690 107
62 430 308 17 82
160 181 172 115 107
62 230 107 282
166 474 473 441 166
121 338 107 45 142
166 756 459 106 494
82 404 282
366 662 166
494 160 327 82
283 820 256 86
160 430 672 406 160
86 690 215 86
82 221 223 121
160 209 300 166
693 283 252 160
932 153 23 964 373
160 300 107
160 549 799 166
752 121 366 107
160 84 624 223 366
142 427 105 508 62
83 233 70 217 160
82 410 160
107 158 132 211 82
160 327 107
366 152 393 282
142 405 83
166 105 327 141 494
62 79 79 86
373 115 83
282 84 62
283 395 424 168 121
160 621 425 130 160
86 598 84 513 83
86 533 165 166
160 453 86
601 82 123 82
82 508 373
166 242 62
932 86 601
160 282
366 950 422 248 282
83 506 494
83 46 283
82 191 681 160
86 62 404 282
83 496 64 183 366
283 81 129 82
366 812 107
62 132 160
494 142 58 2 494
121 478 282
83 20 187 142
121 142 254 77 121
62 747 82
160 20 282 142
82 647 458 121
932 28 107
283 234 158 62
121 253 373
166 144 186 226 86
283 132 282
82 20 400 690 494
160 441 282 65 160
82 249 12 510 494
86 81 166
366 333 320 283 601
82 404 254 366
121 249 747 107
83 243 166
282 142 450 82
160 641 424 62
121 107 453 932
166 87 86
142 367 666 367 160
494 305 55 950
107 81 146 160
160 429 160
282 115 373 282
82 568 107 371 121
494 375 121
62 186 121
86 20 166
160 129 362 69 282
166 174 166
62 216 142
950 64 209 283
82 277 277 82
121 424 132 282
166 314 160
62 285 62
82 395 82
932 86 212 77 950
83 191 160
282 812 950
282 427 62
494 153 121
107 319 107 258 160
494 539 380 200 160
373 86 372
166 577 283
86 458 623 86
107 601 209 494 160
82 87 371 662 494
107 509 551 106 83
86 485 245 121
160 141 407 494
83 601 163 160
82 124 82
82 179 156 160
82 160 454 107
107 730 62
82 508 550 160
121 186 533 264 86
86 395 60 283
121 245 160
283 169 212 42 83
932 68 68 494
86 173 259 86
282 340 143 62
282 222 160
160 812 160
366 152 458 494
142 812 160 210 121
142 191 142
494 212 932
62 82 932
283 424 81 283
62 233 142
160 496 922 141 107
932 963 86 41 62
166 429 272 462 82
82 23 160
494 404 83 963 86
166 3 601 283
366 596 366 107
160 445 366
142 222 494
160 366 234 86
601 494 106 642 107
62 135 115 373
107 856 8 950
49 87 23 107
82 128 211 62
494 448 107
121 316 435 127 160
86 328 329 4 142
121 366 333 320 283
283 144 492 950
107 285 129 121
494 212 427 86
86 310 62
86 100 142
160 464 337 16 107
283 16 107
121 792 121 726 121
82 77 82
107 371 121
932 490 160 404 160
166 818 160
282 401 562 160
932 169 107
62 107 121
121 453 932
166 366 596 366 107
62 586 86
932 269 83 153 82
107 131 282
107 77 79 601
166 105 160
932 82 783 142
166 882 160 282
282 612 404 654 121
121 12 249 83
83 506 86
121 362 283
107 859 121
83 333 282 427 142
160 19 49
142 610 89 369 160
82 18 107
494 510 510 494
166 221 268 160
166 152 49
142 152 366 372
282 209 62 494
107 702 107
107 453 607 255 282
86 271 281 520 121
160 493 270 160
107 429 447 428 107
366 440 159 233 121
83 355 211 513 166
366 82 160
83 256 83 83
282 223 218 282
950 80 950
121 173 269 17 86
142 31 86
494 191 166
594 83 259 260 950
107 124 107
494 544 434 10 142
373 194 3 166
121 372 82
166 125 98 932
372 594
107 256 647 82
82 82 594
49 433 372 86
160 551 106 283
142 263 82
121 145 82
366 230 107
121 132 366
494 152 283
142 480 166
373 239 233 82
283 16 308 283
142 82 853 82
166 83
932 98 125 15 160
160 29 533 87 62
160 224 365 83
107 55 285 366
62 423 318 283
107 179 121
283 256 154 83
121 255 83
49 87 83
160 210 142
932 450 228 82
121 27 36 588 282
282 221 222 142
82 107 318 83
107 541 533 282
62 58 121 166
82 404 474 82
166 376 368 121
121 296 719 395 82
82 165 220 68 160
282 533 82
282 333 81 494
82 509 216 107
160 18 62
121 131 283
121 254 121
82 147 160
86 506 430 166
82 287 20 160
932 367 107
494 81 412 154 932
82 422 147 82 142
366 62 262 160
82 161 555 141 142
372 107 153 166 83
62 769 107 83
82 395 121
373 706 86
160 562 840 86
86 485 318 121
166 520 166 107
107 372 594 121
601 41 107
282 35 282
142 338 62
373 92 373
82 143 197 373
121 329 473 190 160
494 106 87 86
82 121 143 160
82 567 82
107 319 236 121
142 932 17 366
160 228 160
160 278 409 151 142
121 36 107
166 17 62
83 121 594 82
86 68 494 142
283 548 62
86 180 62
166 664 166
142 19 121
366 305 63 281 932
86 274 405 796 121
86 280 1 221 283
82 450 450 932
601 58 83
160 217 142
142 667 118 117 62
373 82
82 355 82 752
107 253 162 160
494 68 932
121 84 160 512 366
494 371 129 166
62 245 686 86
283 131 282
166 28 121
166 79 557 518 107
166 144 254 31 121
372 594 83
282 166 473 495 82
49 71 71 152 82
82 46 132 86
282 222 107
62 426 183 114 83
494 407 141 107
166 374 44 121
83 221 107 18 166
83 180 82
86 132 434 153 49
283 186 82
283 493 342 219 121
107 230 107 82
752 121 546 393 86
121 441 44 121
494 340 445 160
121 520 2 238 86
62 306 62
494 24 440 168 160
121 303 160
282 222 7 19 142
166 121 441 166 601
950 77 78 82
282 597 932
83 236 86 601
62 362 86
160 892 892 226 282
86 274 335 448 62
601 107 318 160
932 82 62
82 540 86
932 812 932 494
83 133 166
49 643 163 160
62 283
283 395 389 211 62
62 357 480 121
62 361 417 160
86 395 152 142
86 152 142
62 303 82
86 23 62
121 78 62
142 166 799 166
366 474 340 86
142 23 86
107 207 94 86
366 134 372 594 121
282 121 333 282
86 234 494
932 258 107 494
142 183 355 355 62
121 71 83
282 190 121 594
82 249 243 234 366
107 44 83
62 190 82
62 708 125 86
494 747 105 86
107 166
160 82 422 115 372
283 300 68 160
282 191 494
86 212 252 107
494 107 86
86 687 100 107
373 714 86
372 75 261 86
82 427 62
86 142 271 243 83
107 253 283
86 20 62 730 160
83 20 187 366
166 165 142
494 252 210 963 160
142 173 82
160 212 83
160 90 86
142 44 430 86
950 913 856 282
62 184 121
283 254 445 139 282
62 812 107
282 222 106 283
932 404 932
932 211 58 494
62 295 392 86
932 31 27 160
142 494 160
107 163 121 693 121
62 258 107
283 174 932
86 189 82 83
86 662 366
107 216 160 147 366
107 19 362 86
107 210 86 372
752 121 283
160 298 551 160
932 31 162 859 107
160 298 507 513 83
373 194 166
82 234 121
142 216 142
282 509 62
62 818 301 621 160
86 189 540 121
62 80 747 86
160 490 186 450 107
160 427 82
86 106 494
494 94 95 86
166 139 139 166 366
160 209 282
83 420 133 483 142
282 233 173 400 107
950 55 950
166 139 274 424 366
166 233 282
166 1000 232 41 62
82 214 345 121
166 250 166 82
83 450 86
142 74 311 282
932 490 160
932 283 186 83
283 209 210 932
86 424 153 17 107
366 372 594
121 201 166 121
282 124 300 355 283
366 285 54 249 82
932 86 706 280 107
62 362 65 366
62 498 430 362 82
494 372 372 594 372
121 326 160
373 282 218 596 366
49 87 49
83 173 86
107 290 79 62
86 467 166 366
86 222 160
366 107 163 282 62
494 311 260 508 373
282 132 166 83
142 441 699 441 282
107 183 212 494 142
932 211 582 62
283 129 107
950 8 160 404 86
366 474 142 83
121 647 647 647 121
142 58 121
160 321 295 179 107
82 518 546 83
121 96 481 950
366 445 82
82 20 230 160
166 201 82
83 693 83
160 401 82
166 467 166
107 35 282
282 212 427 950
283 103 179 128 142
166 242 166
160 284 179 107
142 366 812 160
366 494 283 58 62
166 145 142
601 163 932 494
282 166 121
160 353 687 353 121
932 642 254 153 107
82 104 82
601 82 161 405 283
373 121 253 373
121 121 748 107
82 404 373 311 494
283 366 445 86
62 147 83
62 237 963 83
494 226 86
160 226 42 492 932
372 594 372 70 494
160 10 20 366
601 105 121
83 820 121
82 373 404 932
160 35 121
693 121 425 121
160 128 121
494 372 594
86 504 533 83
82 158 121 594
62 87 49 49
62 62 494
82 145 147 644 166
366 83 366 121
366 812 448 448 62
282 474 142
62 708 82
82 12 62
142 280 458 83
160 20 82
82 356 366
366 63 255 424 62
283 589 142
82 445 77 82
83 82 160
83 154 121 84 594
283 308 283
107 859 194 166
86 12 452 160
366 254 296 160
160 453 283
62 77 950
121 568 290 83
86 459 42 58 83
49 153 62
107 366 142
62 290 494
82 310 494 141 160
283 372 366
62 300 106 62
121 544 129 142
62 249 201 107
121 767 121 209 121
494 464 160
62 2 599 708 86
160 173 326 82
121 425 870 65 752
121 269 62
166 474 90 62
82 218 196 282
601 146 66 66 121
121 212 371 62
950 158 62
107 338 160
752 82 422 601
142 418 314 107
160 141 488 498 86
160 226 160 41 62
160 115 932 932
121 393 84 601
283 106 117 121
142 84 58 371 160
950 158 107
752 121 642 932
282 726 314 166 282
160 250 160
82 230 283
82 226 301 429 166
950 55 107
86 563 484 494
121 333 421 430 83
121 424 747 494
107 23 128 494
373 180 950
932 338 82
373 253 189 121
283 748 708 100 62
142 467 222 282
494 142 427 282
142 493 458 62
86 18 104 393 121
121 166 83
283 103 86 467 107
107 319 160
950 303 551 21 107
142 665 121
950 366 372
142 106 372 594 82
494 190 86
160 529 166
83 433 217 433 83
160 285 121
107 99 99 121
62 163 86 114 107
86 210 129 82
86 484 936 484 86
86 86 62 107
82 518 121
282 340 310 82
142 163 641 541 160
142 4 142 83
86 143 41 107
283 693 83
366 74 86
83 285 408 174 282
160 56 303 950
62 115 422 518 86
160 493 275 160
283 83 49
121 290 563 373
83 62
107 642 107
160 108 420 166
83 191 82
950 145 462 82
82 287 69 166
82 129 93 62
86 280 181 160
107 31 165 340 160
62 254 233 121
373 283 282
160 87 13 209 166
366 312 62 109 366
283 125 708 62
83 153 820 422 82
160 501 160
366 537 405 283
107 290 282
160 129 62
82 62 113 151 82
283 182 391 295 62
82 77 62
166 301 290 706 373
83 420 494
494 470 455 302 160
142 74 18 121
62 506 86
166 42 493 563 86
86 340 226 494
86 107 86
62 747 107
166 756 227 253 373
494 187 550 69 86
494 282 223 218 282
932 494
283 215 366
932 671 932
283 356 82
372 494 372
62 19 107
494 210 365 283
601 79 160
366 333 333 355 121
62 521 366
142 128 201 86
121 10 326 327 160
107 405 81 62
62 586 4 283
373 133 42 492 83
82 345 82 752
62 184 166
107 86 690 282
121 544 494
62 163 107
107 173 651 121
283 303 82
107 932 107
932 333 5 106 83
160 237 243 166
166 84 317 248 282
49 71 50 49
166 411 738 58 160
62 314 434 282
82 531 932
166 250 395 557 160
494 108 143 480 86
160 163 62
932 154 954 107
82 1 495 748 160
373 58 373
282 160
107 687 282 142
932 492 154 83 160
282 747 667 582 62
366 190 105 142
107 153 142 128 83
160 55 86
62 748 160 261 121
83 373 166
86 508 86
107 121 543 82
83 458 285 2 160
121 308 283
950 707 86
86 372 121
82 184 486 160 283
86 598 553 86
283 296 473 404 372
160 400 21 686 86
932 68 62
62 128 63 83
86 586 233 62
121 540 189 160
107 152 87 82
121 215 301 857 160
62 666 86
283 453 160
83 292 950
160 222 223 121
601 333 269 62
282 45 424 282
950 474 166
160 68 142
86 82 752
82 567 843 567 82
601 209 82
86 932 544 82
82 124 173 107 83
160 730 107
142 121 86
83 615 281 520 121
62 153 142
282 480 160
160 96 113 160
62 152 467 62
82 329 576 142
282 290 706 373
121 290 366
366 512 366 366
82 544 62
282 290 568 426 82
83 221 177 601
83 506 166
86 368 83
82 128 83 594
282 183 543 82
