643 393 142 152
71 49 71 71
50 433 84
217 50 152
70 71 432 217 433
654 453 107 405 288
162 186 533 114 152
50 431
364 152 288 70
152 121 253 333 152
71 432 288
433 50 49 152
50 643 393 142 152
654 105 434 288
217 433 84
288 218 17 654
152 288
654 233 70 217 162
217 643 50 50 431
71 612 50
433 152 431 431
152 84 84
612 747 162 512 162
433 71 433 70
217 71 217 433 364
431 217 84
612 71 612 152
217 643 50 217 50
654 186 152
70 217 121 180 433
612 71 431 433
433 217 71 432 162
217 643
288 333 153 152
288 217 71
643 50 433 70
217 121 217
70 431 50
217 288
50 217 288
162 512 162
433 71 217
217 71 70
217 404 162
71 50 50
217 71 433
152 49 433
50 153 856 612
162 288 70
643 50 431 152
217 71 84
71 71 162 654 84
288 433 432
84 84 654
431 152 288
152 70 84
431 431 50 152
50 643 269 288 433
433 432 71
433 162 50
612 115 163 643
217 49 71 612
288 152 50 431
152 50 431
50 431 433 288
433 432
84 77 62 84
612 492 144 212 612
433 217 288
70 217 71
70 372 84 180 70
217 71 84 654
152 186 345 152 84
217 612 924 612
288 104 288
432 217 49 433
50 84 217
612 223 612
433 50 643 49 643
217 162 433 431
70 431 288
643 87 654
162 432 433
612 50 433 431
431 70 186 152
612 212 283 282 217
643 49 50
433 71 432
71 433 162
84 217 84
431 427 431
364 152 50
84 729 84
612 84 50
643 49 84 780 84
71 432
432 288 71 71
217 71 217
643 50 50 431 84
364 169 249 17 654
84 1 255 152
612 83 433
612 49 71 71
431 217 886 217
152 492 154 154 152
84 71 612
70 431 50 654
71 49 50 654
431 431 83 49 71
71 431 50
162 432 84
71 217 431
84 754 84
152 71 70 84
70 233 252 654
162 323 618 323 84
643 50 84
50 84 87 49 433
643 49 153 654
84 268 215 756 431
431 433 217 431
431 288 71 432 162
432 71
431 372 404 217 433
217 50 50 612
84 442 442 84
70 71 432
643 404 434 431 50
433 50 84 235 84
288 654
217 432 71 217
71 71 288 152
433 49 643 217
654 288 162 512 162
50 612 50 217
433 433 83 433
162 83 162
288 152 71 71 432
152 492 84
162 492 186 152
431 427 612 84
217 433 83 433
71 431 372 431
433 431 84
433 432 71 50 612
152 71 431 71
70 433 70
364 212 163 643
433 50 654
84 144 84
612 427 431 84 50
50 50 654
162 468 162
654 249 84
162 50 84
50 84 431
612 217 431
433 50
70 217 49 643
612 84 217
84 433 162 654
654 333 253 83 84
288 758 288 233 433
71 217 71
84 37 84
84 105 506 288
643 87 422 84
70 217 288 333 152
162 50 612
643 163 654
654 217
84 432 162
84 288 433 71
654 217 162
432 288 71 71 84
217 121 143 405 288
71 431 431 50 152
433 50 431
162 217 71
612 71 217 70 217
162 217 49 71 433
84 288 288 654
288 288 71
152 433 50
70 152 70 431
84 780 84
71 83 152
71 433 70
50 49 433 50
71 71
612 163 613 288
643 49 84
643 269 84 431
433 364 433 152
162 217 70 372 70
288 252 654
432 217 643 393 433
152 114 93 336 84
84 270 84
433 50 431 433 162
162 50 71
152 431 152
84 510 510 84
433 70 431 50 654
612 49 152
71 433 70 431 50
654 154 404 162
50 643 50 654
70 217 49 433
654 288 433 433 288
70 431 427 612
84 50 217 84
431 288 217
162 217 71 152 433
162 288 654 288
288 70 152
288 288 71 152
152 431
50 217 654
71 217 433
432 433 217
162 71 432 71 70
431 431 288
433 50 84
84 624 84
288 654 50 152
433 162 643
643 163 643 17 612
288 654 217 49 612
152 364 433 152
431 84 50 49 643
70 152 70
162 433 50 49 152
71 49 612
50 152 612
84 50 84
217 121 404 152
288 217 433 144 84
288 217 432 84
162 50 50 71
152 283 249 431
84 84 70
71 49 71 71 152
162 288 405 162
84 727 83 612 50
162 217 49 71
70 288 71
84 555 84
433 84 49 612
217 288 71
433 433 288 654
288 295 585 84
84 268 316 420 152
431 71 50 643 50
162 482 162
84 217 654
84 233 288
432 162 288
433 217 433
432 433 84
217 71 433 84
162 71 431
643 17 643 217
50 643 163 643
431 50 50
217 50 643
84 71 162
654 48 643 217
217 71 432 433 432
612 71 84
50 643
654 217 49 612
162 217 431 50
84 50 49 643
431 431 288 162
643 217 71 612
71 433 152
152 50 50 431 84
162 432 84 84
643 163 212 431 217
70 212 144 433
71 70 84
654 162
84 729 525 510 84
71 71 84
84 372 70 288
643 48 115 812 217
152 71 49 71 71
84 152 364
433 433 152
433 217 50 84
217 49 71 83 612
71 432 71 432 288
84 211 364 433
162 433 364
431 70 217 162 433
162 50 84 431
612 115 366 254 84
288 71 288
152 71 71 432 162
84 432 288 433
84 162 71
288 152 50
643 48 84 432
71 49 49 152
162 433 50
152 50 84
431 70 71
152 121 84
162 184 162 50 152
431 217 433 364
612 121 492 612
50 217 50
71 217 654
152 41 612
152 132 217
432 433
217 71 152
217 404 153 87 152
152 49 71 288 217
162 492 612
84 57 859 612
431 70 217
643 50 431
162 71 432
84 144 615 84
152 50 50
84 50 431 431 431
162 50 71 84
152 147 83 70 152
217 432 84
433 186 654
71 433 162 50
654 153 654
70 71 162
162 17 612
288 433 152 84
152 288 71 71 162
217 50 50 612 50
50 84 217 70
288 371 662 404 84
217 654 404 152
643 269 84
70 71 70 152
288 371 137 175 288
152 41 160 162
217 49 152 433
162 288 431 152
433 217 433 83 433
288 217
654 323 2 612
643 17 612 50
643 49 433 152
431 70 433 364
433 288 333 283 152
217 162 71
288 549 84
643 162 654
288 431 71 50
71 84
162 512 366 169 364
84 443 115 152
152 71 433 84
288 613 613 288 70
71 71 162 612
612 4 612
431 433 217
70 212 144 433 50
433 83 433 217
643 162 50
84 333 288
84 71 71 84
50 49 612 50 612
288 405 162
217 70 217 84
654 233 474 404 217
431 50 50 50
288 431
643 50 84 217 70
162 432 288
152 83 373 166 84
50 71 217
654 87 121 217 643
152 70 71 431 431
431 433 288 162
612 49 84 50
288 217 162
152 147 83 70
50 84 654
217 50 433 71 433
654 50 431
433 288 431
431 434 433 50
288 431 50
643 963 643
288 433
162 50 84 431 152
217 71 432 433
70 71 288 84
433 84
288 84 654 50
654 217 431 433 217
84 152 431
433 70 71 50
162 58 654
152 364 433
288 405 375 478 84
288 333 152 433 288
152 431 70
50 50 50 162 84
152 70
612 50 612
288 288
70 372 433
654 163 546 84
50 431 50
152 212 364
84 333 282 288
288 432 217
654 162 50 162
162 84 624 84 84
70 431 372 404 217
217 50
431 50 431 433
50 433 71 433 70
654 404 404 217 70
50 431 70 217
152 434 612
71 431 372 431 217
70 217 50
643 49 49 433 71
643 217 288
71 71 433 162
431 50 431 288
50 71 433 432
84 366 17 393 643
433 217 70
288 71 431
162 288 217
612 71 71
84 601 84
612 427 162
654 105 492 162
70 84 110 84
152 71 49 71
70 433 288
217 70 71
431 84 50 162
612 859 105 612
431 50 643 217
288 288 288
643 50 71 84
84 288 432
84 662 84
612 859 612
612 217 162
162 433 433 432
162 433 433 432 288
654 333 121 288
84 453 84
84 50 217
152 71 431
152 49 152
71 84 152
152 249 152
162 50 643
50 217
84 84 432
70 233 105 431
70 433 70 71 50
654 288
217 71 70 84
70 83 431
50 71 71
84 211 152
432 288 152
84 50 643 50 654
612 217 643
432 71 70 71
431 71
70 431 70
152 612 152
288 431 71
70 433 288 288 288
71 431 288
152 288 70
71 217 433 364 152
162 160 15 175 288
433 217 431 50 654
643 269 288 433
433 83 612
70 372 84
84 443 333 153 152
152 70 152
84 50 71
84 217 431
654 288 288
288 152 49 49 217
84 664 664 363 364
162 321 283 162
217 49 71
433 433 71
431 50 431 217
288 217 432
84 560 223 612
288 121 145 612
217 162 432
431 152
431 433 288
432 433 431 50 84
84 84 77 121 71
654 32 29 32 654
84 174 665 886 217
70 217 431
84 70 431 84
152 726 612
84 50 612 49 152
162 433 71
152 71 70
612 162 217
433 83 433 433 431
288 758 288
70 288 70 217
288 162 217 84
431 431 71 50
612 212 431 70 431
84 485 84
84 594 83 433 84
364 152 288 70 217
433 432 433 49 84
432 433 50 217 433
643 50 50 431
152 612 83 71
84 111 84
432 288 433 84
162 541 162 654
70 217 49 152
84 295 162 71
288 83 162
654 84 612
612 50 217
654 24 654
288 288 84
433 433 432
70 186 152
152 82 544 84
217 49 49 50
70 372 433 217
50 433 70
162 643 162 433
84 288 217 70
70 186 420 283 288
612 71 217
217 50 84
643 50 84 431
431 50 162
162 217 432 288
84 433 50 84
70 217 162 433 431
50 50 431 84
84 110 84 780 84
288 433 364
432 433 217 71 84
84 87 49 433 50
71 433 432
84 433 288 432
162 63 865 58 654
70 152
71 432 433
288 71 432 162
71 612 82 612
217 288 288 288
84 780 84 372 433
50 433 162
152 183 152
433 186 531 82 612
431 71 49 152
288 71
50 217 431 288
162 433
654 186 433 364
288 432
84 546 269 288 431
162 84 217
654 153 211 364
84 558 823 15 162
431 372 404 217
84 372 70
71 71 433
152 364 152
71 612 393 162
84 50 71 152
431 288 71 84
84 510 19 288
288 333 152 433
70 84 612
84 50 162 492 84
84 372 433 71 152
432 288 71 288
612 50 50
152 612 152 50
84 433
432 84 492 84
288 371 434 612
50 50 162
433 233 433 70
432 71 612
431 431 433 217
217 50 433
433 71 71
288 104 393 152
288 654 162
217 404 166 127 84
612 147 612
217 433 364 433
364 433 431
643 49 71
433 162 747 162
431 217 643
612 50 654 288
162 393 761 393 433
612 393 152
432 433 50 71 50
612 217 49 152
431 70 431 71 433
431 71 162
643 49 217 432 162
71 612
288 71 71 162
288 432 288
217 433 217
217 84 835 84
162 612 859 612
217 612 84
152 340 598 84
431 50 71 162
50 217 50 71
288 217 71 433 84
84 323 654
71 152 726 612
288 432 71 70
84 664 84 333 152
433 217 612
431 427 431 50
217 71 432 71
433 431 70
70 288 152 71 71
288 433 121 152
433 233 433
71 432 71 432 84
84 48 643
612 162 288
612 71 71 288 288
433 288 152 340 612
432 217 643
71 50 71
217 84 70
71 83 152 288
152 82 50
84 217 71
152 393 612
288 70 433 288
152 345 256 492 612
431 217 288
217 71 162
84 71
50 71
431 433 432
288 217 50
84 492 84
162 186 654
612 83 71 288 433
71 217 70 217 84
162 433 152 71 152
217 643 17 295 162
84 13 84 555 84
162 190 162
71 432 71 612
612 747 162
433 433 49 643 217
288 70 288 70
162 84 624 84
50 612 50 643
433 49 643
217 431 288
71 433 83 433
152 288 152
71 50 217 71
217 50 84 654
288 71 70
288 432 433 152
217 71 431
431 431 431
71 431 217
70 71 612 393 162
217 432 217 71
433 49 50 612
654 50 49 50
433 152 50
433 432 162
162 71 50
288 433 217
152 393 71 152
162 15 162
433 70 71 70 152
654 217 71 217 162
50 431 70
612 84 50 643 50
433 432 217 70
84 113 84 431
433 71 70
152 433 431
152 431 431
654 154 654
71 50 431
71 83 186 162
152 211 364
433 162 50 84 431
152 49 49 84
84 217 50
432 288 433
431 50 49 612
50 433
654 186 433 364 433
643 50 643
612 71 152
152 431 288 71 84
50 84 50 217
50 643 217 433
654 50 643 217 433
288 431 84
70 431 160 252 654
84 50 50 643 162
612 404 654
364 433 364 152
431 217 162
433 152 84
162 512 162 433 70
84 50 217 50
612 71 162
84 50 162
654 50 431 70
84 31 162 50 643
431 83 283 288
71 217 433 364
433 433 431
84 780 84 217
84 217 70
71 49 87 49 71
217 643 217 71
217 886 273 15 162
364 152
433 49 643 217 612
612 31 186 162
612 427 431 84
71 50 49 217
70 431 71 433
70 217 162 433
152 433 152
288 756 288
612 832 612
84 492 510 510 84
288 70
50 431 217 288
152 612 115 163 643
612 424 269 152
50 50 431 217
152 492 162
612 50 433 71 433
50 50 50
217 49 152 393 71
71 431
84 180 162
84 83 288
50 217 50 50 654
433 49 433 432 288
50 433 186 420 152
84 493 791 612
71 83 84
162 160 162
217 49 152
70 288 71 84 288
84 162
162 217 160 454 84
431 433 432 433
612 82 612
288 70 431
431 217
433 217 71 84 654
654 50 71 433 432
84 71 612 82 612
431 217 432
162 163 162
50 50 50 162
217 49 612 152
654 217 49 152
162 217 432 288 162
431 50 49 217
84 612 152
288 269 152
217 643 50
654 323 162 512 162
432 71 71
162 288 433
433 50 643 50
217 132 211 654
152 364 433 50
217 431 50 49 612
50 162
84 811 84
162 186 152
84 152 50
84 585 585 295 84
162 612 71
50 50 49 87 643
431 71 431
432 162 492 612
84 433 152 50
152 431 50 433
71 431 433
162 50 152
84 71 70 152
84 73 84 70
288 654 288
217 71 432 71 612
431 83 49 71
152 71 217 71
364 433 233 70
71 84 50
84 431 50
70 71 288
643 49 433 217
50 431 84
70 186 70
612 83 49 84
162 433 152
152 84 71
612 145 612
152 105 612
431 50 431
433 431 50 84
432 84 217 654
70 431 17 643
50 217 71 50
152 258 152 70
433 71 433
84 70 152
288 58 612
288 217 643
433 217 132 152
162 432 71
217 70 62 153 152
431 427 48 50
643 17 643 217 654
433 49 71 83 288
431 70
71 288 549 288
433 217 433 364 433
152 87 152
612 50 84
152 393 71 70
162 50 50 71 162
84 111 110 84
217 71 50
288 431 288
433 433 288
71 217 71 432 433
612 272 84
84 252 235 84
643 50 217
643 49 71 432 288
288 433 152
84 254 152 433 364
84 727 84
50 71 50 217
162 186 70
612 50 217 431 288
152 50 50 431
50 50 162 84
71 432 71 70
162 50 433
643 163 643
431 217 432 288
152 71 49 612
432 71 70
84 372 433 70
162 71 431 50 217
70 71 612
70 433 70 71
84 83 288 218 288
70 186 433 50
433 50 643
152 50 643
162 433 432
217 612 217
431 288
288 433 433
612 153 612
152 160 44 107 162
162 512 512 162 643
612 474 115 84
217 612 50 612 162
71 217 49 84
654 217 432
217 160 454 84
84 49 433
71 71 431
71 83 431
288 432 433 50
152 431 288 71
84 217 71 217 433
288 83 84
71 83 288
217 340 303 283 162
84 49 49 152 50
612 71 612
162 71 432 217
612 71 217 162
217 432 71
152 548 1 84
84 75 84
643 162 432
84 84 432 71
431 427 431 50 643
70 152 71 217 71
217 71 84 152
84 780 84 654
50 431 70 217 162
50 162 492 84
643 963 612
84 58 162
152 153 333 340 217
162 83 211 152
654 355 513 84
643 162 432 288
84 323 97 434 288
162 163 87 404 654
217 162 71 152
654 820 654
431 70 433
433 49 643 162
70 288 654
71 83 612
71 288 433
432 71 432
654 153 50 431
431 434 433 50 84
288 288 433
152 467 152
431 160 252 654
84 443 84
288 288 152
70 433 152
152 433 433 71
431 288 217 162
432 433 364 433
71 432 433 364 433
612 217 70
288 162 433
431 433 84
217 432 162
162 186 70 431
152 288 288
288 71 84 288
84 546 154 654
612 105 152
162 181 162
84 295 162
152 142 615 152
84 555 84 780 84
431 431 71
654 288 433
152 71 433
152 366 74 212 288
217 432 288
84 30 160 121 152
152 333 87 643
152 50 152
432 217 288
152 223 756 431 84
50 433 71
612 217 288
50 50 612
70 152 71 217
217 643 50 84
84 432 217 49 433
217 433 49 612
432 288 162
84 487 84
50 654
433 70 431 50
643 49 71 612
431 217 431
84 288
84 432 84
71 50
288 71 431 288
431 433 364
152 160 492 84
84 594 84
84 546 84
288 218 288 654
612 152 49 433 364
431 50 654
288 152 71
152 71 433 152
433 372 84
70 107 132 217
84 433 162
431 166 404 612
70 71 431 431 50
217 886 217
612 49 19 288
217 431 50
162 288 431 152 288
364 152 288 84
612 217 432 288
50 612 49 643
152 50 49 433 50
217 340 152 105 431
431 70 71 162
84 50
433 49 50
152 153 50
84 144 121 71 288
71 71 162
654 404 404 217
654 217 433
217 162
643 50 643 217
70 186 433
84 244 84 71
431 166 404 612 71
288 288 288 432 433
433 83 433 217 84
643 404 434 431
288 288 432 433
288 433 433 288
288 162 654
71 432 433 50
433 162 50 84
654 162 50
433 49 217 643
84 162 654
217 654 404 152 364
217 612 963 83 70
50 84 50 217 84
84 152 393 612
431 288 654
162 404 217
84 105 612
84 217 654 217
433 162 217
431 433 49 433
71 83 612 791 612
152 147 115 84
152 433 431 71
84 623 458 152
162 492 84
70 494 229 84
70 372 70
431 372 84
433 217 431 50
217 70 433
50 50 50 217
70 186 129 249 431
654 186 152 71
71 288
152 393 71
84 160 61 395 152
84 217 654 217 50
84 107 70
71 432 121 152
70 84 433
288 218 288 654 217
84 549 663 187 152
162 217 84
612 282 612
84 432 162 433
50 431 431 431
654 420 325 306 612
432 288 84
84 441 649 84 84
162 482 553 84
643 50 433
217 70 433 84
50 84
643 50 50 50 162
217 49 433
152 84 84 162
433 186 162 288
162 71 288
217 50 71
217 49 217 433
152 41 612 71 162
432 162
431 217 433
654 153 50 431 70
612 49 217
71 432 217 643
433 217 643
162 288 654
152 345 152
288 70 71
84 432 433
612 71 49 643
162 389 585 84
162 643 50 643 217
84 601 404 372 70
71 433 70 431 217
217 132 152
288 217 71 433
84 71 162 643
50 50 643 162
217 432
433 364 433 364
217 50 50 654
84 70 431
433 152 431 431 71
364 212 492 84
612 105 404 152
162 50
288 282 212 70
50 84 217 70 433
70 288 613 288
433 433 431 50
84 13 84
612 121 110 84 71
612 217 70 71
162 654
433 70 233 70
364 152 50 152
152 431 431 71 50
217 432 433
70 288 70 217 433
70 217 84
433 50 217
70 288 70
162 163 86 290 643
288 70 288 71
612 153 654
364 211 612
84 82 427 162
50 71 49 71
70 932 253 84
612 84
71 432 217
70 217 366 512 162
364 433 162
50 50 71 162
288 431 217 84
162 432 217
654 17 223 309 612
217 71
612 791 612 393 152
162 323 162
162 612 217
71 84 560 223 612
654 404 152 612
71 217 431 288
431 431 71 84
432 71 217
50 50 217
433 288 152
432 433 152
162 433 432 71
431 70 84 612
162 84 71
70 71 431 433
431 166 152
431 50 643
152 50 654
84 73 84
431 372 70 431
84 50 153 654
217 886 217 84
84 49 50 84
70 433 288 288
433 162 654
654 87 84
84 134 84 431
162 50 654
71 432 433 50 217
612 58 288
71 217 70
288 758 283 152 288
217 431
643 162 433 152
364 152 147 83 70
71 49 84
654 288 152
288 152 431
152 49 49 433
84 560 84
288 506 971 582 84
84 217 433
433 49 433
84 433 364
643 217
612 49 152 431
71 162 643
162 432 217 433
288 70 217
612 217 432
654 340 116 152
152 548 152
162 50 217 71
152 433 288 152
152 49 84
162 217 162
432 217 70 372 84
152 612
162 184 162
71 432 288 432 288
84 115 355 152
70 372 433 217 654
50 433 71 433
84 323 84
152 49 50 643 162
162 50 217
431 70 372 70
70 71 70
612 131 249 431
84 235 84
152 50 162
70 433 84
433 49 433 49 217
217 432 71 70
431 217 886 217 643
50 433 254 433
433 70 71 50 84
50 71 433 432 162
643 50 50 50
50 50 71
162 217
433 186 433 217
612 83 71 288
152 612 212 431 70
84 288 432 433 152
288 217 84
643 49 643
217 431 433 217
152 71 50 50
84 112 84
431 288 71 432
612 612 71 612
217 366 512 162
162 31 31 612
84 50 643 50
643 162
162 71 71
70 86 238 237 162
217 654
152 50 433 70
162 532 17 162
162 71 431 50
162 180 433
288 432 71 217
162 468 82 612
612 217
433 431 71
288 432 162
432 288 71
217 433 364 152
50 433 434 431
70 431 71
288 70 433
84 49 612 791 612
431 71 612
288 613 288
432 217 433
84 118 183 160 152
288 105 612
612 50 162
84 594 83 433
433 433 372 84
84 467 84
152 114 44 434 433
433 434 612
431 431 50 431
288 506 83 492 84
654 50 654
162 217 366 152
71 50 217 50
162 217 432
84 288 288
654 50 84
162 160 162 643
431 50
288 162 512 162
152 433 162
50 71 612
84 217 643
654 50 643 217
152 212 166 152 71
431 288 71
612 41 83 431
50 49 643
70 288 431
50 162 17 162
288 288 432
217 643 49 153 654
152 84 612
432 71 152
162 81 107 417 162
50 612 50
288 71 71 84
431 217 71
84 252 84
432 288 432 288
70 217 612 50 612
431 83 612
288 84 162
654 154 932 252 162
71 71 152
71 288 433 121 152
152 612 83 71 288
70 152 364
432 433 50 217
288 613 613 288
288 70 433 217
84 453 166 485 84
70 71
433 186 162 288 431
432 71 50 431
71 217 612
84 217 70 433 84
50 49 50
84 433 152
84 254 152 431
50 431 288
612 347 612
288 549 460 467 84
70 433
612 791 612
50 217 50 654
84 467 152
84 217 433 84
643 50
152 70 431
162 84 71 162
654 217 432 433
217 432 71 217 654
612 42 612
433 288
71 612 50 612
288 71 432
432 433 432
364 165 39 84
431 217 71 70 84
84 49 152 612
433 152 71 152
84 233 288 162
432 71 433
70 186 433 50 84
612 49 643
152 121 174 175 288
71 162 654
643 50 71
217 49 612 217 288
70 431 70 233 654
431 50 643 162
162 412 162
84 425 835 84
431 71 84
84 288 432 162
433 432 217
433 186 162
84 372 107 318 84
152 83 186 129 162
431 372 431 217
654 163 612
433 364 433
643 87 84
433 288 288 288
162 432 162
162 180 433 84
152 107 366 84
288 162 217
84 288 432 433
84 510 84
217 288 333 152 433
612 211 84
84 612 17 393 152
431 50 433
431 372 62 478 84
71 49 152
433 431 50
288 162 512 162 433
162 747 162
84 77 121 71
654 50 162
288 431 152
84 474 612 84
162 2 612
432 217
433 372 372 84
288 333 152
162 412 305 84
288 252 288
70 431 166 404 612
152 223 756 431
431 288 654 50
612 152 364
50 153 50
612 434 153 654
654 783 654
654 217 431
152 395 376 654
612 84 443 84
50 49 433
162 186 152 70
152 283 249 431 84
84 71 217
70 71 50
654 50 71 433
288 433 186 654
643 217 433
71 288 84
84 50 217 50 71
84 152 288
433 49 433 432
217 433 364
612 50 217 431
162 288 104 288
288 654 288 152
217 49 612
152 269 288
162 84
288 175 288 70
431 372 433 433 152
612 71 50
71 49 217
433 217 71 84
432 433 432 433
84 71 433 50
70 71 50 612
162 389 162
50 217 433
162 288 162
612 50 612 612
84 431 70 217 71
71 432 162 186 152
433 433 50
431 212 612
50 431 433 162
288 433 288
288 71 84 50
643 50 431 217
71 50 433
152 71 49 84
643 217 71
654 163 654
162 288 433 50
433 144 433
162 71 432 162
288 333 474 84
432 217 612
433 217 71 432
84 582 62 70
50 84 162
431 433 162
288 756 288 162
84 598 598 521 217
84 453 142 152
431 433 433 432 162
364 152 211 364 152
433 433 49 643
433 162 84
431 372 433
84 333 152
152 288 71 71
654 162 612
612 50 433 71
433 433 83 433 217
217 432 288 162
433 49 84 49 152
84 654 84
50 49 87 643
643 50 612
433 84 432
433 431
364 433 84 432
431 70 431 71
612 84 50 643
84 654 233 70
70 212 288
431 427 48 50 71
152 105 431
612 163 934 268 84
431 431 433
433 434 431
84 127 613 288
433 217 84
162 217 612
84 431 70
432 433 217 71
217 84
217 160 512 162
84 431 431
433 49 84
217 433 433
152 71 432 121 152
433 432 162 612
84 288 162
50 431 70 433
152 83 612
217 366 152
431 433 433
431 431 217
152 121 300 828 612
71 433 50 49 217
70 431
84 134 84
431 431 152
84 729 441 84
364 152 50 50
84 254 152
84 254 303 142 152
152 288 84
50 50 612 50 643
431 84 544 84
84 288 70
612 233 84
71 49 643 217
84 50 50 643
288 152 71 71
71 433
84 243 84 546 84
612 71
431 217 70
162 323 84
152 70 152 70 431
71 71 432
433 152 223 756 431
70 84
432 288 432
162 295 947 393 152
654 217 70 217
50 49 433 50 654
152 49 643
433 50 217 433
364 211 152
288 70 84
288 217 433
84 752 84
50 431 71 431
84 333 212 411 84
71 84 211 364 433
50 49 87 643 50
431 50 612
217 431 433 217 288
217 643 50 217
432 162 217
643 269 288 433 71
654 50 49 643
84 654 233 70 217
654 404 152 364
84 546 269 288
84 70 288
162 433 364 152
84 432 217 71
50 643 49 643
84 152 50 84
432 71 70 433 364
612 121 110 84
152 50 433
643 50 84 217
433 434 433 71
431 217 160 512 162
643 217 71 431
217 288 654
612 212 431 70
50 49 612 50
643 50 217 50
84 84
152 71 432
71 49 50
288 431 71 431
84 250 182 321 162
84 431 71
84 454 84 71 71
162 180 148 434 433
152 50 217
217 160 591 83 71
654 217 50
217 132 152 50
70 494 153 612
152 366 372 431
217 288 654 162
84 269 84
84 71 432 71
162 433 432 433
162 288 70 84
84 612 163 643
84 50 152
50 49 217
654 154 105 288
431 152 288 162
84 252 195 832 612
152 364
432 71 50
654 217 70
431 50 84
152 612 31 186 162
217 50 654
643 404 643
71 432 121 212 431
84 121 890 121 288
433 70 288
84 373 83 153 50
71 49 50 71 162
612 50 612 162
217 49 71 152
643 217 432
71 612 152
433 431 71 393 162
288 217 132 211 654
364 152 288
71 433 162 50 84
431 434 433
433 433 432 288
433 364
84 62 254 84
654 404 152
162 217 431
612 309 612
431 217 643 50 50
71 70 84 70
84 70
612 84 70
84 432 217
162 432 71 431
162 288 431
84 393 71 431
70 212 77 105 654
654 163 546 84 431
217 288 217
431 70 431
288 252 288 283 152
152 434 16 404 152
84 50 643
50 49 152
217 433 144 84
162 71 71 431
71 71 162 654
431 427 612
162 217 71 152
217 612 612
71 49 152 87 152
84 431 84 544 84
50 71 71 162
50 71 431
84 393 84
152 249 490 212 364
288 654 50 431
643 17 295 162
431 83 147 212 162
432 71 50 433
433 70 84
71 217 643
84 107 152
217 84 71
288 58 411 2 162
433 70 152
431 288 162
431 431 84
162 323 654
433 70 186 433
71 49 49 50 162
654 217 431 433
217 50 433 71
84 549 287 162
162 612 50
288 432 71 70 433
612 272 15 121 612
364 433 364
364 21 364
50 433 50 643
84 558 84
70 288 71 84
152 433 49 71
84 393 82 152
288 433 49 152
162 17 162
70 71 431 431
433 84 152
84 31 84
433 152
431 4 58 431 152
288 71 71 162 654
654 453 453 84
288 432 433
217 431 433
433 71 431
50 153 654
612 217 433
433 50 71 50 217
70 288 70 288
217 340 152
288 217 643 963 643
162 71 433
70 217 433 50
612 963 612
152 49 49 217 84
162 433 152 71
84 217
612 248 612
84 411 84
288 218 309 549 84
433 50 71 50
217 432 71 70 71
431 4 58 431
84 233 288 162 654
654 50
217 50 71 217
70 288 152
288 433 50 431
162 654 288
152 494 84
162 433 70 84
612 84 433 364
84 654
364 433 50
70 71 288 83 84
162 237 162
217 288 288 288 432
50 431 50 49 217
288 758 283 152
643 50 50 217
431 431 50 431 217
654 288 70
152 612 152 50 162
654 50 152
288 71 152 84
152 116 39 84
84 58 612
433 288 84
433 71 49 152
433 431 50 162
70 233 121 594 84
162 236 240 233 612
84 243 84
50 50 433
71 70 433
71 50 643
84 471 472 471 84
288 405 158 963 612
612 50 433
84 372 70 288 84
84 432 433 217
70 107 99 323 162
654 48 211 612
612 71 288
84 71 288 758 288
152 288 162
70 84 49 50
152 83 654
71 217
162 612 84
50 217 50 50
84 492 152 364
84 244 84
84 254 152 431 70
432 162 612
84 553 598 84
643 50 162
84 372 433 71
71 71 83 84
50 431 71 431 433
162 217 84 71
70 433 49 217
84 433 49 612 84
70 62 153 152
162 333 288
50 71 50 217 50
152 433 288
162 512 512 162
152 211 654 288
162 512 162 433
643 49 49 433
152 212 166 152
612 791 612 50 643
84 50 433
288 288 288 432
70 433 364
84 152
70 217 288 71
288 432 84
84 269 404 643
50 433 431
612 217 432 71
152 147 155 147 152
431 372 433 433
654 87 147 434 612
612 152
70 180 105 612
50 643 269 288
643 217 70
71 49 50 71
643 48 84
654 217 612
431 50 49 612 50
84 71 432 71 432
71 162 654 84
71 70 152
152 50 162 17 162
643 269 643
612 50 654
612 152 50
70 71 432 217
654 288 433 433
71 84 654
217 433 432
433 364 152
433 84 467 84
71 433 432 162
433 405 105 166 431
162 643 162
70 494 152
50 162 45 404 612
217 50 431
152 431 70 431
152 288 71
432 433 364
433 217 71
152 49 152 431
612 84 110 84
612 924 612
50 50
643 49 217
217 49 84
654 48 643
84 288 217
217 70 217
84 623 84
84 48 113 41 152
152 492 152
84 598 598 553 84
84 49 152
152 49 612
288 756 614 756 288
152 433
433 71
152 212 269 288
50 71 70
643 49 71 432
217 50 50
84 654 50
288 70 288 70 217
612 163 643
433 70 431 217
50 612 145 612
433 217 431 50 152
84 288 433
217 71 70 84 70
217 643 393 433
431 50 431 433 288
84 112 474 612 217
84 510 19 288 84
433 71 84
84 453 87 152
364 212 70
654 50 71 431
84 115 152
643 49 84 73 84
654 333 153 494 152
612 726 726 152
217 162 654
50 162 84
84 243 411 174 84
162 2 162
612 50
432 217 71
217 70 71 431
84 431 70 217
643 162 433 152 71
84 333 152 431
84 233 494 39 84
432 288
84 444 84
364 433 186 433 217
70 217 288
612 217 70 71 431
50 612 272 84
162 433 433
84 431 71 162
162 654 783 654
162 433 70
432 217 49 612
84 582 84
612 42 372 431
152 87 132 152
643 162 654 288
433 49 71 50
50 431 431
288 70 71 612
217 643 963 643
50 50 643
217 288 288
84 510 84 288 70
71 432 433 432
433 186 654 84
643 269 288
612 356 612
431 50 50 50 431
50 84 50
433 217
432 71 83 431
70 71 433
654 420 152
217 654 217 50
612 393 162
50 50 431
612 492 612
50 431 70 433 364
432 71 432 84
84 71 432
152 71 217
162 512 512 512 162
288 295 296 42 612
84 433 217
152 612 162
70 217 612
432 288 152 50
71 288 288
84 84 431
431 372 431
152 433 433 372 84
162 84 71 162 643
162 50 433 364
71 288 152
364 433 433
288 288 433 186 654
152 49 49 217
432 433 431
71 431 431 50
71 612 162
612 131 859 147 152
654 25 654
612 147 329 66 654
70 71 612 50
84 113 84
364 152 433
643 50 654
217 121 84
288 433 432 288
288 218 17 105 152
71 84 211 364
84 254 152 433
217 162 433
612 83 71
217 643 87 654
162 50 217 50 654
612 49 152 431 70
84 441 649 84
431 71 393 162
217 431 50 654
288 71 49 84
84 560 66 48 654
84 49 49 152
432 71 70 433
162 71 84
217 71 432 162
71 70
217 643 50 84 217
50 71 433
288 70 288
612 791 612 50
433 432 288
84 715 84
50 217 50 50 612
217 70 372 84
433 50 612
84 112 474 612
152 433 217
431 217 432 71
152 105 152
152 431 70 431 71
364 152 211 364
162 747 162 612 71
432 217 70
433 71 433 70 431
162 186 31 612
71 431 431
70 288 84
71 431 71
84 71 433
654 217 49 612 217
432 84 217
643 217 433 49 612
217 432 433 162
217 282 288
217 49 217
71 612 233 288
431 372 431 217 432
84 432 288 433 84
50 431 50 654
217 643 217 71 431
433 186 433 217 433
