405 83 405
300 187 106
300 209 283 28 106
106 355 169 300 106
405 480 638
828 896 173
889 828 300
173 538 173 896
638 210 638
300 642 212 303 106
102 323 300
106 282 531 300
892 405
173 723 173 340 638
173 892 892 828
896 303 405
300 108 290 405
173 68 473 489 405
106 480 405
638 589 106
828 892
892 128 142 405
106 717 160 173
638 169 638
106 83 106
405 490 405
896 21 183 106
106 356 638
102 405
106 717 160 173 896
102 411 405
405 433 70 372 106
891 892 367 16 828
891 892 896 405
405 184 142 493 405
405 227 226 405
300 475 300
173 416 173 173
173 21 405
300 12 896 405
896 356 896
828 796 405
173 82 642 106
173 405 695 405
106 671 189 106
405 434 405
405 158 105 106
106 641 106
828 356 828
106 489 771
106 489 771
106 113 971 114 892
300 226 300
405 64 243 375 889
173 173 306 173
405 896 300
638 81 300
405 255 471 607 106
106 62 173
173 260 173
173 777 173
638 638 169 340 173
106 533 188 106
405 194 405
896 405 456 405
300 892 891
405 124 892 891
106 68 173
771 145 300
173 462 20 173
828 353 828
300 209 300
405 367 169 300
828 106 462 106
405 87 173
300 300 173
405 889
106 462 173
106 249 236 46 300
405 896 405
892 828 300 106
405 28 419 106
828 796 828
300 300 173
173 340 638
405 456 405
173 306 173
828 107 896
405 107 356 828
300 371 828
638 896 638
828 892 405
828 892 892
891 405 16 106
300 169 21 106
300 638 44 638
405 796 828 300
106 68 300
102 102 300
173 114 338 638
173 142 253 106
106 21 671 106
173 126 173
892 340 932 44 405
106 486 106
773 773 405 531 106
828 300 2 896
106 771 106
896 169 263 405
405 126 405 183 300
300 10 400 327 173
300 739 300
891 892 891 892
300 64 329 80 106
896 116 121 405
896 368 275 226 405
300 62 170 355 638
106 68 173
638 10 777 173
106 489 300
889 828
106 283 106
106 314 726 106
405 126 55 638
405 160 173
106 405
102 516 516 102
828 889
405 495 1 106
405 748 13 10 638
405 212 106
638 638 169 340 173
828 892 891 405
106 363 106
405 46 548 106
889 405 102
173 896 300
896 892 405
102 812 102
405 424 46 405
828 145 405
106 169 896
892 405 173
891 892 896
638 10 777 173
300 300 896
106 518 366 173
300 106 106
102 405 169 896
405 274 139 160 106
896 638 896 896
896 124 405
896 828 405
300 419 106
891 405
300 662 371 405
300 268 106
173 20 42 300
638 44 300
173 549 460 300
300 108 405
173 340 450 329 405
405 102 97 353 106
773 405 531 106
300 405
405 283 300
828 356 106
828 892 891 892 300
896 828 896
405 226 405
106 87 489 106
405 355 405
405 896 638
300 218 219 74 106
896 169 263 405 889
405 10 638 300
102 102 300
106 377 163 142 173
300 475 300 102
896 892 891 892
896 405 108 300
300 892 891 405
173 21 405
638 638 896 173
300 218 340 892
638 300 45 405
892 891 892 173
889 300 896
106 560 106
300 124 125 99 173
300 300 896
892 891 405 796 828
102 6 305 2 102
771 106 142 828
106 363 106
300 255 405
173 142 300
889 375 896
405 89 2 102
896 303 405
106 230 106
405 16 106
173 723 173
106 550 106 106
106 223 117 106
405 642 300
405 126 55 638
405 108 300
173 129 169 896
405 226 300 638
102 300 300
405 226 300 638
638 638 169 340 173
405 16 424 518 173
405 274 46 828
106 419 489 300
892 891
106 533 46 828
300 118 748 106
773 773 773 773 773
405 495 1 106
892 173 896
102 300 46 300
300 255 405
405 221 106
106 489 106
889 405 434 300
405 126 55 638
405 282 10 638
106 531 106
106 885 106 405
106 671 189 106
300 81 518 173
173 121 363 329 405
828 434 173
892 128 300
896 173 22 173
300 106 223 117 106
405 489 300
889 375 756 614 106
106 932 283 303 896
405 108 300
896 112 896
638 896 896 124 405
896 638 638
405 158 405
405 456 405 282 173
106 748 300
102 743 743 102
892 828 896
405 758 405
106 256 548 46 300
106 211 518 106
173 20 74 106
106 405 87 173
638 46 106
173 777 259 74 173
828 892 891 405
773 405 889 405
892 173 896
405 892 891
405 143 548 405
405 543 222 256 106
300 68 106 283 106
300 64 106
405 89 369 89 405
106 68 173 405
300 160 778 160 828
173 69 166 405
106 490 256 106
300 218 340 892
405 184 582 106
300 108 290 405
106 268 405
300 124 405 106
828 142 828
106 280 543 405
106 400 509 81 638
405 108 300
405 288 405
892 300 489 300
828 892 405
173 405 695 405
173 10 535 173
889 375 405
405 256 173
828 300 124 107 896
405 17 106
102 300 300 896 896
638 124 353 828
892 891 892
173 223 228 695 405
173 17 317 73 106
106 187 405
106 107 327 173
300 314 312 300
106 551 106
106 311 222 748 405
638 124 353 828
828 356 828 892 891
106 283 758 405
173 538 173 896
896 169 263 405 889
405 160 173
896 21 173
173 416 173 173
106 828 889
173 950 55 638
300 173
300 638 638 896 173
405 81 638
173 126 405
106 106
300 218 340 892
405 106
405 495 300
173 300
896 81 300
405 274 46 828 300
638 355 303 303 300
106 113 971 114 892
173 10 535 173
106 163 459 106
405 356 638
405 194 405
106 351 106
892 892 892
828 896 896 173
106 480 405
173 416 173 173
173 892 891 892 173
405 212 106
405 128 405
405 498 405 102
106 20 173
828 45 274 405
173 256 405
405 173 896
771 106
106 533 498 405
405 16 115 17 173
300 42 300
106 290 64 102
828 371 46 300
173 282 173
173 340 638 638
102 517 102
405 28 419 106
773 773 405 889
106 748 105 771
106 254 106
173 173 896
892 896 300 889
102 405 169 896
896 124 896 638
405 87 173
405 107 405
405 173
889 405
896 173 259 106
106 400 509 81 638
106 21 173
889 300
405 519 21 695 405
405 543 405
405 263 405
106 16 211 126 638
828 892 892 896
889 375 405 495 300
300 638 44 638
896 28 106
892 892
173 538 173 896
405 537 405
828 169 300
405 10 306 173
405 145 771 106
405 531 300
405 81 638
405 314 300 896
405 227 226 405
173 105 173 892
106 268 405 541 405
405 889 405
106 932 489 106
638 124 173
896 112 896
771 518 405
173 892 892 828
828 892 891 892 300
300 268 405
638 300 45 405
405 896 405
106 254 106
892 896 638
106 756 142 300
828 169 300
405 133 183 460 300
405 433 405
638 44 300
405 828 233 828
405 300
405 695 405
300 300
300 114 564 263 300
892 300
106 550 106
405 28 419 106
106 87 489 106
300 107 106
106 268 301 690 106
828 300
405 490 106
405 642 212 434 173
405 314 300
173 115 546 723 173
106 255 405
405 187 300
300 124 125 99 173
828 106 462 106
896 828 142 828
773 773 405 889
405 773 405 456 405
773 773 773 773 773
173 83 233 105 106
106 117 460 607 106
773 773
638 896 892 405
300 42 300
896 828 142 828
106 641 106
405 133 28 892
638 639 638
173 62 367 107 300
106 726 106
405 642 932 173
828 45 300
892 124 838 45 828
173 20 695 106
102 405
106 280 543 405
106 400 509 81 638
405 143 419 828
405 889 828 106
300 495 300
405 158 405
638 10 777 173
106 68 173
405 892 896
405 106 828
405 256 10 300 106
896 828 405
173 83 106
173 256 405
405 480 121 41 173
173 41 86 173
892 405 158 105 106
106 283 106
896 300 475 300
106 117 100 124 173
405 274 139 160 106
300 46 300
173 327 20 173
106 979 106
106 190 106
891 892 124 896 638
896 896 892 892
106 107 80 106
405 642 300
405 106 548 106
638 896 892
106 268 0 283 106
300 355 282 589 638
106 828 106
405 64 243 375 889
300 108 329 303 896
173 126 405 300
405 226 405
106 129 365 106
300 173 896
896 896 892 300
638 495 405
106 72 106
173 892 896
405 796 405
106 671 189 106
405 108 405
300 329 80 357 106
173 612 340 777 173
896 173 107 490 106
828 46 638
828 46 21 405
892 290 405 173
773 773 405 115 173
828 896 405
892 891 892 896
173 462 20 173
106 74 311 106
405 158 405
405 126 405
106 495 300
300 126 638 55 638
405 362 86 173
300 124 405
405 748 495 300
405 45 300
828 889 828
405 256 10 300
106 183 106
106 17 153 333 173
771 145 106 828 896
638 896 896 124 405
896 638 896
106 748 106
300 355 638
638 81 300
300 81 106
405 278 106
106 86 62 546 828
889 405 102
173 21 405
173 173 115 145 828
771 16 828
106 268 0 283 106
173 549 106
102 98 102
173 17 317 73 106
106 671 189 106
173 535 173
102 101 99 97 102
638 638 169 340 173
896 81 300
106 268 222 106
405 89 2 102
405 356 638
405 28 367 106
828 356 638 896
889 375 756 614 106
891 405 891
828 892 892
405 519 106
771 489 300
405 889 828 106
405 194 405 300
405 221 106
773 773 773
405 601 494 106
300 283 560 74 173
102 2 107 454 106
405 355 254 81 405
405 519 405
173 777 173
405 10 638 300
300 434 828
173 173 115 145 828
106 400 509 81 638
405 314 300
828 896 173 259 106
300 21 405
896 638 896
102 97 300 892 891
889 375 405
892 300 489 300 638
173 892 896 300
405 133 116 405
771 145 290 531 106
300 444 300
405 282 173
892 173 173
828 896 638
638 169 340 173
638 355 249 518 771
106 748 105 771 106
892 173 896
828 233 209 42 300
828 142 828
173 325 173
106 254 106
828 892 891 892
173 777 173
405 145 405
896 300 889
896 160 4 102
828 300
771 106
106 106
828 160 355 300
405 642 932 173
173 160 303 405
102 101 300
106 80 106
106 68 106
405 758 405
405 828 233 828
300 194 300
638 81 638
300 81 518 173
106 129 142 173
106 142 828 106
173 531 106
892 300 489 300 638
106 46 405
405 78 419 642 300
106 748 16 269 300
891 405 891
405 184 107 367 405
106 87 489 106 771
300 419 106 405
896 173 107 490 106
892 891 405 796 828
638 480 638
828 300 489 405
102 300 638
892 891 405 16 106
300 268 223 155 106
405 748 13 10 638
828 356 828 892
300 81 106
405 124 892 891 892
300 892
405 44 892
106 358 106
892 891 892 892
106 641 106
773 773 405 889 405
300 371 828
106 828 300
771 16 828
106 190 189 106
300 355 405
300 81 896
173 20 253 405
771 64 828
173 892 891
106 105 612 859 173
891 405 227 226 106
828 160 355 300
405 282 173
405 371 87 828
896 300 194 300
889 300
300 828
173 531 106
828 169 300
638 12 8 12 896
828 796 828 405
106 748 300
300 142 828 46 106
106 211 518 106
173 896
405 282 405
405 106 405
828 160 355 300
106 495 300 106
891 405 16 106
892 114 896
300 10 638
638 81 638
173 121 186 531 300
889 828 896
300 10 400 327 173
896 638 896 896
405 102
896 21 885 728 173
405 115 173
106 280 543 405
300 355 896 828
773 405 889
173 300 642 106
106 46 405
300 367 254 371 828
405 124 892 891
300 118 748 106
106 107 80 106
106 190 189 106
102 743 102 102
638 329 169 638
892 173 777 173
828 46 121 300
405 896 405
173 124 405
892 828 896
106 424 280 405
828 46 21 405
828 892 891
106 726 282 124 300
106 531 173
300 662 371 405
300 81 896
173 22 173
405 16 424 518 173
300 2 300
300 81 896 300
896 28 212 210 638
300 226 300
828 145 405
638 896 892
892 891 405 796 828
405 184 582 106
173 64 771
173 535 173
405 601 494 106
773 773 773 405
405 495 106
405 896 300 475 300
638 169 106
405 489 210 405 896
106 480 106
300 739 300
173 405
405 889 405
300 889 828
405 145 771 106
405 221 405
405 126 55 638
405 282 405
638 81 638
102 100 353 828
173 549 106
773 773 405
405 227 405 892
771 518 405
300 892 405
300 638 46 638
828 405 891
896 356 106
106 187 222 106
106 462 106
405 63 896
771 518 226 300 892
828 892 892 896
173 83 106
891 892 367 16 828
892 173 892 892 828
405 184 142 493 405
102 102 300
405 4 126 300
300 226 114 300
102 102 102
173 896 638
106 537 411 102
896 142 405
896 896 828
106 885 728 327 173
405 42 221 419 405
300 495 300
102 192 102
300 10 638
405 773 773 405 106
638 638 896
405 143 419 828
173 342 173
300 642 642 300
405 290 424 124 638
405 280 296 405
106 748 300
405 495 300
300 283 560 74 173
892 891
300 405 10 638
405 187 16 489 405
300 642 249 548 106
828 353 828
300 12 249 541 405
106 117 100 124 173
405 892
300 489 405
173 950 55 638
405 143 405
892 300
173 83 233 105 106
892 891 405
106 255 405
773 773 405 106
828 896 405 108 300
405 143 62 173
638 210 926 64 405
892 491 695 405
300 892 173
106 490 405
300 314 105 173
405 16 424 518 173
300 21 173
828 892 891 892 300
106 279 82 303 300
405 892 892 828
102 100 300
638 896 173
896 404 173
102 101 300 828
300 68 473 87 106
106 548 405
106 68 106
173 20 42 300
405 424 46 405
638 480 405
405 314 300 896
405 889 405
405 892 892 828 896
173 41 86 173 892
773 405 106
300 489 300
828 107 896
300 642 106
896 173 22 173
106 771
106 155 211 462 106
405 773 773 773 773
173 129 405
106 230 5 6 102
300 21 326 326 173
106 189 87 280 106
300 662 371 405
405 128 405 124 892
828 546 255 106
889 405 896
300 444 300 62 173
300 44 129 405
173 124 300
300 107 173
405 537 259 106
173 83 233 105 106
102 411 405
889 405 434 300
300 303 405
106 748 16 269 300
892 300 226 892
773 773 405 106
828 169 828
828 16 128 892
638 158 242 5 405
405 892 896
896 169 169 169 405
896 169 263 405
102 2 896
896 405
405 128 46 106
405 129 46 45 300
892 290 301 173
106 355 16 828
892 892 891
638 896 405
106 358 106
173 892 405
300 489 300 638
405 184 107 367 405
106 363 106
891 405
405 892 891
828 896 405 108 300
106 87 64 771
173 896 405
405 495 1 106
300 107 173 892
405 519 106
892 300 489 300 638
638 639 638 300
106 355 169 300
173 462 20 173
773 773 773
300 42 300
173 300 642 106
638 210 926 64 405
106 531 106
405 537 405
405 892 300
405 187 16 489 405
892 367 16 828
892 173 173
106 405
300 255 405
405 548 405
300 489 300
173 64 102
405 601 405 892 896
773 405 106
828 356 329 106
405 89 2 102
892 124 896 638
173 416 173
106 129 365 106
896 896 828
405 362 69 81 106
173 260 10 142 173
896 28 896
892 45 892
405 290 424 124 638
638 355 405
405 433 405
896 169 263 405
300 329 106
896 28 106
300 97 300
173 260 173
405 758 405
405 114 640 638
405 356 106
300 269 300
300 892 173
405 253 405
405 489 210 405
896 28 212 210 638
896 828 896
828 160 355 300 889
173 325 400 106
892 300 489 300
405 796 405
102 516 102
106 405
300 748 300
828 356 106
173 249 405
828 405 891
896 405 355 106
405 495 106
891 892 300
892 128 106
638 896 896
106 283 726 106
300 169 338 367 300
106 21 300
300 166 429 274 405
896 828 405
106 16 211 126 638
106 480 106
300 642 300
173 282 300
896 169 263 405
889 405 2 300
300 62 173
773 405 889
891 892 367 16 828
102 517 192 832 102
405 773 773 405 106
173 535 10 405
300 531 300
173 533 44 892
892 438 405
896 368 275 226 405
106 280 1 106
102 812 285 166 405
106 690 106
828 233 209 42 300
173 405 695 405
106 279 279 106
106 885 106 405
173 173 896
173 612 828
300 892 891 405
173 535 10 405
405 405 173
102 98 102
102 101 300
173 260 10 142 173
828 356 638
300 158 405
173 546 106
300 87 405
892 891 892 124 896
405 773 773 773 405
405 889 828 405
300 434 106
106 748 16 269 300
896 356 303 405
173 96 173
405 695 106
405 221 256 405
106 190 189 106
828 46 121 300
106 932 283 303 896
405 226 300 638
405 183 300
300 748 300
300 87 405
106 86 106
638 896 896
405 329 300
173 83 233 105 106
102 300 108 405
405 896
300 638 169 638
173 233 333 405
896 405 355 106
106 87 489 106
300 303 405
106 495 300
891 892 405 300
828 87 351 155 173
173 124 638 639 638
892 290 405
106 46 932 326 173
892 128 142 405
405 480 121 41 173
300 489 300 638
892 405 106 828
828 434 550 68 106
173 173 126 173
896 160 4 102
106 163 249 106
771 64 828
106 105 612 859 173
173 513 173
300 889 405
638 355 137 155 106
405 210 405
106 282 531 300
173 340 638 638
106 355 405 106
405 256 106
300 12 896
405 329 300
300 475 300
106 690 106
300 209 300
892 173 892
106 280 1 106
638 355 137 155 106
173 896 638
896 896 892 892 300
638 480 405 773
173 538 306 173
405 161 405
106 828 405
405 256 10 300
106 828 106
173 173 306 173
300 118 117 5 106
300 405 10 638 300
828 160 355 300
405 375 368 1 106
106 377 163 142 173
896 287 106
106 28 892
405 773 773 773
892 828 896
106 295 943 295 106
173 154 419 300
892 405 106 828
889 405 255 300
106 212 589 638
896 142 254 173
173 892
106 358 106
106 303 896
896 2 102
106 21 671 106
828 892 173
300 107 106
405 356 106
106 828 300
405 83 405
405 433 70 372 106
638 638 896 173
106 589 106
300 194 300
173 723 173 340 638
828 612 832 194 300
106 223 117 106
638 44 105 16 828
896 355 62 340 405
300 124 405
405 748 13 10 638
106 117 460 607 106
828 87 187 300
892 45 210 300
300 126 638
405 892 891 405
173 896 638
106 132 106
828 356 828 892
106 21 300
106 885 887 885 106
896 896 173
173 282 300
300 314 312 300
106 614 106
892 892 896
106 546 828
300 371 828
891 892 892
106 242 105 173
106 129 142 173
405 796 405
892 828 796 828
300 896 173
106 283 106
638 81 300
300 828
173 256 405
106 230 5 6 102
896 356 896
892 896 828
300 419 106
300 2 896
405 126 55 638
405 19 183 245 405
896 828 142 828
405 489 300
891 405 796 828
828 356 828 892 891
828 615 106
300 355 932 106
405 543 222 256 106
896 405 108 300
405 355 106
892 114 173
828 87 173
300 42 300
300 160 778 160 828
405 889
106 283 758 405
828 356 828 892
300 475 300 102
106 726 106
638 46 300
173 404 99 404 173
828 892 300
173 233 333 405
405 356 81 405
173 513 173
892 896 173
106 114 278 106
106 355 169 300
828 405 106
106 355 82 489 771
173 124 638
300 371 828
106 212 518 121 405
405 495 1 106
102 102 300
828 896 638
896 638
173 173 896
405 64 243 375 889
106 279 106
300 21 405
173 462 462 106
300 896 2 102
405 498 405 102
106 129 142 173
173 300 642 106
300 226 405 102
638 480 405 773
405 124 892 891 892
106 641 541 405
828 145 142 531 300
106 132 106
405 601 405 892
638 638 896 173
405 892 892 828
638 158 242 5 405
173 114 106
106 20 173
106 642 107 467 106
405 126 405 896
405 106 298 106
106 756 74 106
300 371 155 106
173 896
106 86 106
892 892 891
300 107 106
106 280 1 106
405 433 405
896 828 889
106 489 771
300 371 329 10 638
405 411 405
896 405 405
106 86 62 546 828
106 223 117 106
173 896 300
405 81 638
405 106 828
173 340 638
300 100 124 173
405 642 300
405 255 471 607 106
300 102 102
405 896 173
896 405 108 300
300 118 748 106
173 340 638 638
638 44 405 106
896 356 896
173 105 173
773 405 889 300
102 101 300 828
106 537 411 102
896 828 896
106 255 106
405 173 896
892 892 300
896 828 405
405 456 405 282 173
405 227 537 106
638 81 300
405 489 210 405
106 114 278 106
896 28 896
173 22 173
300 169 896
405 87 173
173 223 221 226 405
102 6 102
828 142 173
173 896
896 405 773
891 405 16 106
638 210 256 255 300
891 405 16 106
106 300 300
892 891 892 124 896
102 102 102
102 97 300 892
638 55 638
106 495 300 106
106 480 20 173
405 255 405
405 355 405 356 638
300 142 828
892 405 892
892 114 896
896 828 142 828
300 748 106
300 194 300
405 537 405 892
405 132 405
300 124 638
106 242 564 638
896 300 638
102 812 285 166 405
405 227 405 892
106 129 142 173
102 98 102
892 828
173 142 300
300 269 300
106 548 405
828 892 891 892 300
828 106
405 89 2 102
405 124 173
405 601 405 892 896
889 828 300
173 533 45 892
300 531 173
102 97 353 106
300 405 10 638 300
300 300 173
173 22 173
638 638
405 4 126 300
173 83 233 105 106
828 434 173
892 300 489 300 638
405 184 298 106
405 434 300
106 107 327 173
102 97 353 106
300 142 828 46 106
828 892 896
828 356 828 892 891
106 828 896
638 638 169 340 173
896 107 828
896 892 828 796 828
300 21 173 300
300 889
892 892
828 371 828 106
106 489 771
896 404 173
106 74 311 106
892 828
173 173
405 290 424 124 638
896 638
896 124 173
106 287 184 173 892
300 64 106 300
405 83 21 173
173 896 405
300 45 405
102 300 638
173 126 405
771 106
106 210 405 892
405 280 296 405
405 543 222 256 106
405 10 638 300
405 126 405 183 300
405 133 116 405
638 355 355 638
405 16 106
891 892 891 892
405 601 494 106
405 543 405
405 362 69 81 106
638 639 638 300
300 642 106
102 517 192 832 102
896 405 355 106
173 233 173
773 773 405 106
106 356 638
889 405 255 300
638 638 638
300 187 300
106 5 102
173 20 327 173
405 161 405
173 404 99 404 173
300 889
638 46 638
405 796 405 456 405
173 233 333 405
828 106 828
173 538 306 173
106 242 564 638
891 892 891 405
891 892 124 896 638
300 12 896
300 68 106 283 106
106 129 365 106
106 255 106
173 892 896
173 105 173 892
300 642 642 300 102
638 158 405
828 121 300
300 371 828
300 892 405
892 45 892
102 97 300
638 355 303 303 300
173 400 971 10 405
106 582 582 582 106
106 44 638
173 20 81 306 173
405 10 638 300
405 194 405 300
892 828 796 828
300 255 145 106
892 891 892 173
405 184 298 106
638 495 405
106 582 62 173
300 106 223 117 106
638 126 173
300 142 828
405 132 552 126 405
300 226 300
405 365 303 106
896 896 892 892 300
106 290 64 102
106 81 106
638 638 896 173
638 46 405
405 282 173
173 400 971 10 405
300 12 249 541 405
106 311 222 748 405
405 642 106
896 287 106
828 434 106
828 892 891 892 300
173 538 173 896
896 828 142 828
773 773 405 889
892 896 638
300 314 312 300
173 462 106
405 892
102 101 300 828
405 758 405
405 495 106
828 160 892
173 155 17 106
828 356 329 106
102 405
300 108 290 405
896 896 173
300 21 519 405
405 489 210 405
828 106
173 233 333 405
405 433 70 372 106
300 268 223 155 106
405 227 537 106 300
173 20 74 106
300 173 896
405 519 106
405 896 173
300 108 290 405
896 116 121 405
405 226 405
106 519 259 106
771 489 249 173
405 108 300
896 173 259 106
891 892 891
892 438 892
405 227 405
300 828 405 173
300 355 896 828
638 639 638
300 638
638 300 173
106 748 16 269 300
896 405 773
300 12 896
828 16 128 892
300 124 125 99 173
173 340 450 329 405
300 21 326 326 173
405 106 298 106
106 355 82 489 771
106 188 311 184 173
300 218 219 74 106
889 375 756 614 106
300 638 329 169 638
106 495 300 106
106 86 62 546 828
405 543 405
173 533 45 892
300 102 300
638 495 106
300 405 10 638
106 363 106
300 434 106
173 83 106
828 892
828 371 46 300
173 142 253 106
405 889 405
106 113 971 114 892
173 950 173
106 17 153 333 173
405 107 356 828
405 489 210 405
173 518 173
405 161 405
106 187 405
405 892 891 405
828 892 45 210 300
638 44 405 106
173 20 327 173
106 80 106
102 323 101 102
405 498 405
896 169 896
896 142 254 173
405 892 891
300 173 896
405 796 405
771 145 106 828 896
106 518 366 173
889 405 896 405
828 169 828
405 892 891
300 434 106
892 828 106
896 638 356 106
102 6 305 2 102
300 638 638 896 173
828 145 404 420 106
173 20 409 184 106
102 323 101 102
892 226 106
173 160 303 405
638 124 173
300 329 106
300 314 892
896 28 896
173 124 405
173 260 173
173 892 892 892
405 132 405
300 158 405
300 892 892
638 169 340 173
300 173 896
896 405 173
106 5 106
106 86 106
892 45 892 300
828 615 828
896 896 124 405
106 80 106
405 194 803 4 102
106 142 187 80 106
106 351 106
405 773
106 290 16 174 405
405 253 405
106 756 74 106
106 671 189 106
773 405
405 519 405
405 263 405
896 300 194 300
106 46 300
300 114 564 263 300
892 290 405
638 896 892
405 456 405 282 173
892 226 300
300 108 290 405
405 106 298 106
896 2 102
892 892 300
896 404 173
106 21 173 300
892 891 892
106 424 641 106
405 405 173
405 773 773 773 405
102 411 102
300 828 889
106 145 290 106
173 105 269 5 828
173 17 255 405
173 400 971 10 405
828 300 2 896
106 748 173
300 226 405 102
896 124 638
300 45 405
300 106 223 117 106
405 495 1 106
828 46 46 405
106 187 166 480 638
405 187 405
405 519 106
300 638 169 638
405 748 495 300
405 537 405
300 355 282 589 638
300 638 340 892
896 28 896
173 17 255 405
173 892 896
173 20 253 405
405 133 183 460 300
173 20 409 184 106
405 531 106
106 405 133 28 892
405 107 356 828
405 132 405
896 124 173
405 896 405
106 279 82 303 300
300 892 891 892
892 300 226 892
405 367 169 300 102
892 114 896
889 828 405
300 531 405
638 640 64 102
896 638 896
889 405 2 300
828 896 896
896 300 194 300
891 405 16 106
173 546 106
773 773 773
173 892 891 892 173
300 748 300
896 404 173
638 329 169 638
405 81 638
300 142 828
405 126 300 81 106
896 405 773
638 355 249 518 771
896 828 889
173 114 338 638
892 892 828
300 405
106 355 405 106
405 773 773
106 717 106
106 690 106
106 81 460 518 405
300 268 405
405 280 296 405
300 255 82 340 173
892 300
106 268 0 283 106
892 124 896 638
102 743 102
892 45 892 300
300 87 405
638 589 106
106 81 460 518 405
405 773
405 106 298 106
173 107 490 106
106 74 311 106
173 325 173
638 896 405
173 549 460 300
106 283 726 106
892 491 695 405
300 314 892
300 300 102
106 372 404 518 106
173 105 173 892
106 242 564 638
102 516 516 102
405 892 828
300 145 300 102
828 892 300 638
773 773 405 889 405
106 187 283 405
300 107 173 892
300 495 405
405 419 828
638 126 173 173
300 45 405
405 187 16 489 405
405 375 896
106 187 222 106
773 405 828
405 495 1 106
896 896 828
173 549 106
405 124 173
102 832 194 405
106 756 42 106
173 64 771 145 300
300 283 405 303 300
106 489 106
405 498 405 102
300 81 106
773 773 773 773 405
892 405 106 828
405 3 210 300
405 355 405
173 10 405
828 233 234 828
828 300 405
638 495 106
173 124 300
773 405 889
405 490 106
405 419 133 142 405
892 828
106 885 887 885 106
300 495 300
896 169 169 169 405
106 42 642 300
173 538 173
405 126 405 183 300
106 279 62 255 405
405 126 405
828 892 173
405 892 300
300 226 892
828 405 106
896 107 828
300 896 2 102
771 489 300
896 169 263 405 889
405 184 582 106
106 495 300
106 405 133 28 892
300 102
891 892 173
828 16 783 142 405
106 169 367 892
173 41 86 173
300 638 329 169 638
892 340 932 44 405
300 475 300 102
300 638 169 638
300 889 405
896 892 405
173 115 145 828
106 295 943 295 106
173 892 896 300
405 143 62 173
106 189 87 280 106
106 828 87 187 300
892 896 828
405 419 828 896
896 173 107 490 106
405 642 212 434 173
405 145 771
106 68 173
173 531 106
896 173 22 173
106 283 106
173 777 259 74 173
106 80 106
106 21 173 300
771 16 828 106
106 210 405
828 142 173
173 223 106
300 892 173
405 133 28 892 828
405 28 419 106
892 828 796 828 405
638 81 306 173
405 601 405 892
106 480 20 173
828 356 828
102 98 102
173 777 173
102 101 300
771 106
638 638 169 340 173
896 828 405
828 889 300
405 143 405
106 454 106
405 889 828
828 546 255 106
773 773 405 106
106 531 173
828 889 300 896
173 533 44 892
106 490 405
405 106 405
638 81 300
405 695 405
300 300
828 892 892 896
102 300 46 300
173 20 42 300
896 21 173
773 405 531 106
405 548 405
405 253 405
106 106
405 340 892
896 300
638 46 106
300 21 173
300 161 363 188 106
892 300 405
102 300 638
405 44 892 405
300 218 219 74 106
638 495 405
405 489 132 106
300 638 639 638 300
106 133 531 173
892 892 896
828 796 828 405
405 166 173
300 114 564 263 300
405 405 288 405
405 145 771 106
300 419 106
102 743 102
106 20 173
896 124 405
892 892 891 405
405 283 300
106 748 105 771
300 355 638
896 124 173
892 128 106
300 268 300 889
102 101 300 828
102 97 102
405 158 105 106
300 405
173 300 642 106
889 405 896 405
405 489 210 405 896
773 405 102
891 892 891 892
300 263 405
173 233 333 405
173 892 896 300
300 889 828
173 134 535 173
405 133 116 405
300 106 106
173 107 490 106
173 306 173
106 188 311 184 173
300 300 102
173 114 106
405 498 405
300 434 106
405 891 892 405
106 80 106
828 169 300
173 121 186 531 300
106 279 106
896 329 405
405 255 471 607 106
106 614 614 106
892 300
106 454 106
828 405 405
106 372 404 518 106
173 114 106
896 405 456 405
102 300 46 300
300 892 828
173 10 340 106
106 20 173
173 115 145 828
300 489 405
892 300 405
106 298 106
638 124 300
405 543 405
173 10 535 173
828 46 638
896 21 885 728 173
300 173
173 134 777 173
173 932 210 638
300 642 249 548 106
892 124 838 45 828
638 12 8 12 896
405 896 300 475 300
106 188 311 184 173
106 550 106
828 46 21 405
300 283 405 303 300
405 166 173
300 124 405
106 533 188 106
106 17 153 333 173
896 300 475 300
106 160 105 106
300 102 102
300 642 212 303 106
889 405 2 300
771 145 828 300
896 300 638
896 828
405 519 106
405 184 405
405 132 405
300 489 405
102 517 102
896 356 828
106 259 96 173
892 405 158 105 106
173 41 86 173 892
773 405 889 300
773 773 773 773
828 405 107 828
405 128 405
892 45 892
106 280 543 405 892
773 405 456 405
771 518 226 300 892
405 495 106
106 287 184 173
300 268 300 475 300
892 891 892 896
300 531 173
102 300 314 105 173
173 173
638 639 638
405 695 106
300 314 82 161 300
896 303 533 546 106
405 143 405
828 45 274 405
405 892 892
773 773 773 773 773
828 796 405
106 695 695 405
892 45 892 300
300 142 300
300 107 173 892
828 160 892 300
405 367 405
405 106 298 106
828 106 828
638 10 638
896 405
896 355 896
300 371 329 10 638
405 548 106
892 114 896
405 537 259 106
106 550 106 106
106 212 518 121 405
405 194 300
896 828 896
405 300
106 748 16 269 300
106 979 106
405 133 183 460 300
300 158 405
300 126 638
828 87 351 155 173
405 543 405
300 269 300
106 748 173
106 117 460 607 106
828 896 173
106 828 46 638
638 638 300
828 892 173
892 300 489 300 638
106 268 405 541 405
828 46 21 405
300 828 16 748 173
638 638
892 891 892 892
889 405 102
300 314 312 300
300 118 748 106
300 142 300
405 278 160 828
300 218 340 892
106 828 46 638
405 143 548 405
405 194 405
638 896 405 405
300 892 891 405
102 405
173 82 333 173
405 419 133 142 405
106 462 106
106 279 62 255 405
300 828 405
638 495 739 300
106 117 460 607 106
896 124 173
405 221 106
638 44 300
405 283 300
300 268 405
300 226 114 300
300 68 473 87 106
892 891 892 892
405 537 405 892 892
300 475 300 102
405 78 419 642 300
405 145 771 106
106 21 173 300
405 89 2 102
771 16 828 106
405 828
828 169 300
173 306 173
300 226 892
405 143 548 405
892 892 892
896 896 892
300 828 405 173
102 102 743 743 102
102 516 102
106 489 300
106 230 5 6 102
889 828 796 828
173 41 86 173
300 124 107 896
896 124 638
300 102 300
102 97 300 892 891
300 209 283 28 106
106 726 282 124 300
300 102 300
892 828 796 828 405
300 118 117 5 106
773 405 531 106
300 169 338 367 300
106 283 758 405
896 892 891
405 889 828
173 20 81 306 173
889 300 283 405
405 145 405
405 773 773
773 405
173 513 173
896 124 97 300
300 21 173 300
106 74 311 106
173 896 405
892 290 405 173
102 300 46 300
173 20 409 184 106
405 889 300
173 282 300
828 160 355 300
300 889
892 173 892 892 828
405 773 405
300 642 642 300
828 16 783 142 405
173 83 233 105 106
889 375 405 495 300
771 145 106
828 160 355 300 889
