268 215 268
756 597 756
331 459 331
268 227 268
756 756 756
268 222 331
756 225 756 756
756 268
756 756 756
756 225 756 756
756 73 756
268 223 316 459 268
268 73 268
268 934 340 268
756 166 73 756 268
331 73 215 331
331 225 331
268 227 74 756
331 328 331
268 227 756
756 225 331
331 74 331
268 309 73 74 268
756 756
756 223 73 331
756 225 756
331 764 331
331 215 268 756
268 74 268
268 223 316 459 268
268 222 331
268 756 614 756
268 74 268
756 183 405 227 268
268 222 331
756 225 331
331 215 268
268 160 268
331 856 331
268 74 268
268 106 419 405 268
268 215 756
331 225 309 225 756
331 615 331
756 756 223 73 331
756 225 756
756 74 331
268 459 268
331 707 73 73 331
268 756 756
756 74 268
756 431 756
268 160 268
268 248 282 268
756 183 405 227 268
331 19 331
331 459 331
756 614 756 756
268 215 756
268 106 756
268 215 756
331 225 309 225 756
268 934 268
331 222 331
756 614 614 756
268 756 614 756
268 459 268
268 934 340 268
756 614 756
331 464 331
756 614 756 756
268 227 268
756 225 756
331 260 331 74 268
331 29 331
756 215 331
331 362 331
268 756
756 756 223 73 331
756 223 73 331
268 74 268
331 215 268
268 248 282 268
756 756
331 260 331
268 934 268
331 29 331
268 459 218 268
268 756 756
331 615 331
268 106 419 405 268
331 29 331
331 73 268
331 464 331
331 362 331
756 225 756
756 73 331
331 166 42 756
331 225 309 225 756
756 223 73 331
268 227 268
331 19 331
268 222 331
268 215 268 756
756 613 537 268
331 166 42 756
756 73 268
756 215 331
268 223 316 459 268
331 19 331
268 311 268
756 756
331 764 331
268 313 268
756 215 331
331 707 73 73 331
756 268
268 222 311 756
756 756 223 73 331
268 756 614 756
756 613 537 268
268 248 282 268
268 227 268
331 615 331
331 74 331
268 222 331
268 934 268
756 215 331
268 223 316 459 268
756 225 756 756
268 419 268
268 459 218 268
331 464 331
756 756 756
331 29 331
268 311 268
268 106 419 405 268
756 223 73 331
331 260 331
331 225 756
756 756 223 73 331
268 215 756
756 614 756 756
331 362 331
331 764 331
756 73 331
756 756 756
756 225 756 756
331 223 331
268 160 268
268 106 756
268 73 268
331 764 331 764 331
331 764 331
268 311 268 215 268
756 74 331
268 496 268
331 215 268 756
268 756
756 613 537 268
268 227 756
268 756 614 756
268 222 331
268 313 268
268 222 311 756
268 223 0 268
268 459 218 268
268 74 268
268 248 282 268
756 756
331 223 331
756 166 73 756 268
268 227 268
331 74 268
331 73 215 331
756 459 331
756 166 73 756 268
268 934 268
756 613 537 268
268 215 268 756
331 615 331
268 756 614 756
756 268
331 74 268
331 74 268
268 106 756
331 225 756
331 74 268
268 215 756
268 459 268
331 225 331
756 215 331
268 215 268
756 73 331
268 421 268
331 222 331
756 225 756 756
756 74 268
756 223 756
331 764 331
268 215 268
331 225 309 225 756
756 166 331
756 597 756
331 225 309 225 756
756 73 268
756 756 756
331 29 331
756 756 223 73 331
756 613 537 268
268 74 268
756 73 248 268
268 73 268
756 268
756 223 73 331
331 19 331
331 615 331
756 756 756
756 74 268
268 311 268 215 268
756 756
331 73 215 331
756 614 756 756
756 614 756 756
331 459 331
756 223 73 331
268 215 268
268 248 282 268
331 260 331
756 756 223 73 331
756 74 268
331 362 331
756 74 331
331 328 331
268 311 756
268 934 268
756 166 331
268 496 268
268 309 73 74 268
268 459 225 331
756 73 331
756 225 331
756 166 331
331 74 331
756 613 614 756
756 215 331
268 215 268
268 215 268 756
756 268
756 613 756
331 225 331
331 764 331 764 331
331 222 331
331 707 73 73 331
756 74 696 222 268
268 227 268
756 613 614 756 756
331 707 73 73 331
268 227 74 756
331 225 309 225 756
331 215 268 756
331 225 309 225 756
756 74 696 222 268
331 464 331
331 707 73 73 331
756 756 459 358 331
331 74 268
268 459 225 331
756 225 331
331 166 42 756
268 419 268
268 215 268
756 166 73 756 268
268 160 268
268 74 268
756 614 614 756
756 215 331
331 764 331 764 331
268 215 756
268 215 268 756
756 613 614 756
331 225 309 225 756
756 42 756
331 215 268 756
756 73 268
756 74 696 222 268
331 764 331 764 331
756 613 537 268
268 496 268
331 19 331
268 313 268
756 225 756 756
756 459 358 331
756 756 756
756 42 756
756 73 268
331 225 309 225 756
268 459 225 331
268 459 218 268
331 19 268
756 613 614 756
268 459 225 331
268 215 756
331 225 309 225 756
268 934 340 268
756 166 73 756
756 614 614 756
756 756 223 73 331
268 419 268
268 496 268
331 464 727 464 331
756 183 405 227 268
331 764 331
331 707 73 73 331
331 260 331 74 268
331 260 331
756 166 331
756 74 696 222 268
756 166 331
756 614 756
756 613 614 756 756
268 215 756
756 223 756
331 74 268
268 313 268
268 73 268
331 764 331 764 331
756 223 73 331
756 756 223 73 331
331 459 331
331 73 215 331
756 225 756
331 74 268
268 311 268
331 328 328 331
756 73 756
331 764 331
331 19 268
268 106 419 405 268
331 225 756
268 311 268
756 74 696 222 268
331 73 268
756 225 331
331 73 268
756 613 756
331 222 331
756 268
268 73 268
268 311 268 215 268
756 225 756
331 856 331
756 73 248 268
268 756
756 613 756
331 328 328 331
268 311 756
268 74 268
331 707 73 73 331
268 311 268
331 225 331
331 74 268
268 311 268
331 215 268
331 615 331
756 459 358 331
268 419 268
268 934 268
756 74 268
331 260 331 74 268
268 215 756
268 496 268
268 106 419 405 268
756 73 248 268
331 225 331
756 223 756
268 248 282 268
331 215 268
756 614 614 756
756 166 73 756 268
268 311 756
268 248 282 268
331 856 331
756 613 537 268
756 614 614 756
331 73 268
331 215 268
331 764 331 764 331
756 459 358 331
331 464 331
268 756
268 459 268
331 223 331
756 74 268
756 73 756
268 223 316 459 268
268 313 268
268 215 756
756 166 331
756 223 73 331
756 73 248 268
331 223 331
268 421 268
268 106 756
268 215 268
331 362 331
268 421 268
268 160 268
331 166 42 756
268 215 756
756 215 331
331 615 331
331 856 331
756 74 331
331 19 331
268 227 268
756 613 537 268
268 756
331 328 331
331 328 328 331
331 464 331
331 615 331
268 756 756
331 225 309 225 756
268 311 268
331 225 756
756 614 756
756 756 223 73 331
268 222 331
756 613 614 756 756
756 459 358 331
331 459 331
331 29 331
756 613 614 756 756
268 313 268
268 227 756
756 613 614 756
268 311 268
268 215 268 756
268 459 225 331
756 431 756
268 248 282 268
756 183 405 227 268
756 459 331
268 248 282 268
268 222 331
331 328 331
756 756 459 358 331
331 19 331
756 613 614 756
268 309 73 74 268
756 223 756
268 106 756
268 756
331 73 268
756 614 756
756 597 756
756 597 756
268 227 268
268 160 268
268 756 756
756 73 268
268 496 268
756 225 331
331 260 331 74 268
756 225 331
268 311 756
268 311 268
268 756
756 166 73 756 268
331 459 331
756 225 756
268 934 268
756 756
756 756
331 856 331
756 597 756
268 390 268
268 222 311 756
331 223 331
756 73 248 268
756 223 73 331
331 74 268
268 215 756
268 106 756
268 756 614 756
331 464 331
268 311 756
331 856 331
268 390 268
268 311 268
268 390 268
331 166 42 756
756 223 756
331 215 268
331 74 331
268 215 268
756 74 331
756 613 756
268 934 268
331 225 756
756 613 614 756 756
268 756 614 756
268 496 268
756 73 331
756 74 268
756 223 756
268 421 268
331 73 268
331 464 331
756 431 756
756 613 537 268
268 390 268
268 222 311 756
268 934 268
331 19 331
331 764 331 764 331
331 260 331
756 268
268 227 74 756
756 756 223 73 331
331 615 331
756 42 756
268 934 268
756 613 756
331 225 309 225 756
756 614 614 756
268 311 268
268 248 282 268
756 614 756
331 19 268
268 215 268 756
268 222 331
756 73 268
331 215 268 756
331 19 331
331 223 331
268 459 218 268
268 934 340 268
756 459 331
268 309 73 74 268
331 19 331
756 225 756 756
331 73 268
756 459 331
756 268
268 74 268
268 223 0 268
268 223 0 268
756 74 331
331 764 331 764 331
756 225 756 756
268 311 756
331 707 73 73 331
268 73 268
756 74 331
268 390 268
331 362 331
756 73 268
331 225 331
268 313 268
756 223 73 331
268 459 225 331
331 215 268 756
756 613 756
331 260 331
268 421 268
756 614 756
756 613 756
756 73 331
756 431 756
268 215 756
331 225 331
268 215 268 756
268 73 268
756 225 756 756
268 459 225 331
756 614 614 756
756 225 756 756
268 248 282 268
268 222 331
331 225 756
268 934 340 268
268 419 268
268 311 268 215 268
331 29 331
268 311 268
756 756
331 225 309 225 756
268 106 419 405 268
756 225 756 756
268 223 0 268
756 166 73 756 268
756 223 756
268 106 756
268 106 419 405 268
756 166 73 756 268
268 223 0 268
331 764 331
268 934 268
756 225 756
756 597 756
331 328 331
331 464 331
268 227 756
756 756 459 358 331
331 615 331
268 160 268
268 311 756
756 614 756
756 225 331
331 225 331
331 764 331
331 223 331
331 223 331
268 421 268
268 222 331
268 756
268 311 756
756 42 756
268 496 268
268 496 268
331 464 727 464 331
756 459 331
268 390 268
331 19 331
756 613 614 756
331 166 42 756
756 614 756
268 311 268 215 268
756 166 331
268 756
331 328 331
756 614 614 756
331 74 331
268 459 225 331
331 166 42 756
268 756 756
268 459 268
268 215 268
756 613 614 756 756
756 223 756
331 225 331
268 215 756
756 223 73 331
331 73 268
331 328 331
268 248 282 268
331 260 331 74 268
268 215 268
756 756 459 358 331
756 223 73 331
268 248 282 268
331 260 331
331 19 331
331 222 331
756 614 614 756
331 328 331
756 614 756
331 225 309 225 756
268 222 311 756
331 764 331
268 459 225 331
331 215 268
331 707 73 73 331
756 73 756
756 613 614 756
331 74 268
331 615 331
756 225 756
331 74 268
268 215 756
756 74 268
268 223 316 459 268
331 328 331
331 328 328 331
331 328 331
756 166 73 756 268
756 613 756
331 362 331
756 73 331
331 19 331
268 313 268
756 73 248 268
268 459 218 268
756 756 223 73 331
331 260 331 74 268
268 248 282 268
331 73 215 331
331 856 331
756 756 756
331 19 268
268 311 756
756 613 756
756 613 537 268
268 313 268
331 19 331
268 215 756
331 464 331
268 419 268
268 222 331
756 459 331
268 73 268
268 215 756
756 459 331
331 74 268
331 225 756
756 215 331
268 160 268
331 74 331
331 615 331
331 328 331
756 756
756 756 223 73 331
268 223 0 268
331 764 331
756 73 331
331 73 215 331
268 459 218 268
756 614 756 756
756 183 405 227 268
331 464 331
756 459 331
331 215 268 756
756 73 268
268 73 268
331 73 268
331 328 331
268 756 756
268 459 218 268
268 313 268
331 225 756
756 73 331
268 756 756
268 459 268
268 756 614 756
268 421 268
268 309 73 74 268
756 225 331
331 225 756
756 73 331
331 260 331
331 29 331
268 311 268 215 268
268 215 268
268 227 74 756
268 934 268
756 166 73 756
756 225 756
756 223 756
331 29 331
268 311 268 215 268
268 459 268
756 756 756
331 19 268
268 227 268
756 166 73 756 268
756 73 331
268 215 268 756
756 614 614 756
268 459 268
268 934 268
756 223 756
331 225 309 225 756
331 74 268
331 29 331
331 215 268 756
268 227 74 756
331 74 268
268 248 282 268
268 419 268
268 74 268
331 73 215 331
331 73 268
268 459 268
331 328 331
268 390 268
331 166 42 756
331 225 756
268 222 331
268 227 268
756 614 756 756
331 74 331
268 934 268
756 459 331
756 756
331 225 309 225 756
268 227 74 756
331 19 331
756 73 248 268
331 74 331
331 225 756
268 227 756
268 311 756
268 309 73 74 268
268 313 268
331 260 331 74 268
756 431 756
756 614 756 756
268 756 614 756
268 222 311 756
268 311 756
756 74 331
756 614 614 756
756 225 756
268 227 268
268 227 756
268 227 268
331 764 331
268 73 268
756 756 459 358 331
756 74 331
268 227 268
331 707 73 73 331
268 459 225 331
331 856 331
268 223 0 268
268 311 268
268 311 268 215 268
268 73 268
756 42 756
331 707 73 73 331
756 459 358 331
756 268
756 459 358 331
331 223 331
756 166 73 756 268
268 390 268
756 459 331
331 74 268
756 74 268
331 328 331
331 225 756
268 106 419 405 268
756 225 756
268 419 268
756 74 331
756 42 756
268 106 756
331 74 268
331 166 42 756
268 222 311 756
268 309 73 74 268
268 223 0 268
268 223 0 268
331 615 331
331 328 328 331
268 160 268
268 459 218 268
331 764 331
331 362 331
756 73 248 268
331 856 331
331 328 328 331
268 390 268
268 459 218 268
756 42 756
756 73 331
756 223 756
756 74 268
268 223 316 459 268
331 222 331
331 764 331
756 42 756
268 227 74 756
331 223 331
268 934 340 268
268 421 268
268 222 331
756 74 696 222 268
331 215 268 756
268 419 268
756 223 756
331 260 331
756 459 358 331
756 73 756
756 225 756
756 614 614 756
331 222 331
268 73 268
268 309 73 74 268
268 459 225 331
756 613 756
268 223 316 459 268
756 225 756 756
756 166 73 756 268
331 615 331
268 496 268
756 614 756 756
756 756 223 73 331
331 464 727 464 331
268 419 268
268 311 268 215 268
756 42 756
268 73 268
268 419 268
756 756 459 358 331
268 215 268 756
331 459 331
268 309 73 74 268
331 225 756
268 227 756
268 421 268
756 74 696 222 268
268 222 311 756
331 225 331
331 328 328 331
756 756 756
756 42 756
756 459 331
756 268
268 934 268
756 225 331
756 431 756
331 19 331
331 764 331
331 260 331 74 268
268 756 756
756 73 248 268
756 613 614 756
268 311 756
331 459 331
756 613 614 756
268 73 268
756 74 331
268 222 311 756
331 260 331 74 268
268 309 73 74 268
268 227 756
268 222 331
268 73 268
268 222 331
268 106 756
331 215 268
331 222 331
331 73 215 331
268 311 268 215 268
756 74 331
756 73 268
331 73 268
268 459 218 268
268 227 756
331 74 331
756 268
268 223 0 268
756 73 248 268
331 260 331
756 614 756 756
268 459 225 331
756 42 756
756 166 73 756 268
268 223 316 459 268
268 459 225 331
756 431 756
268 227 756
268 459 225 331
331 615 331
756 74 696 222 268
331 29 331
756 225 756
331 260 331
756 223 73 331
756 73 756
756 431 756
756 73 248 268
756 183 405 227 268
331 215 268 756
268 106 419 405 268
756 756 459 358 331
756 756
268 106 756
756 597 756
756 613 614 756 756
756 225 756
268 313 268
331 328 328 331
268 73 268
756 756 459 358 331
756 225 756
331 223 331
331 328 328 331
756 268
268 215 268 756
268 313 268
756 431 756
331 464 727 464 331
756 225 756 756
331 856 331
756 74 268
331 260 331
756 166 73 756
756 73 331
331 222 331
756 268
756 756 459 358 331
331 29 331
756 73 756
331 222 331
331 19 331
268 215 268
268 756
268 390 268
756 225 756
331 215 268 756
331 260 331
268 311 268
756 74 331
331 222 331
756 225 756
331 328 331
331 74 268
268 223 316 459 268
268 248 282 268
756 459 358 331
268 248 282 268
756 223 73 331
331 19 268
268 311 268 215 268
268 222 311 756
331 615 331
756 73 331
756 166 331
331 464 727 464 331
756 73 756
268 222 331
756 73 248 268
331 260 331
268 309 73 74 268
331 328 331
268 756
331 215 268 756
331 74 331
331 464 331
756 614 614 756
268 311 268
268 227 268
331 225 309 225 756
331 74 331
756 614 756
331 615 331
756 613 537 268
331 764 331 764 331
268 421 268
331 19 331
756 42 756
756 756 459 358 331
268 311 756
756 166 331
756 183 405 227 268
756 73 331
268 496 268
268 419 268
268 227 74 756
756 614 756 756
756 597 756
756 183 405 227 268
331 19 268
756 223 756
756 613 537 268
331 19 331
268 160 268
331 459 331
268 73 268
756 215 331
756 431 756
268 74 268
331 328 328 331
331 225 309 225 756
268 215 268
331 225 756
756 166 331
268 74 268
268 248 282 268
331 74 268
268 459 225 331
331 328 331
331 328 328 331
756 223 73 331
331 222 331
331 707 73 73 331
268 73 268
756 597 756
756 756 223 73 331
268 419 268
331 328 328 331
331 856 331
756 166 73 756
756 614 756
756 42 756
756 73 248 268
331 464 331
756 613 614 756 756
331 615 331
756 166 331
331 328 331
331 29 331
268 106 756
331 260 331 74 268
756 166 331
756 614 756
756 225 756
331 225 756
756 166 73 756
268 390 268
268 459 218 268
268 459 268
756 431 756
756 756
268 222 331
268 496 268
268 74 268
756 215 331
268 496 268
756 183 405 227 268
756 74 696 222 268
756 166 73 756 268
756 459 358 331
268 459 268
268 227 74 756
331 222 331
756 74 696 222 268
331 464 727 464 331
268 73 268
331 328 331
756 223 756
268 756
331 19 331
268 248 282 268
331 29 331
268 421 268
268 419 268
331 73 268
268 311 756
756 74 268
756 614 756
331 464 331
756 223 756
331 73 268
268 227 268
268 227 74 756
268 459 225 331
331 215 268
756 459 331
268 73 268
331 74 331
331 166 42 756
756 166 73 756 268
268 309 73 74 268
331 222 331
268 74 268
756 166 73 756 268
268 419 268
268 311 756
268 313 268
331 73 215 331
331 225 309 225 756
268 756
756 166 331
331 225 331
268 106 419 405 268
756 225 756
756 42 756
331 707 73 73 331
756 223 73 331
268 421 268
268 390 268
756 459 358 331
268 215 756
331 225 309 225 756
756 166 73 756 268
756 166 73 756 268
331 215 268
756 223 73 331
331 29 331
756 225 331
756 613 614 756
756 614 756
268 227 74 756
268 934 340 268
756 73 248 268
331 166 42 756
331 215 268
331 615 331
331 856 331
268 459 218 268
756 42 756
331 328 331
268 227 74 756
331 464 727 464 331
268 106 756
756 74 331
331 225 331
331 764 331
268 311 756
756 756 223 73 331
331 73 268
268 222 331
756 614 756 756
756 431 756
268 227 74 756
756 613 614 756 756
756 614 614 756
268 313 268
756 166 331
268 309 73 74 268
756 613 614 756 756
268 419 268
756 597 756
331 764 331
331 74 268
331 215 268 756
268 496 268
268 421 268
268 106 756
268 309 73 74 268
331 225 309 225 756
331 73 268
268 311 756
331 74 331
756 597 756
756 459 358 331
268 227 74 756
268 223 316 459 268
268 390 268
268 934 268
268 311 756
331 328 331
756 166 331
756 459 358 331
268 459 225 331
331 73 268
268 934 268
756 431 756
756 613 537 268
331 615 331
268 934 340 268
268 248 282 268
756 225 756
268 74 268
331 73 215 331
268 227 74 756
268 459 225 331
268 311 756
756 215 331
331 260 331 74 268
756 73 756
331 707 73 73 331
756 756
756 73 268
756 166 331
756 74 696 222 268
268 311 268
268 227 268
331 225 309 225 756
331 328 331
331 764 331 764 331
331 215 268 756
756 74 268
756 756 223 73 331
756 73 331
268 311 756
756 73 331
756 597 756
268 222 311 756
268 459 225 331
331 856 331
756 614 756
756 268
268 311 756
756 73 248 268
331 215 268 756
756 74 268
756 73 331
756 613 614 756 756
331 225 331
756 183 405 227 268
331 459 331
268 74 268
756 613 614 756 756
268 106 419 405 268
331 362 331
268 311 268 215 268
331 225 331
756 613 537 268
331 362 331
268 215 268 756
331 362 331
268 311 268 215 268
331 459 331
756 614 756 756
331 225 309 225 756
268 215 268
331 73 215 331
756 73 756
756 166 73 756 268
756 223 756
268 756 756
756 166 331
756 756 756
756 166 73 756
756 597 756
756 225 756 756
268 311 756
756 756 223 73 331
756 73 756
268 227 268
331 19 331
756 166 331
331 260 331
331 222 331
756 597 756
756 74 268
756 597 756
756 268
756 614 614 756
756 614 756
756 73 268
756 73 756
756 215 331
756 73 331
331 73 215 331
331 215 268
756 223 756
331 225 756
268 311 268
756 756
268 311 756
756 73 756
268 421 268
756 42 756
756 613 537 268
268 160 268
756 74 268
268 215 756
331 222 331
756 42 756
268 248 282 268
268 222 331
268 496 268
756 613 614 756
756 73 268
331 328 328 331
331 707 73 73 331
331 74 268
268 309 73 74 268
331 328 331
331 29 331
756 183 405 227 268
331 223 331
331 328 331
756 756 756
756 459 331
268 756 614 756
331 459 331
756 597 756
331 362 331
268 459 218 268
331 74 268
268 106 419 405 268
331 225 756
268 421 268
331 225 756
331 362 331
268 74 268
331 215 268
756 223 73 331
268 215 268
331 362 331
331 260 331 74 268
331 73 215 331
756 225 331
331 73 215 331
268 223 316 459 268
268 309 73 74 268
756 166 73 756 268
268 756 614 756
331 19 331
756 73 248 268
331 328 331
331 225 756
268 934 268
331 225 756
268 313 268
268 313 268
756 613 756
268 309 73 74 268
756 166 73 756 268
331 615 331
756 166 73 756
268 215 756
268 756 614 756
756 756 459 358 331
268 459 225 331
268 227 74 756
756 614 756
756 614 756
756 73 756
268 934 268
331 215 268
331 464 331
756 74 331
268 215 268 756
268 934 340 268
268 106 419 405 268
268 934 268
268 419 268
756 223 756
756 614 756 756
756 225 331
756 223 73 331
756 74 696 222 268
756 756 756
268 934 268
268 459 218 268
268 223 316 459 268
331 223 331
756 74 696 222 268
756 166 73 756
756 756 223 73 331
268 106 756
268 390 268
756 42 756
268 459 268
756 459 331
331 459 331
756 431 756
331 225 331
268 106 756
331 764 331 764 331
331 222 331
756 597 756
756 166 331
268 227 74 756
756 613 614 756 756
268 311 268 215 268
268 756 614 756
756 756
756 756 223 73 331
331 29 331
268 459 218 268
268 756 756
268 106 419 405 268
268 313 268
331 856 331
756 756 223 73 331
331 222 331
331 215 268 756
268 227 74 756
268 756 614 756
331 328 328 331
268 756 614 756
756 215 331
331 29 331
756 215 331
331 459 331
268 313 268
268 459 218 268
756 613 537 268
268 311 268 215 268
756 268
268 73 268
331 215 268 756
331 459 331
331 166 42 756
268 106 419 405 268
268 421 268
268 419 268
268 74 268
756 223 73 331
756 42 756
756 756 459 358 331
268 419 268
331 225 756
331 74 268
268 419 268
331 19 331
331 215 268 756
331 19 331
756 74 696 222 268
331 73 268
756 74 268
268 756 756
268 223 316 459 268
268 756
331 615 331
331 74 331
756 223 73 331
268 309 73 74 268
268 223 316 459 268
756 614 614 756
331 260 331
756 73 331
331 73 215 331
331 73 215 331
331 328 328 331
756 613 756
268 421 268
756 225 756
268 934 268
756 73 331
756 613 614 756 756
756 225 756
331 764 331 764 331
268 934 268
331 362 331
331 74 268
331 222 331
268 311 756
268 73 268
756 614 756 756
268 390 268
331 215 268
756 166 73 756
756 73 268
756 73 756
268 390 268
268 313 268
756 756 223 73 331
331 856 331
331 73 268
268 215 268
756 225 756 756
331 856 331
268 227 268
756 756 459 358 331
268 106 756
756 268
756 73 248 268
268 756
756 73 756
756 215 331
268 390 268
756 613 537 268
331 464 331
268 215 268 756
331 362 331
756 183 405 227 268
268 311 268 215 268
268 223 0 268
756 268
268 222 331
756 73 268
268 222 331
756 614 756
268 390 268
756 223 73 331
756 183 405 227 268
756 614 756 756
331 74 268
756 74 268
756 756 756
331 166 42 756
756 183 405 227 268
268 248 282 268
756 225 331
331 225 756
331 362 331
756 613 614 756
331 225 756
268 227 74 756
756 42 756
268 311 268
268 311 268
331 764 331 764 331
756 74 696 222 268
756 614 614 756
756 166 73 756
331 19 268
331 615 331
331 459 331
756 613 614 756 756
268 215 268
331 362 331
756 42 756
756 73 756
331 222 331
756 459 331
756 223 756
268 756 756
756 215 331
756 614 614 756
268 419 268
756 215 331
331 260 331
331 73 215 331
756 613 614 756
756 613 614 756
268 222 311 756
756 166 331
331 764 331
756 431 756
756 613 537 268
268 390 268
331 225 331
756 613 614 756
756 613 756
268 74 268
268 222 311 756
331 19 331
268 756
756 614 756
268 459 268
331 73 268
268 227 756
756 166 73 756
756 756 223 73 331
756 614 614 756
268 106 756
331 260 331 74 268
756 225 756 756
756 268
756 166 73 756 268
756 756 756
756 166 331
268 459 218 268
268 419 268
331 260 331
756 756 756
331 74 268
756 225 331
756 183 405 227 268
268 74 268
331 464 331
756 74 268
756 42 756
756 225 331
756 166 331
331 74 331
756 431 756
268 222 311 756
756 459 331
756 459 358 331
756 74 696 222 268
756 42 756
756 613 614 756
268 934 268
268 227 268
331 222 331
756 268
268 227 268
756 613 614 756
756 614 756 756
756 166 331
756 614 614 756
756 225 756
331 615 331
756 166 73 756 268
331 225 309 225 756
756 225 331
268 756 756
756 223 756
756 225 756
756 73 268
756 431 756
268 756
331 73 268
331 73 215 331
268 227 268
331 19 268
331 73 215 331
268 756 756
268 419 268
268 227 74 756
756 74 331
268 215 268
331 764 331 764 331
756 756 756
756 225 331
268 223 316 459 268
756 166 73 756
268 227 74 756
756 223 73 331
756 223 756
756 614 756
756 74 696 222 268
756 431 756
331 222 331
331 707 73 73 331
268 459 225 331
268 459 225 331
331 73 268
756 183 405 227 268
756 215 331
268 934 340 268
756 225 756 756
268 459 218 268
331 764 331 764 331
268 215 268
756 268
756 73 248 268
331 764 331 764 331
268 390 268
268 309 73 74 268
268 934 268
756 756
268 756 614 756
268 756 756
268 248 282 268
756 613 614 756 756
268 756 614 756
268 215 268
268 222 311 756
331 29 331
268 419 268
268 227 74 756
756 459 358 331
268 223 0 268
268 227 74 756
756 459 331
331 166 42 756
756 183 405 227 268
756 225 756 756
268 74 268
756 74 268
331 74 268
268 223 316 459 268
756 614 756 756
756 268
268 756 614 756
268 227 756
756 613 614 756 756
331 707 73 73 331
331 223 331
756 73 248 268
268 313 268
331 764 331
756 431 756
331 215 268 756
756 431 756
756 613 537 268
331 225 331
331 225 331
756 613 537 268
756 225 756 756
756 613 756
331 464 331
331 464 331
268 248 282 268
756 166 331
756 459 331
268 459 218 268
756 166 73 756
268 106 419 405 268
268 934 340 268
756 225 331
331 225 331
268 311 756
756 183 405 227 268
268 215 268
268 459 218 268
756 614 614 756
756 225 331
756 613 756
268 74 268
756 166 73 756 268
268 390 268
268 227 268
756 431 756
756 73 268
756 614 756 756
268 311 756
268 222 311 756
756 613 537 268
756 756
756 756 223 73 331
268 390 268
331 328 328 331
331 73 215 331
331 764 331
331 73 215 331
331 73 268
331 73 268
268 227 756
756 73 756
331 19 268
331 464 727 464 331
268 222 311 756
331 459 331
268 74 268
268 215 268
756 74 268
268 459 268
268 934 340 268
756 73 331
756 756 756
331 260 331
756 268
756 73 268
268 74 268
756 223 756
331 73 215 331
756 431 756
331 19 268
756 268
756 597 756
756 215 331
331 328 328 331
268 756 614 756
756 431 756
756 73 331
756 215 331
756 613 537 268
756 74 696 222 268
268 223 316 459 268
756 756
268 73 268
331 328 328 331
756 215 331
756 73 331
331 459 331
268 756
756 756 459 358 331
756 614 756 756
756 73 756
756 613 537 268
268 390 268
756 756
756 166 73 756 268
268 311 268 215 268
268 106 756
268 311 268
756 614 756
268 248 282 268
331 362 331
756 756 459 358 331
756 223 73 331
331 215 268 756
268 106 756
756 268
756 74 268
268 313 268
756 614 756
756 431 756
331 222 331
331 707 73 73 331
756 614 756 756
268 248 282 268
756 613 537 268
268 248 282 268
756 614 756
331 166 42 756
331 29 331
268 73 268
331 328 331
331 764 331
268 215 268 756
756 73 331
756 756 459 358 331
756 756
331 260 331
756 225 331
331 19 268
331 74 331
268 106 419 405 268
756 183 405 227 268
268 215 268 756
268 74 268
331 225 331
268 106 419 405 268
331 215 268 756
268 73 268
756 73 331
331 215 268 756
756 756 223 73 331
756 183 405 227 268
331 19 268
331 29 331
268 106 419 405 268
268 459 268
331 19 268
268 73 268
331 222 331
331 166 42 756
268 311 268 215 268
268 313 268
268 215 268 756
268 459 218 268
756 74 331
268 160 268
268 419 268
268 248 282 268
756 268
268 934 268
756 215 331
331 19 331
331 764 331
331 225 756
331 260 331
756 756
268 215 756
268 73 268
331 225 309 225 756
268 311 268
268 215 268
756 459 331
331 260 331 74 268
756 183 405 227 268
268 223 316 459 268
268 222 311 756
268 223 0 268
268 496 268
268 459 225 331
756 613 614 756
756 756 223 73 331
268 459 225 331
268 160 268
331 464 331
268 934 268
331 328 331
756 183 405 227 268
756 613 614 756 756
756 756 756
331 166 42 756
268 215 268
756 215 331
756 73 756
268 227 74 756
268 215 268
331 19 268
268 421 268
268 313 268
756 268
331 223 331
756 613 614 756 756
268 311 756
756 73 331
331 223 331
331 225 756
268 227 268
268 222 311 756
268 73 268
756 268
268 215 268 756
756 73 331
756 73 248 268
331 707 73 73 331
268 313 268
756 73 268
331 73 215 331
756 223 73 331
331 215 268
331 764 331 764 331
331 73 215 331
756 183 405 227 268
756 73 248 268
756 613 614 756 756
268 459 225 331
331 223 331
268 313 268
268 496 268
268 311 756
331 19 331
756 183 405 227 268
268 74 268
268 756 614 756
268 309 73 74 268
268 73 268
756 73 331
756 614 614 756
268 222 311 756
268 421 268
331 74 331
756 613 614 756 756
756 73 331
268 215 268
756 613 614 756
756 613 537 268
756 431 756
268 215 268
268 311 268
268 227 756
331 223 331
756 166 331
756 73 756
268 227 268
756 42 756
756 614 756
331 222 331
268 756
756 225 756 756
331 260 331 74 268
756 223 73 331
331 764 331
756 614 756 756
268 311 268
331 215 268 756
756 614 756
331 74 268
268 390 268
756 74 696 222 268
331 362 331
268 160 268
331 225 756
268 756 756
268 223 316 459 268
268 215 268 756
268 160 268
268 313 268
756 183 405 227 268
268 222 311 756
