291 129 544 544
203 277 167
464 128 169 172
562 232 65 172 440
493 600 133
168 82 179 62 292
200 65 525 65
523 618 523 493 413
14 206 202
172 714 129
65 870 401 574 65
791 623 623 813
167 165 170 900 183
515 593 94 486
292 14 291
611 623 791 401 401
176 515 275
290 706 280 199
425 664 694 664
425 65 574 401 129
294 291 291 14
200 275 168 458
493 14
53 231 172
14 562 232
403 291 403 168 14
133 201 232
813 413 450
457 526 450 95 129
425 285 132 6 426
65 430 971 196 203
129 184 486 176
129 457 568 426
749 284 157 380 65
129 401 705 425
183 168 198
172 292
526 426 257 450
172 207 206 232
172 295 172
203 199 908 197
789 275 178 344 200
1000 292 611
256 357 290 206
426 562 202
829 523 522 523
611 11 452 161 419
574 425
403 493 585 600
450 160 484
292 280 426
523 168 47 318 426
572 350 352 483 280
572 484 168
232 426 840 275
167 204 205 172 457
458 600 458 13 440
172 365 401
440 457 172
401 285 129 419
822 290 568 129
129 275 526
291 294 291 543 543
65 290 493
822 168 484 563
544 534 450
611 450 544 168
232 918 197
65 600 450 515 450
655 458
401 289 425 870 65
486 14 51 280
419 128 200
294 301 199
486 486 94 177 176
183 568 568
129 932 82 62 458
493 817 817 544
413 168 129 275 275
426 714 93 399 401
568 450 493 572
200 440
93 543 543 576
450 568 168
563 484 484
493 275 789 835
280 473 121 493 562
419 226 14
201 94 294
458 129 936
183 464 291 168 611
93 176 611 129 789
172 802 172 129 292
201 133 169 486
694 290 256
270 426 276
401 526 576
232 214 377 656 176
464 280 221 419
419 333 261 486
458 714 419 450
515 526 403
93 29 263 280
572 493 572
714 458 789 835
183 543 291 450
290 706 694 493 572
813 168 424 445 419
515 232 576
203 129 457 197
167 207 918 1000 232
201 201 203
14 205 95 207
276 401 399 450 714
168 434 65
574 425 621 425 401
275 479 275 129
664 401 183 198 197
543 493 440 172
542 526 172
611 419 367 405 543
526 426 458 450
689 689 689
129 568
706 14 196 199
133 482 450 167 749
275 172 403 542 401
1000 166 1000 292
840 129 129
256 133 493 543
401 426
563 572 563
694 129 572
256 401 664 486
280 655 526 399
207 160 346 129 464
290 280 13 450
1000 292 611 389 486
183 413
655 114 168 458
493 611
936 206 201
172 130 129 714 93
515 206 291 232
457 232 1000
275 542
197 457 457 457
440 493 483 483 727
515 270 14
623 129 585 813
172 180 681 133
419 526 296 380 14
232 167 149 440
232 576 543 450 14
822 822 290 167 172
425 294 290
789 275 840 129
232 426 840 275 200
822 484 290
133 557 201 167
133 162 129
129 183 450 493
534 450 275 440
562 401 562 440
611 270 419
486 168 168 585 172
526 14 486
129 542 291 93 413
65 133 600 585 585
129 280 129 14
93 165 93 413
201 128 115 438 129
425 562 183 357 290
172 183 562
526 419 789
836 813 399 543 450
206 133 464 556 232
280 515 232 840
542 413 413 275
572 129 563
206 206 202 562
280 574 280 167
14 168 346 181 280
840 5 789 275
133 531 133
183 80 299 171 655
961 377 106 133
232 120 133 284 206
562 457 568 290
93 789 835 275
440 542 419
276 276 568
464 116 170 543
133 79 290 694 484
576 232 177 200
129 86 86 290
909 493 403
133 168 542 526
168 403 426 168
172 65 440 399
568 133 168 936
568 133 568
95 232 611 270
280 424 474 13 95
95 128 576
290 130 257 167
563 522 493 600 585
183 4 425
176 515 484 694
426 425 664
172 275 368 232
623 86 201 199
206 908 822 936
426 292 822
172 280 822
168 813 534 544
585 544 183 655
14 403 172 401
256 820 249 212 183
714 714 450 183
801 41 129 403
206 133 129
14 403 493 168
14 797 797 14
515 494 822
183 509 184 183
207 128 204 936
176 204 200 562
992 129 275 129 486
450 581 450 291 232
206 426 493 168 543
440 241 232 397 53
232 201 197
419 434 168 276
401 282 559 142 280
290 83 143 413 440
290 620 290 357 290
419 106 462 419
203 291 65
450 493 256
207 128 35 165 93
167 776 199
486 292 62 493 572
568 65
567 425 874 425
572 572 822 822
201 128 183
292 133 133 168 290
183 544 450
167 172 585
198 168 544 544
835 65 291 403 425
464 464 450 543
183 399 543 450
572 822 292
790 544 813 458 493
53 5 611 292 1000
14 486 106 169 280
419 113 129 93
419 714 129 133
199 205 128 206
419 611 493 568
425 873 401 65
829 168 611 292
401 426 562
413 413 65
167 280 292
172 403 133 399
464 291 65 574
562 457 425
611 450 493 572 493
183 201 200
206 201 197
902 5 120 232 515
515 292 523
129 748 222 221 53
129 413 129
543 542 458 450 426
526 495 60 275
802 172 65 14
176 515 290 14 65
206 14 206
14 291 294 291 65
523 168 292 168 413
568 450 705
425 870 65
133 107 201
486 426 458 450
133 545 133 531 133
280 822 563
706 563 572 515
129 399 450
426 458 450 493
65 486 188 486
176 178 537 14 65
813 526 840 526 425
450 183 105 129
936 130 776 200
14 270 493 14
129 168 275 276
183 168 822 936
543 689 689
206 204 65
523 836 523 706
65 526 275
199 94 440 426
14 426 133
544 544 790
183 405 280
714 129 544 790 544
600 588 27 336 280
199 51 908 200
232 291
294 301 294 129
440 280 706 563
183 81 62 458 93
93 32 473 537 403
168 168 280 291
256 303 909 129
486 664 425
290 291 206
232 556
183 705 705 232 1000
14 65 543
168 426 232
129 168 167 197
95 232 133 128 486
440 159 183
206 786 465 53
14 283 107 172
401 434 14
232 493 457 562 515
199 918 199
493 254 256
399 493 515 484
425 567
450 292 822 563
457 526 199 203
256 450 600
965 936 231 206
53 526 413 200
413 177 515 526 14
172 181 291 181 133
290 563 572
200 204 280 813
568 290 620 620
801 41 169 419
65 486 35 183
493 611 168 543
172 401 183 450 291
129 232
280 377 450 93
65 515 168
129 789 835
705 450 95 197
168 172 133 426 14
426 257 568 257 425
484 484 232 206
167 172 426
576 93 172 526
562 714 813 93
401 285 457
200 206 751 167 292
544 813 413 413
789 835 275 840
256 153 86 114 280
167 292 168
543 494 233 601 197
199 64 440 275
426 6 275 276
290 584 290
292 172 133
813 534 813 534 450
93 41 801 41 129
493 458 275
413 526 714 143 419
568 425 714
403 426 413 714
572 572 167 201
183 258 87 210 129
291 14 922 956 183
232 178 61 498 232
256 107 206 1000
458 813 600 401 183
290 822 484 484 515
14 936 563
65 413 176 204 936
168 600 401
623 450 568
457 568 426 168 493
53 380 656 122 95
401 543 526
526 221 82 5 611
280 1 568
543 183 655 172
567 567 425 403 129
727 464 611
401 399 543 493
53 232 53 486
611 168 413 440
426 280 909
544 790 544 813 280
688 543 121 568
493 133 544
813 403 403 403
206 515 275
168 167 491 167
14 292 426 129 256
493 342 167
526 399 401 543
53 103 352 789 275
620 290 272 183
572 167 572 572 822
515 572 936 572
789 168 568
664 515 168 450
714 413 172
791 425 426 572
426 493 611
172 458 440
14 196 199
413 232 51 280 129
840 129 292
201 94 207
493 486 172
426 172 197 373 133
95 203 280 458 129
280 231 280 183
65 998 65 440
198 167
129 840 562
450 183 474 256 419
290 829 290 290
280 526 840 65
167 572 572 572
714 813 93
936 822 908 197
574 425 493
574 65 294
440 241 232
275 840 526 450
664 401 526 172
129 292 484
936 86 129
14 426 129 198
568 183 357 290 198
425 65 664 664 694
727 483 556 556
572 350 343 129
65 840 426
14 232 611 464 129
399 457 562
526 457 197
232 705 183 90 183
93 129 542
292 129 82 401
425 403 426 206
294 280 526
207 377 94 294
457 231 14 53
199 206 277 14
458 600 450 95
292 160 440
270 426 450
168 160 82 203
585 706 585 129
563 484 290
515 206 290 129
93 820 199
291 181 377 464
413 840 232 5 440
183 291 291
562 275 172 403
425 403 526 813 129
458 426 232
207 41 198 41 199
93 576 160 576
526 912 526 840 526
280 280 572 572
129 464 822 292
493 434 419
207 908 94 65 574
493 522 493 413
65 562 413 200
197 215 316 231 14
426 526 440
399 493 426 231 129
95 200
413 183 544
172 171 115 434 493
200 593 936
440 413 714
93 197 206
129 275 440
206 593 199
291 183 159 183
419 526 912 526
817 515 129 377 203
172 285 562 401 425
203 168 64 290
280 113 107 371 256
526 457 65
457 493 486
203 179 231 351 129
664 515 817
203 249 363 114 419
874 65 197
129 87 426
172 413 200
172 143 142 576 129
426 92 86 444 464
14 41 464
523 464 483 167
515 458 450
543 542 450
938 611 292
425 294
275 178 178 200
129 275 275 275
167 133 183
93 176 129 611 232
199 65 840 275
290 62 292
232 611 419
556 531 256
172 280 283 186 450
523 706 280 290
843 567 290 65
840 457 568
172 486 377 776 199
280 290 936 936
270 278 493 572
200 434 14
93 647 458
413 13 135 93
203 284 168
544 133 172 14
183 281 64 65
290 168 133
280 51 280
95 450 440
425 256 420 143 413
526 168 275 200
256 87 513 425
817 817 813 399
464 493 835 789
600 65 401
493 172 65 200
93 280 14
199 526 280 515 176
168 292 129
493 275 562 457
714 813 585
172 802 365 401 874
576 13 535 10 133
706 694 484 292 611
526 403 129
256 647 458 526
201 278 129
813 434 515
426 425 568 81 280
168 585 585
14 291 450
290 167 776 203 201
14 563 706 936
172 458 426
129 63 552 515
413 177 413 526 714
232 493 424 168
426 425 403
95 95 918 207
280 292 1000 292 129
256 62 445 51 399
399 813 817 493
484 143 197 93 291
401 276 568 425 493
206 1000 206
543 813 600 585
992 992 129 425
206 149 206
291 464 172 493 270
201 203 129 14
543 399 168 542 458
291 14 706
464 822 292 129 543
65 290 290 426
129 802 129 165 290
714 129 413 65
183 207 197
172 342 95
992 992 992 129 544
493 572 426 403
256 184 129
568 81 544 790
600 588 494 563 822
201 198 94 200
167 197 95
623 86 611
572 484 563
290 294 280 574
168 543 82 426
168 122 122 95 232
426 133
568 290 526
534 813 817 515 129
256 28 160 458 413
183 413 168 168
399 129 425
290 6 64 133 183
168 600 585 172
458 813 413
840 64 68 183
129 464
133 183 168 93
426 493 426
965 936 563
403 542
200 581 409 515 14
425 568 562
183 272 584
450 493 515 817 493
813 399 457
526 275
256 434 493
515 562 413
93 32 116 263 486
457 493 523 706 280
458 458 275
791 425 562 714
129 450 705 450 440
168 486 232
572 167 572
401 430 183
425 714 714
426 280 556 556 14
572 82 572
419 789 168
172 133 450
201 94 294 543 401
93 14 936
14 289 277 342 280
183 568 457 197
600 600 493 515
563 572 515 6 206
291 129 458
291 280 81 544 813
526 526 515
14 312 377 403 425
426 426 562 401
664 84 144 254 129
256 14 65 176
65 990 2 409 515
515 813 515
292 284 257 401 276
600 493 183
14 426 486 611
515 817 515 526
542 543 523
133 402 402 133
413 426 263 486
14 562 129 343 183
457 294 129
133 280 183
399 813 458 413 172
206 204 205 41 197
486 261 93 168
936 776 196 198
835 789 93
835 401 183
426 292 292 133
791 623 813
426 292 168 600
486 493 399
133 51 820 486
450 413 178 231 655
232 918 199 526
294 572 426
419 129 13 450
199 399 440
413 813 458
440 232 705
280 289 425 426 840
168 936 593 822
200 65 232 129
201 204 377 450
562 200 207 198
664 694 484 563 493
133 143 197 51 201
200 917 204 95
493 41 918 232
450 256 303 256
93 16 362 401
183 542 543
526 167 203
280 526 275 86 425
290 356 107 361 93
464 900 165 129 840
822 290 584 290
206 200 200 201 167
200 434 859 160 562
813 836 706 694 493
457 399 457
183 493 401 183
493 522 493 835 425
484 936 290 936 129
129 142 180 128 256
526 543 280
280 201 232
936 546 252 611 464
167 526 275 789 129
572 776 776 572
133 600 168 133
183 413 562 377 95
172 205 198
576 176 292
168 533 83 280
493 232
664 401 705 401
167 749 62 93
526 543
464 450 1 280
655 167 936 14
183 401 294
201 917 201
419 270 493
167 94 176
129 457 426 526
791 493 450 168 129
93 64 419 199
522 493 424 168
611 389 537 526 493
542 403 168
201 215 460 434 129
458 494 822
493 294 65 275
53 537 486
572 64 6 184 256
714 425 791 401 542
484 694 610 694 664
572 822 822 572
426 93 128 52 232
14 776 65
835 425 403 291 464
544 542 129
65 450 169 172
419 642 513 425 526
413 426 232
791 425 791 401
802 172 457
294 572 515 515 129
568 544 544
207 5 337 464
936 572 939 232 484
290 206 908 205 167
14 53 312 14
484 484 515
202 562 401
611 486 94 200 95
232 939 232 280
95 820 301 340 129
457 426 458
440 200 41 41 95
172 813 458 450
200 200 413
129 130 425 664 694
53 65 200 440 280
493 791 425
426 292 206 918 14
523 601 191 5 486
440 231 203 199
206 820 199
183 169 5 53 65
93 172 515
256 306 93 197
425 664 515 172
791 401 542
401 133 568
199 95 199
486 714 419
294 457 526 296 419
197 593 820 198
232 575 280 65
450 813 817 817
526 542 291 133 280
129 87 426 93
206 41 201
290 493 275 840 526
183 822
168 450 623 450
294 160 426 450 399
232 526 457
183 493 425 574 425
689 689 543 526 576
936 907 342 206 426
526 450 419 280 133
515 13 667 465 14
568 425 493
401 542 275 493
65 291 294 280
275 178 200
543 458 655
425 835 425 873 401
203 201 196 204 65
95 820 167
450 95 199
689 689 198 290
425 791 425
183 430 401
200 562 275 275 65
133 399 457 425
275 178 65
542 291 232 515 232
129 820 198
464 291 294
280 367 133 206
544 813 836
95 197 206 290
203 196 200 94 176
791 65 664
829 290 82 486
133 399 183
167 655 183
426 562 202 562
413 813
65 840 562 413
419 642 284 292 280
197 206 294
207 107 401
813 399 129 611
280 116 73 116 655
493 133 183
270 515 275 526 515
14 403 493 168 484
199 200 440 399
399 543 478 176
562 275 479 275
129 473 256 165 133
183 133 51 206
65 515 515 270
280 526 440
419 419 198
493 168 458 789
129 460 256
493 172 14
401 493 562
276 275 542 172
232 294 160 426 450
850 199 207
399 813 515 817 543
689 689 543 689
515 515
207 820 801 41 198
413 458 623 129
53 65 178 275
197 51 201
199 526 401 493 290
206 277 621 401
93 166 290
93 513 93 197
95 206
714 458 426
168 291 294
817 515 817 543
813 458 542 256 129
183 203 199
168 600 450 133
129 543 813 280
168 6 458
689 689 543
426 275 789
133 544 129 413
176 232 483 280
567 843 290 563
600 129 585 168
290 426 14
458 655 526
706 694 664 515
53 526
458 494 197
620 290 568
426 391 776 95
705 211 434 198
836 836 836 836 836
562 377 203
201 94 207 198 689
207 377 526 542
484 563 493 403 542
413 172 526 183
413 840 526 121 401
198 419
270 426 129 403
133 201 206 200
802 129 789 835
207 820 231 168 493
543 292 426 167
197 41 207 183
440 176 593 206
207 13 113 176
909 546 397 179 133
440 215 201
290 526 450
200 917 201
167 593 199 850
706 14 196 199 399
542 291 290 694
401 65 776 201
292 450 568 450 705
562 493 522 493 835
401 714 714
290 129 172
562 493 280
840 426 14 486
53 526 93 176
523 464 464 450 543
133 183 168
129 450 228 280
206 776 203 196 14
232 413 813
207 206 515 167
65 51 65 430 65
419 14 515
206 515 65 275
133 493 65 232
563 93 280 543 450
294 65 450 275 129
232 294 203
562 840 840
232 65 483 65
65 430 672 543
426 426 65 425
562 714 86 65
53 182 167 593 822
129 142 172 802
413 458 397 232
568 426 14 277 232
256 419 714
201 200 177 409 197
290 14 280
450 600 129 992 992
14 312 377 203 280
168 840 440
65 543 450
129 186 420 285 65
426 403 542
292 493 817
572 572 484 168 493
172 802 802 802
458 600 65 714
568 276 168
440 365 210 290
702 932 642 107 201
167 292 129 572
172 292 183
294 203 198
493 160 143 197
291 543 292
232 804 265 232 426
544 568 457 493 290
280 515 129 464
168 600 133
440 200
850 546 909 183
440 813 817 813 817
200 562 493 14
556 531 165 844
197 373 563
95 917 776 94 206
65 776 199 65
440 94 350 936 572
65 430 183 413
200 167 196 207 200
275 515 450
294 94 94 486
167 200 177 18 280
200 51 371 65 206
206 167 204 776 199
401 256 450 600
53 526 14
167 200 65
133 545 183 419 450
93 93 576
232 840 86 450
200 177 221 526 576
600 813 172 285 65
419 249 533 572 936
822 563 572
14 918 1000 206
543 523 14 93
413 493 291
419 129 291
280 168 203
93 143 133
199 205 917 196 203
515 813 280
168 458 291 65 53
133 464 377 294
813 600 450 542 413
936 907 936 168
93 413 840
133 280 373 714
403 129 425 457
458 93 133
822 563 936 572
95 207 198
93 515 177 515 65
791 65 543
176 656 231 172
526 44 367 337 133
201 278 789 419
486 353 129
206 294 291 232
572 776 776 198
440 542 399 168 14
801 820 955 94 199
65 294 457 401 705
694 610 694
133 18 201
822 280 167
14 53 822
275 440 200 178 440
401 873 425 664
207 918 1000 232
292 450 544 817 543
201 167 918 200
206 751 820 231 65
200 94 167 167
276 275 542 183
600 450 450
965 936 563 464
574 425 543 542 458
401 257 450 93
168 168 829
493 515 280
129 401 133
280 148 280
563 572 936 572 572
543 326 543 543 401
172 493 425
292 426 167
450 275 426
515 813 399
401 712 401 526
556 330 73 215 53
403 172 440
486 201 202 201
167 94 917 201
199 65 426
563 572 493 426 129
167 201 231 290
450 544 585
168 829 290 419
403 813 585
401 873 401 425
542 440 413 183
493 526 232
450 280 283 426
65 425 543 817
290 526 813 585
425 621 426
183 198 329 91 419
567 843 290 706 694
563 563 93
65 197
203 201
534 813 450 426
183 121 719 64 93
280 523 172 542
413 176 176
183 292 493
450 568 133
133 482 576 232
714 526 199
556 113 434 419
822 922 280
515 562
65 562 232 65 172
201 593 95 942 95
526 128 526 53 440
200 908 207 207
440 178 440 231 203
850 546 909 493 65
458 291 65 53
450 714 813 168
95 51 206
206 65 818 65 291
440 200 200
93 280 277 14
413 232 280
232 450 82 526
201 593 200
280 181 133 201 206
655 167 53
280 473 93
426 621 425 874 401
280 115 301 278 611
486 65 413 813 172
168 543 183
493 515 168 820 95
168 290 584 272 563
425 791 401
543 294 94 201
183 493 93
457 457 399 813 399
523 829 290 280
270 426 526
484 936 167 257 425
14 493 533 321 232
275 440 440
440 232 129
290 99 101 371 419
167 203 206 214 280
167 292 176 275
440 275 168 523
493 232 204 908 199
206 128 280 822
457 197 51 593 95
813 129 489 129
168 458 434 440
493 585 600 168
493 413 177 515
202 198 129
450 534 256 290 65
172 167 168
176 93 482 93 563
419 168 440
203 280 458 129
275 511 284 167 95
426 318 64 523 464
14 1000 232
183 486 426
200 94 486
822 280 172
291 93 515
425 791 65 129
133 183 257 183
197 601 523 493
199 53
600 600 458
688 543 813
450 420 167
910 65 526 413
840 440 65
836 813 399 129
413 458 93
270 419 419
202 562 568 562 840
129 42 612 424 464
133 280 523 464
168 568 130 425
292 14 130 568
515 167 167 292
543 399 526 53 486
203 199 677 199 207
292 172 133 450
256 290 211 129
95 204 65
129 333 113 183
458 533 440
522 523 172
198 95 206
199 218 18 295 276
600 493 791
413 65 910 65
176 292
440 13 129 440
206 290 936 563
403 526 419
563 563 522
291 294 65 526
440 226 107 65
168 493 426
457 65 457 425
133 42 188 486
207 183 568 493
129 283 748 13 207
542 526 426 172
936 484 292 284 133
523 14 290
176 65 413 450
294 129 137 129
95 93 78 93
129 294 572
172 256
572 484 13 167
202 198 201
585 168 789 93
623 813 458 655 172
493 533 280
440 840 413 840
168 413 515
275 493 42 133
714 714 65 574
515 280 148 280
936 776 203 14
526 782 526
413 714 526 53
198 167 172 523
270 426 172
256 14 450
232 133 291 206
961 377 120 120 133
256 107 163 87 280
515 14 440 168 543
294 425 403 291 168
401 65 515 458 413
200 200 94 167
464 450 623
840 526 290 694
270 419 74 121 401
568 256 401 664
493 835 401
206 786 786 64 840
457 294 94 486
458 542 256 129 440
493 611 168 290
256 133 136 93 93
568 129 585
706 585 813
200 65 574 65
426 457 399 129
526 93 426
493 413 440
822 900 464
129 401 600 168
458 543 689 689
183 198 167 936
419 356 486
526 526
572 515 562
276 275 123 450
176 93 458
280 515 813
484 572 493
464 822 280
256 318 83 280 133
440 629 440 129
290 572
280 81 189 5 464
167 575 232 65
232 120 377 95
176 231 176
450 515 167
464 563 93 789
486 35 486 172 542
909 183 53
183 822 822
992 129 600 600 493
168 419 129
256 425
292 515 450 123 172
542 413 840 526
543 523 464 822
53 103 86 196 200
176 417 27 27 133
183 399 543
836 836 813
206 426 714 813
280 543 689 689 543
836 836 813 450
399 133 346 409 292
270 515 93 176 200
176 94 294 401
53 403 291 280 206
167 200 196 199
200 413 176
95 199 677 199
515 434 65
576 494 515
450 64 389 486
440 178 413 813
486 51 172
790 544 168
493 543 450 544 790
936 936 168 206
413 562 275
129 342 129 493
232 440 457 457
515 292 280 172
543 526 275 275
232 413 232 294
493 292 160 255 694
484 494 2 494 168
403 493 291
457 231 14
426 167 280
840 562
562 457 294 294 206
464 523 522 523 292
168 263 290
202 198 207
484 83 199
198 200 200 207
129 458 377 199
544 568 129 425
543 87 166 377 486
276 568 450
198 689 198 202 201
440 450 167 200 65
129 270 426 129 403
611 168 93
789 419 79 820 232
129 294 543 689
207 820 198
168 611 623
450 257 450 95
95 232 275 458 543
95 204 51 917 206
611 176 232 292 232
93 647 221 256
256 280 270
450 82 526
290 426 280 556
544 168 840 129 572
280 706 585 600
817 813 413 526
515 813 817 817 817
486 201 201
563 373 373 706
457 62 201 203
129 285 486 129
176 576 129
714 562 232 484
291 464 523 522 523
401 276 401
256 557 133 65 526
543 401 600 493
493 425 403 172 133
183 252 183
183 568 183 36 93
515 65 94 201
936 955 936 168
568 107 65
133 232 206 168
425 874 401 401
401 399 450 600 600
450 714 714
611 292 129 198
206 908 205 167
522 523 172 542
168 493 515 413
419 450 256
1000 206 133 129
168 585 813 413
168 822 168 936
232 840 840
294 401 526
65 53 537 526
133 65 291 183
523 522 563 572 290
133 44 365 351 172
65 275 434 572 484
484 13 483 41 256
543 689 689 543
705 256 280
294 206 280
450 568 426 206 133
515 664 486
544 817 543 813 93
280 426 568 256 290
706 585 585 168 280
198 207 95 450
291 291 65
426 425 426 93
168 64 290 563
167 196 203
14 918 1000
486 183 611 464
290 822 290
256 31 27 197
168 275 562
450 186 82 543
611 493 600
426 413 275
568 329 486
275 450 329 129
1000 14 562
294 291 168 789
403 425 294
413 93 280
585 813 413 183 133
290 280 813
419 405 828 87 626
910 65 275 65
65 840 275
201 103 123 251 172
419 280 289 277 280
526 399 542
280 51 201
611 450 493
133 93 563 464 133
183 410 486 714 425
129 290 65
167 14 450
207 918 207
464 611 292 83 290
789 654 333 493
801 41 206
850 546 526
835 789 835
53 486 270 493 450
813 129 484 13 440
572 86 393 60 275
568 568 401
458 168 278 420 291
199 850 199 526 172
440 14 14
543 294 280
544 534 450 413
198 128 256
172 655 482 576
256 114 154 820 172
199 65 275 542
53 215 183
200 440 813
207 918 196 207 199
201 420 326 183 172
199 908 199 65 413
706 373 563
133 544 168 128 199
600 168 133 14 167
813 543 523
813 585 493
14 129 291
493 522 563 563 129
168 263 232 292
419 789 275 840
292 278 201
183 419 105 285 183
275 232 231 203 294
14 206 197
543 209 543
201 201 103 526
817 544 542
544 168 419
294 572
65 600 133
399 440 493 419
458 604 546 526 526
292 183 909
290 65 493 817 543
275 232 14
562 14 167
450 65 457 65 290
493 291 464
909 129 308 320 65
292 523 280
167 377 65 526
133 114 93
93 513 268 106 280
168 275 542
172 86 256
207 377 494 822
183 544 450 526
403 813 600 401
706 14 168
576 82 5 464
992 129 840 232 562
275 178 681 178 14
168 168 543
401 664 65
562 232 241 232
95 128 607 544
176 292 168
706 585 600
280 655 231 232
526 257 284 232
413 129 256
526 403 221 526
14 14 291 232
458 526 813 129 542
270 129 133
65 401 133
493 791 401
543 450 813 534 450
183 542 403 129
168 14 232
419 183 114 172
403 426 457 440
280 214 231 65
167 426 276 276 568
290 231 936
207 94 167
486 106 256
611 160 207
568 562 129
291 403 168 14
425 289 14
65 450 611 129
256 114 283 366 65
484 86 584 290
789 168 542
961 377 231 172 280
817 817 544 133
167 207 207
275 176 176 65
201 95 196 196 197
168 172 65
232 368 283 351 172
280 292 133
129 802 172
172 734 177 231 129
526 401 714 172
183 6 95
172 401 401 276 568
65 526 275 458
275 789 835 493 450
290 231 176
133 403 172 275
486 263 486
440 65 526
280 86 936 129
572 563 93 543
426 425 791
714 425 791 401
201 352 214 178 53
199 776 199 205 172
14 226 440
206 14 486
206 918 918 196 95
290 129 403 14
172 401 457 457
440 450 275 440
458 420 184 129
440 457 425
544 82 114 183 291
290 263 256
201 86 484 129
910 65 639 65
515 177 275
167 51 28 93 95
203 198 197
167 277 167
65 0 65
93 714 419
562 562 200
183 478 62 168
203 206 232 486
493 585
65 486 292 176
526 275 275
275 200 206 200 275
280 450 65 486
543 294 457 526
526 426 526
568 130 425 403
133 218 872 232
201 206 203
95 280 424 93
515 290 167
168 14 556
290 526 399
133 403 403
133 419 526 450
526 782 526 840
199 64 572 515 14
256 802 256
600 65 910 65
843 567 843 290
167 207 918 1000
493 401 401
486 65 290
484 484 86 201
563 822 464 291 450
129 413 440 14 486
413 515 270
183 493 168
936 706 585 129 484
568 426 526
664 65 176
440 178 275 789 835
183 128 212 333 280
133 493 523
280 204 176
129 405 256
817 544 585
129 166 576
129 346 206
623 129 419 133
542 458 458
256 145 86 611 292
515 817 543 294
563 936 167
202 562 200
207 167 53
183 95 199
458 813 817 817 493
714 183 458
280 280 543
464 494 543 170 256
493 183 82 572
419 714 172
199 206 168
600 493 791 425
689 543
526 420 526
450 420 167 95
276 275 276
689 543 399 543 292
14 368 368 232
523 543 399 542
840 457 562 129
14 292 206
200 94 206
129 563 563
714 526 403 542
292 160 280
291 280 206
183 542 413
133 83 121 168
14 380 562
714 413 232 133
714 426 167
543 280 426 275
694 706 14 556
183 63 278 270 129
280 483 65
129 789 419 655
457 426 403
568 493 290
542 403 493
1000 918 494 714
572 5 291
568 568 256
458 86 536 214 129
484 515 94 206
168 515 813 93 93
129 346 820 129
813 172 542 399 450
232 413 200
813 172 14 1000 206
14 563 522 563
457 426 65
172 65 874 425 425
172 450 129
14 284 280 51 167
168 515 813 817 817
206 917 41 202
172 275 168 35 14
486 201 201 133
458 533 590 165 280
425 121 543 294
291 232 291 542
425 403 168 263 290
611 11 270
542 291 232
543 257 167 232
133 292 1000
526 813 93
909 129 450
292 493 464 493
568 458 600
168 280
133 401 493
172 403 133 399 542
714 426 130 280
936 776 908 197 167
172 256 802 256
450 420 188 420 526
486 611 419 170 133
290 16 280
95 13 214 160 486
450 568 493
611 623 202 562 232
203 168 280 556
256 802 129 694
256 290 198
198 258 142 236 183
426 121 544
232 280 196 95
401 257 450 93 813
515 562 533 457 562
813 413 183 419
201 198 199 399
817 544 133
600 450 168 611 493
526 403 813
401 276 275 515
292 523 292 484
172 249 355 256
426 413 714
419 14 515 206
399 813 403 14
515 484 484 936 129
280 129 572 129
129 430 420 568
813 623 129
526 568 457
813 172 426
515 277 167
129 184 508 546 256
817 493 291 458
440 178 342 167
789 93 176
568 450 257 231 201
493 166 172
457 523 543 183 203
543 405 356 16 290
440 176 176 275 458
198 94 218 133
95 41 129
14 205 172 526
167 18 280
600 600 600 133
129 568 493
457 840 275 172 280
172 60 232
65 199 206
203 199 53
419 302 183
276 301 290
133 367 121 290
450 176 94 198
1000 166 172 585 600
413 129 294
291 450 14
426 423 482 129
526 413 526
450 568 458
129 256 105 199
425 294 572 280
197 593 167 232
655 419 128 200 65
426 714 714 562
168 840 285 168
95 51 197
280 82 10 133
655 980 655 151 655
576 329 478 543
290 87 183
280 64 280
543 576 82 290 484
14 419 256
93 129 14 515
129 351 278 128 256
200 207 197 197 95
198 200 167 453 167
290 706 836 523
14 79 133
256 183 413
168 585 600 129
172 802 172 280 129
419 168 14 563 706
290 294 401 457
206 440 497 409 93
936 955 94 95
440 168 276 568 458
280 533 562
65 998 65 568 426
526 167 655
464 133 280
486 176 576 543
200 344 176
168 515 413 176 611
493 212 129
705 425 874
172 219 280 133
53 280 493
543 291 183
129 285 172 526
486 611 232 167 201
168 523 172 523
572 294 377 526
276 401 257 426 292
450 426 413
183 568 133
172 204 936 168 129
567 425 401
493 450 168 129
817 817 543
419 82 285 401 426
515 817 493 270
280 169 129 176 275
458 568 457 197
203 199 280
426 130 401
413 232 51 280
280 543 183 270
874 65 568 544
705 450 257 450 515
292 450 600
493 291 542 544
526 515 270 129 544
440 53 231 172 426
133 337 6 191 207
585 493 93 183
562 562 275 129
290 568 401
256 41 197 95
664 93 306 91 183
562 275 426 440
133 309 18 167 199
526 199 203
199 201 197
419 255 106 537 486
93 647 256 542 419
129 176 94 200
515 440 562
572 377 133
14 86 290 563 584
1000 232 95
458 183 458 600
457 440 200
206 776 776 203 206
493 522 563 93
201 82 576 129
168 764 541 209 909
168 450 611
813 836 813 515 664
401 791 623
440 813 543 249 129
623 86 450 413 714
486 184 355 83 133
714 65 568 568
534 450 450
280 486 664 694 493
910 65 910
515 450 399 129 129
292 168 168 280 291
526 231 277 167 200
413 275 413 714
523 464 464
705 450 440
290 108 108 93 399
200 41 203 14
523 522 563
290 291 290
694 706 563 290
199 207 95
172 129 401
199 65 874
201 199 198 196 14
543 450 183 105 129
458 486 278 292 232
542 275 542
172 458 129
813 600 65 280
440 457 840 526
199 399 401 874 425
183 257 291 206
584 86 936
290 166 399
835 789 458
168 568 357 290 515
457 425 835 401
789 835 65 434 572
543 222 256
426 62 290 620
706 936 706
562 200 413
280 86 30 172 486
419 168 133 292 523
201 128 206
232 41 206 515
840 840 232 275
95 593 176 440
515 206 51 197 206
256 28 278 278 280
275 562 202 198
200 498 956 426
172 168 129 399 168
232 226 275 275
95 593 572 493
961 377 129 562
992 129 413 232 576
14 563 936
568 526 103 321 440
168 160 206 346 172
183 820 94 167
280 231 232 611
515 817 543
129 203 129 493
464 172 493
484 822 484 563 822
133 128 464
167 207 918 199
270 129 426
95 200 207 197
93 169 306 409 65
874 65 204 167
199 908 197
515 562 515 413
199 197 201
440 426 86 822
133 403 403 133
232 413 458
172 542 256
568 425 870 401 133
544 82 493 600
93 513 19 183
817 817 493 93
576 176 292 133 183
843 567 290 568 457
399 457
620 620
256 401 426 206
291 14 556 280
167 526 526
457 493 403
419 28 129
817 813 714
167 172 401
426 14 291 206
129 123 172
206 280
486 270
65 275 200
168 121 458 450
200 917 200 65
419 450 399 457
403 403 526
65 434 544
426 401 714 450 714
93 165 280
542 544 585 706
572 434 450 544 133
813 129 180 366 440
14 562 426
543 813 817 493
419 199 83 160 401
801 820 129
401 562 177 232
129 270 426 129
232 113 183
129 813 600 168
275 434 572 484
207 207 198 689
172 365 401 714 426
199 917 206
280 440 497 419 290
843 567 425 705
200 167 292 168
93 789 835 425
526 44 419
543 168 822
813 585 544 133
450 543 450
936 955 94 207
450 257 544
526 199 167
14 270 419
276 168 542 419
419 183 413
425 426 568 129
450 526 403 168
65 486 292 176 440
183 302 419
280 113 13 450
458 160 663 188 183
542 403 813 600 401
199 128 751 167
457 840 426 413
568 130 280 83 203
206 751 820 167
232 95 198
232 440 460 460 493
874 401 401 600 65
493 600 813 129
14 556 14 167
419 434 647 420 526
526 655 280
232 291 450
280 203 277 231 14
292 523 14 290
403 493 585 600 168
909 493 399 542 458
95 197 457
401 285 562 840
585 544
515 65 200
65 562 426
183 526 275 276
291 14 280
486 426 401 65
464 160 179 60 167
95 820 231 129
294 232 65
562 232 176
275 479 275 542
655 75 135 47 14
280 440 450 600 585
203 231 655
450 399 129
493 65 600 129
493 523 706 280
440 177 200
291 65 199
486 172 121 13 280
206 198
791 65 870 65
572 563 522 493
843 290 82 172
95 128 974 918 199
280 133 346 206
197 593 51 200
133 544 534 450
65 664 694 706 290
172 167 290 706
440 440 177 232
280 133 377 918 167
290 437 531 133
