492 678 492 186
492 152 458 254
492 186 433 144
186 363 121 492
254 490 186 144
254 932 492
144 615 21 254
186 186 70 186
144 254 492
254 490 186 144
254 227 495 254
186 70 186
254 462 462 254
254 651 597 932 186
492 144 254 254
254 665 665 137 254
254 144 186 186
144 186 144
254 282 254
186 450 458 254
254 21 174 254 254
254 932 492
254 186 492
144 186
254 256 492
492 107 216 254
254 355 254
144 186 490 254
492 152 492
254 433 144
144 144 254
492 121 254
254 115 254
186 144 186
186 492 144
492 154 492
254 41 115 492
186 186
254 41 115 492
144 121 186
254 62 427 162 186
492 254 492
144 492 186
492 950 492
254 490 186
492 152 186
186 144 492
492 612 492
254 144 492
144 144 492
254 366 254
254 462 254
144 186 490 254
144 254 492
254 226 212 152 254
186 144 144
254 227 495 254
254 453 932 186
254 254 186
144 254 254
254 490 186
144 254 186 186
254 21 174 254 254
492 144 144 186
254 355 254
254 252 174 254
254 115 254
492 678 492 186
492 950 492
254 115 254 433 144
186 70 186
186 433 364 433 186
144 283 254
186 450 458 254
254 21 174 254 254
254 226 186
492 186 186
254 493 283 256 492
254 21 174 254 254
144 254
254 1 254
254 651 597 932 186
492 678 492
492 162 186
254 144 144
254 254
254 144 254
492 144 144 186
254 144 144 254
144 492 144
254 144 144 254
254 665 665 137 254
254 490 186
144 186 490 254
254 84 492
492 152 458 254
144 186 152 254
186 144 186
186 70 186
186 62 186
254 107 99 82 186
144 186 186
492 615 492
144 144 186 490 254
254 186
254 107 99 82 186
254 665 254
186 272 186 433 186
186 256 254
144 492
254 186 144
254 31 23 41 254
492 165 492
254 180 254
144 254 186 186
492 678 492 186 186
186 272 186 433 186
186 654 186
254 492
492 162 186
186 531 254
254 74 254
186 152 186
186 283 186
144 283 144
254 74 254
254 282 254
186 186
144 615 492 254
254 490 186
254 492
254 932 254
254 453 932 186
144 144 254
186 256 254
254 665 254
144 186 62 186
254 180 256 254
186 82 186
254 490 186 144
144 186
492 186 433 144
254 186 492
492 121 492
254 216 254 492
186 272 186
144 492 144
144 186
254 144 254
254 152 186
144 186 144
144 492 186
254 282 254 420 186
144 144 186 490 254
254 345 254
254 152 186
492 144 144 186
144 254 186 186
254 165 492
144 254 186 186
254 41 115 492
186 492 115 254
144 615 492 254
144 433 186
254 62 427 162 186
186 144 212 296 254
254 31 23 41 254
254 144
254 859 212 492
492 678 492
254 433 254
254 180 366 152 254
254 665 254
254 433 144
186 433 364 433 186
492 144 144 186
492 678 492
492 144 492 144
254 21 174 254 254
186 433 144
186 144 144
186 272 186 433 186
254 226 186
144 254 186 186
254 186 186
254 41 115 492
254 345 254
254 186 490 186
254 462 462 254
254 345 254
144 144 144
254 462 462 254
254 427 950 492
144 166 144
254 651 597 932 186
254 77 121 254
186 492 115 254
254 186 490 186
144 186
254 186 490 186
254 462 462 254 254
254 186 144
254 493 254
254 31 23 41 254
254 186 490 186
254 186
254 165 492
254 227 495 254
254 186 492
186 345 254
186 144 186
186 82 186
186 272 186
492 121 492
492 186 433 144
144 186 345 186
144 212 70 186
254 173 256 254
254 62 427 162 186
144 186 152 254
254 180 256 254
144 144 186
254 144 254
186 450 458 254
254 31 23 41 254
254 642 254
186 254 254
254 31 23 41 254
186 254
186 186 70 186
254 427 950 492
254 420 254
144 212 296 254
254 216 254 492 254
254 254 186
254 186 490 186
144 186 62 186
254 665 254
254 41 115 492
254 433 254
186 272 186
186 82 186
492 612 492
254 433 144
186 490 186
186 433 144
186 272 186 433 186
254 216 254 492 254
186 450 458 254
254 420 186
144 492 254
254 493 254
144 144 254
186 492
254 186 186
254 433 144
492 144 144
492 154 492
186 283 186
254 859 254
186 492 115 254
254 153 107 162 186
492 152 186
254 371 132 252 254
144 186 490 254
254 227 254
492 152 458 254
492 152 492
492 107 216 254
254 282 254
144 144 186 490 254
254 427 950 492
254 345 254
254 371 132 252 254
254 462 254
254 490 186
492 144 492
144 144
254 216 254 492 254
492 950 492
144 492 186
186 492 115 254
254 142 254
144 144 492
254 186 490 186
144 186 186
186 186 70 186
254 21 174 254 254
254 932 490 212 144
186 186 186
186 474 186
186 62 186
492 154 492
254 492 144
254 355 254
254 651 597 932 186
254 226 212 152 254
254 152 186
144 144 186 62 186
254 144 186
254 174 254
186 152 254
492 144
254 282 254 420 186
144 615 492
254 226 212 152 254
144 492 144
254 453 932 186
144 433 186
492 115 42 492
254 492 144
186 82 186
254 427 950 492
254 227 495 254
186 254 254
144 212 296 254
254 651 597 932 186
254 226 212 152 254
254 355 254
186 254 254
254 226 186
492 678 492 186 186
186 363 121 492
492 152 186
186 144 144
492 144 254
186 345 186
144 186 144 144
254 23 254
144 254 254
254 433 144
254 186 186
492 144 144
254 254 186
254 115 254 433 144
492 115 254
254 144 144 254
254 144 186
492 678 492 186 186
254 490 186
186 186 186
186 420 531 254
492 152 492
144 186 490 254
186 433 364 433 186
186 256 254
186 144 144
254 458 254
186 254 254
254 345 186
254 256 492
492 144
254 142 254
254 493 254
492 144 492 144
254 665 254
144 283 144
144 144 254
492 144 492 144
492 144 254
254 165 492
254 492
186 450 458 254
186 531 254
492 678 492 186
144 212 296 254
254 41 115 492
254 366 180 254
144 433 254
254 21 174 254 254
254 144 144 254
254 366 254
492 107 216 254
492 121 492
254 1 254
254 62 427 162 186
254 493 254
186 492 144
186 272 186
254 651 597 932 186
254 345 254
254 859 254
492 162 186
254 174 254
144 121 186
492 186 186
254 371 132 252 254
254 492
186 144 212 296 254
492 615 492
254 216 254
254 21 174 254
186 345 254
254 211 654 340 254
492 152 458 254
144 254
254 932 254
186 420 531 254
186 272 186 433 186
492 678 492
144 283 254
492 678 492
492 615 492
186 450 458 254
254 441 254
254 256 492
492 121 492
254 186 186
144 186 152 254
254 492 254
254 186 492
254 173 256 254
186 152 254
254 282 254 420 186
492 115 254
254 21 174 254 254
492 678 492
254 252 174 254
186 433 186
254 107 99 82 186
254 211 654 340 254
492 186 450 458 254
492 950 492
254 492 144
144 254
254 493 283 256 492
492 510 492
186 474 186
254 74 254
254 282 254
254 216 254 492 254
492 115 254
144 186 152 254
144 144 492
254 21 174 254
144 186 144
492 144 492 144
254 859 212 492
254 216 254 492
254 165 492
492 950 492
254 252 174 254
144 283 254
492 152 492
254 462 462 254 254
254 254 186
186 531 254
254 441 254
492 144 492 144
254 427 950 492
186 492 254
144 254
186 152 254
492 115 254
186 152 254
186 474 186
186 492 115 254
144 254 254
144 186 152 254
492 152 458 254
186 272 186 433 186
186 433 364 433 186
144 186
254 21 174 254
186 363 121 492
144 283 144
254 180 256 254
254 144 492
492 115 42 492
254 355 254
254 144 492
144 254 492
254 859 254
492 152 492
254 227 254
254 107 99 82 186
144 186 144 144
492 121 492
144 433 186
254 216 254
254 186 492
144 144 144
492 615 492
186 152 186
254 74 254
186 490 186
254 420 254
254 144 144
144 492
144 144
186 450 458 254
254 256 492
492 186 450 458 254
492 678 492 186
492 950 492
492 144 492
254 462 462 254
186 254 254
186 492 144
492 152 492
186 144
492 612 492
186 82 186
144 254 492
254 433 254
186 654 186
254 462 462 254
254 282 254 420 186
492 186 186
254 433 144
254 493 254
186 492 254
254 254
492 152 186
492 144 492
254 216 254
186 144
254 345 186
254 1 254
492 144 254
186 490 254
492 186 433 144
492 107 216 254
492 115 42 492
492 144 492
254 227 254
254 173 256 254
186 283 186
254 144 186
492 510 492
492 144 254 254
144 254 186
254 77 121 254
144 283 144
186 144
186 144 144
254 492
254 180 254
254 665 254
254 256 492
254 144 186
144 615 492
492 144 492
144 492
186 254 186
492 165 492
144 492 186
186 82 186
186 152 254
254 144 144 254
186 490 186
492 186 433 144
254 227 254
254 345 186
254 144 492
144 186 490 254
492 254 492
144 283 144
492 186 450 458 254
254 433 254
186 226 254
254 493 254
492 144
254 211 654 340 254
254 186 490 186
144 254 254
144 144 144
186 254 186
144 615 21 254
186 531 254
492 678 492 186
492 186 186
254 226 186
144 144 186 490 254
254 493 283 256 492
254 493 254
492 144 254
186 82 186
254 462 254
492 152 458 254
254 433 144
186 82 186
254 340 254
492 254
144 254 254
254 186 492
254 462 254
254 932 492
254 1 254
186 226 254
144 144 254
254 859 212 492
254 859 212 492
492 115 42 492
492 254 492
254 345 186
254 493 254
144 254 186 186
186 254
492 144
186 144 492
254 493 254
186 492 115 254
492 283 492
254 490 186
186 226 254
254 144 254
186 492 144
254 144 254
186 152 254
144 186 144
186 363 121 492
254 144 186
144 144 186 490 254
254 651 597 932 186
492 510 492
186 70 186
254 144 186
492 678 492
144 144 144
254 115 254
254 186 144
254 427 950 492
144 492 144
186 492 144
186 144
492 950 492
186 490 254
254 21 174 254 254
186 283 186
254 420 254
254 433 144
492 144 254 254
186 272 186 433 186
186 186
254 665 665 137 254
254 180 254
186 490 254
254 282 254
186 144 212 296 254
254 186 490 186
492 254
186 492 115 254
254 186 186
144 144 186 62 186
492 115 42 492
186 186
186 144 144
254 115 254 433 144
254 41 115 492
492 678 492
186 492
186 186 186
492 678 492 186
254 492
254 180 366 152 254
186 283 186
254 345 186
144 492 186
144 492
254 932 254
254 144 144
144 254 186 186
254 180 254
254 492 144
254 490 186
186 433 364 433 186
144 254 492
254 77 121 254
492 186 450 458 254
186 254
144 254
144 121 186
254 371 132 252 254
254 366 254
254 186 144
144 144 144
254 665 665 137 254
186 492
144 186
492 678 492 186 186
144 254 186 186
254 453 932 186
144 186 144
492 510 492
186 254 186
254 433 254
254 932 254
254 74 254
186 70 186
492 186
254 216 254 492
492 254 492
254 441 254
254 77 121 254
144 283 254
144 254 186 186
254 144 186
254 226 186
144 492 186
254 665 665 137 254
186 433 364 433 186
254 186 144
254 41 115 492
254 462 462 254 254
492 144 492
254 932 492
144 186 62 186
186 420 531 254
254 216 254 492
254 340 254
492 144 254 254
254 144
144 254 186 186
186 144 144 186
186 144 212 296 254
492 254 492
144 186 62 186
144 615 21 254
186 272 186
254 462 254
144 254 254
254 252 174 254
254 642 254
186 492 115 254
254 441 254
254 211 654 340 254
144 254
144 283 254
254 144 144 254
186 345 186
254 144 144 254
186 144 492
254 256 492
186 82 186
254 932 492
186 144 212 296 254
254 490 186 144
186 433 186
144 186 186
186 490 254
254 115 254
492 144 254 254
492 144 144 186
254 41 115 492
254 493 254
254 462 462 254
492 115 42 492
254 665 665 137 254
492 254
144 283 254
144 433 254
186 433 144
254 226 212 152 254
254 462 462 254 254
254 180 256 254
492 283 492
144 254 254
144 254 492
254 1 254
254 173 256 254
254 252 174 254
254 256 492
254 115 254
186 283 186
254 254
254 153 107 162 186
254 107 99 82 186
186 433 186
254 216 254
186 654 186
186 144 212 296 254
144 186 144
254 932 492
144 186 490 254
144 186 62 186
186 254 254
254 345 186
144 615 492 254
254 144 492
144 492 144
492 152 458 254
186 186 70 186
186 433 144
254 462 462 254
254 211 654 340 254
254 345 186
254 186
254 144 144
144 492 186
186 62 186
186 345 254
254 340 254
144 254 492
492 152 186
186 492 115 254
492 678 492
144 144 186 490 254
254 186 492
254 340 254
492 186 186
254 256 492
186 70 186
254 186 186
254 144 186 186
254 420 186
254 252 174 254
254 180 366 152 254
254 441 254
144 186 62 186
186 144 186
186 186
254 252 174 254
254 216 254 492
186 433 186
186 363 121 492
254 216 254 492 254
186 144
254 144 186 186
186 490 186
254 115 254 433 144
186 254 186
254 174 254
254 345 186
254 186 144
492 254 492
186 70 186
254 932 492
254 932 492
186 363 121 492
254 366 180 254
254 371 132 252 254
492 615 492
144 212 70 186
144 254
144 144 186 490 254
254 174 254
492 615 492
254 345 186
144 186 152 254
254 115 254
254 186 186
492 107 216 254
254 651 597 932 186
144 254
254 453 932 186
186 152 186
186 70 186
144 186 186
492 254
254 366 254
492 162 186
492 186
492 144 254 254
254 226 186
254 932 492
186 363 121 492
254 216 254
254 227 254
254 366 254
254 932 490 212 144
254 453 932 186
186 144
186 654 186
144 144 144
254 282 254
186 492 254
254 180 366 152 254
144 144
492 165 492
144 121 186
186 345 186
254 932 492
186 186 186
254 216 254
492 107 216 254
254 492
186 144
492 144 254 254
254 211 654 340 254
492 186 450 458 254
186 433 186
254 254 186
254 216 254 492
254 180 254
254 21 174 254 254
492 121 254
186 144 144
254 173 256 254
492 186 433 144
144 186 144 144
186 144 212 296 254
492 144 254 254
254 462 462 254 254
144 433 186
254 453 932 186
186 226 254
492 165 492
144 144 186 490 254
254 345 254
492 115 42 492
492 121 254
186 345 186
254 144 144 254
186 490 186
254 21 174 254 254
144 254 254
254 462 462 254 254
254 932 254
144 144 492
254 340 254
492 615 492
186 474 186
144 615 21 254
144 492 144
186 82 186
254 107 99 82 186
254 462 462 254
144 492 186
254 256 492
254 345 254
144 186 345 186
492 115 254
254 859 254
492 678 492
254 420 254
254 180 366 152 254
144 186
254 462 462 254
144 212 296 254
254 651 597 932 186
186 420 531 254
254 345 186
492 115 254
144 186 186
254 174 254
254 492
144 254 186
492 678 492 186 186
492 115 42 492
186 152 254
254 665 254
254 492 144
254 180 366 152 254
492 144 254
254 144 186 186
186 474 186
492 107 216 254
186 531 254
492 254
144 186 144
254 355 254
254 254 186
254 165 492
254 216 254 492
492 152 186
492 678 492 186 186
144 144
186 256 254
254 433 144
254 492 144
186 345 186
144 254 186 186
186 144 492
144 212 70 186
144 186
144 186 186
144 283 144
492 152 458 254
186 226 254
144 121 186
254 216 254 492
254 420 186
186 144
492 121 492
186 345 186
254 1 254
186 345 254
186 144 144
254 115 254 433 144
254 932 254
144 186 144
186 186 186
144 186 345 186
144 492
254 462 462 254 254
254 1 254
254 366 254
492 186
186 345 186
144 144 254
186 254
254 932 490 212 144
254 420 254
492 144 492
254 107 99 82 186
186 144 492
186 433 186
254 462 462 254
254 227 495 254
254 153 107 162 186
254 31 23 41 254
254 227 254
144 283 254
186 152 186
144 144 186 62 186
254 651 597 932 186
144 254
186 144 144
186 144 144 186
144 492 186
254 932 254
186 144 212 296 254
186 283 186
144 254 254
254 226 186
492 615 492
254 420 254
492 107 216 254
254 21 174 254
144 254 254
492 115 254
492 950 492
254 932 490 212 144
492 254 492
144 615 492 254
254 453 932 186
492 144 492
492 144 254 254
254 144 186
186 144 492
186 433 144
492 144 254 254
254 256 492
254 144
144 254 254
144 254
186 254 186
254 493 254
186 272 186 433 186
254 41 115 492
254 490 186
254 433 144
144 186 490 254
254 74 254
144 166 144
492 186 450 458 254
186 272 186
144 186 62 186
144 186 144 144
254 21 174 254
254 492 144
144 615 492 254
254 490 186 144
492 612 492
492 186 450 458 254
254 41 115 492
254 21 174 254 254
254 107 99 82 186
492 115 42 492
254 186 186
144 254 186 186
144 492
492 144 144 186
254 462 254
254 462 254
186 186 70 186
254 21 174 254
186 492 115 254
254 1 254
254 84 492
186 272 186
186 345 186
492 254
144 144 144
492 186 186
144 186 345 186
254 462 462 254
186 186 186
492 152 458 254
186 433 144
254 453 932 186
254 490 186 144
254 252 174 254
492 186 433 144
144 254 254
186 152 186
186 254 254
254 211 654 340 254
254 216 254 492 254
186 70 186
144 212 296 254
254 216 254 492 254
254 366 180 254
254 21 174 254
144 144 186 490 254
254 340 254
492 152 492
254 462 254
492 144 492
144 144 186 490 254
254 107 99 82 186
492 152 492
254 186
144 144 254
254 186 186
144 186 144 144
186 345 186
492 950 492
186 144
492 283 492
186 654 186
254 282 254 420 186
144 144 186
492 144 492
492 115 254
186 490 186
144 186 62 186
254 226 186
254 142 254
254 651 597 932 186
186 272 186 433 186
186 254 186
492 162 186
144 186 490 254
254 142 254
144 492 144
254 345 254
144 186 144
144 144 144
144 615 492 254
254 186 490 186
492 154 492
254 859 212 492
254 31 23 41 254
254 462 462 254 254
492 144 144 186
254 115 254
144 254 254
254 932 254
254 216 254 492 254
254 186 186
254 152 186
254 144 492
254 21 174 254
254 186 144
144 492
492 186 186
186 70 186
186 186 70 186
492 678 492 186 186
144 186 62 186
254 153 107 162 186
254 665 665 137 254
186 152 254
144 144 186
254 152 186
492 152 458 254
492 48 492
144 144 186
254 180 256 254
492 107 216 254
492 186 186
492 186 433 144
492 152 458 254
254 144 144 254
144 433 254
186 186
144 615 21 254
144 186
254 462 462 254
186 144 144 186
254 651 597 932 186
492 612 492
492 152 492
254 282 254
254 859 212 492
144 283 144
186 272 186
492 48 492
254 492 254
492 510 492
254 84 492
186 433 144
254 180 256 254
492 510 492
186 70 186
492 144 492 144
186 144 212 296 254
186 492 254
144 492 254
254 41 115 492
492 154 492
144 254 186 186
254 441 254
492 115 254
254 152 186
186 152 254
492 144 254
186 82 186
186 144 492
492 950 492
254 366 180 254
254 462 254
144 121 186
144 615 21 254
144 254 186 186
186 283 186
254 345 254
254 144 492
492 186
186 144
492 678 492
254 932 490 212 144
492 186 186
254 492 144
186 62 186
254 282 254 420 186
492 186 433 144
492 144
254 142 254
254 216 254 492
144 144
254 153 107 162 186
186 272 186
254 144 254
254 227 254
492 950 492
492 165 492
186 345 254
144 144 186
254 216 254 492
186 144 492
254 216 254
254 420 186
492 678 492 186 186
254 144
144 186 186
254 420 186
492 115 42 492
254 144 254
492 165 492
144 254 254
144 492
254 144 186
254 211 654 340 254
254 165 492
186 82 186
254 345 186
186 272 186
186 272 186 433 186
186 144 492
186 531 254
254 180 254
254 252 174 254
144 212 70 186
492 48 492
254 144
144 492 144
254 21 174 254
254 433 254
254 107 99 82 186
186 144 186
492 144 492 144
254 84 492
186 62 186
254 355 254
254 226 186
254 366 254
254 74 254
186 492 254
254 216 254 492
254 216 254 492
186 433 364 433 186
254 216 254 492
254 144
492 950 492
254 441 254
254 493 254
144 144 144
144 166 144
254 62 427 162 186
254 211 654 340 254
144 144 186 490 254
254 227 495 254
254 144
492 144
492 510 492
492 144 254
254 115 254
254 490 186 144
144 433 186
254 84 492
186 492 254
254 366 254
254 490 186
186 492
492 121 254
186 345 186
186 144 212 296 254
492 678 492 186
254 77 121 254
144 166 144
492 950 492
254 433 144
254 186 144
254 180 256 254
144 254 186
144 254 186
186 283 186
492 152 186
492 678 492 186
254 227 495 254
254 427 950 492
254 144
186 654 186
492 144 492 144
144 121 186
254 216 254 492
492 121 254
254 420 254
144 186 490 254
254 1 254
254 144 254
492 615 492
492 678 492
492 121 492
186 492
254 165 492
186 345 254
144 144 186 490 254
254 226 186
492 186 450 458 254
186 363 121 492
144 166 144
492 154 492
254 142 254
144 212 70 186
186 186
186 363 121 492
254 174 254
254 115 254 433 144
186 492 115 254
254 174 254
186 490 186
254 173 256 254
254 23 254
492 107 216 254
492 107 216 254
254 186
254 180 256 254
254 366 254
186 433 186
492 121 254
186 433 364 433 186
186 531 254
254 441 254
492 144 492
254 180 366 152 254
186 144 186
186 492 144
254 21 174 254
254 180 256 254
144 433 254
492 950 492
186 152 254
254 462 462 254 254
254 227 254
254 165 492
254 433 144
254 226 186
254 23 254
254 366 254
492 152 458 254
492 144 492 144
254 932 254
186 256 254
492 121 254
254 254 186
254 144 186
254 642 254
144 144 186 490 254
144 615 21 254
186 283 186
186 272 186 433 186
186 152 254
492 121 254
144 492
186 474 186
254 144 492
254 492
492 283 492
254 345 254
492 115 254
492 115 42 492
144 615 492
254 665 665 137 254
144 144
254 144 144 254
186 490 186
254 665 254
254 180 256 254
144 254 492
492 254
254 256 492
492 115 254
144 492 186
492 144 492
254 227 495 254
254 433 254
254 256 492
144 615 492
254 21 174 254 254
254 21 174 254 254
492 186 433 144
144 433 254
254 186 144
254 211 654 340 254
254 252 174 254
254 152 186
254 186 492
254 642 254
186 186 70 186
186 492 115 254
144 283 254
492 107 216 254
492 283 492
254 31 23 41 254
186 144 186
186 152 254
492 254 492
492 950 492
254 859 254
254 165 492
144 144
254 859 254
144 212 70 186
492 144 254
186 492 115 254
144 144 144
492 48 492
254 180 256 254
492 186
254 462 462 254 254
492 154 492
186 420 531 254
254 366 254
254 115 254 433 144
144 283 144
254 144 186 186
492 283 492
254 144 254
144 492 144
144 492
254 62 427 162 186
254 226 186
492 165 492
144 212 296 254
254 420 186
186 186
492 115 42 492
186 450 458 254
186 186
186 186 186
144 492
254 107 99 82 186
254 144 254
254 282 254 420 186
254 226 212 152 254
254 252 174 254
144 144 492
254 366 180 254
186 186 186
254 458 254
492 121 492
186 144 492
492 144 492 144
254 458 254
186 62 186
254 180 366 152 254
492 678 492
254 340 254
492 152 492
254 41 115 492
492 678 492
186 82 186
492 154 492
254 453 932 186
254 144 144 254
144 186 152 254
144 433 254
254 165 492
254 152 186
254 216 254 492 254
186 490 254
254 490 186
254 180 366 152 254
144 492
254 144
144 186 490 254
186 433 186
254 492
254 665 665 137 254
254 492
186 474 186
144 186 490 254
186 226 254
186 492
254 453 932 186
186 433 144
186 492
254 186 490 186
186 70 186
254 427 950 492
186 272 186
144 186
186 474 186
492 254 492
254 186
186 70 186
254 227 254
144 212 296 254
144 186 62 186
254 859 254
254 77 121 254
254 651 597 932 186
186 226 254
254 174 254
492 615 492
144 144 254
254 462 462 254 254
186 152 186
492 162 186
254 144 492
254 107 99 82 186
492 283 492
254 144 144 254
492 186
254 462 254
144 615 21 254
254 441 254
492 678 492
254 665 254
144 144 492
186 186
492 678 492 186
144 615 492 254
254 62 427 162 186
186 152 186
144 615 492
144 254 186
144 186 152 254
186 433 144
492 144 144
186 152 186
492 152 492
254 282 254
254 651 597 932 186
186 254 254
254 144 492
492 612 492
254 492 254
492 186 186
254 227 495 254
144 186 144 144
254 227 495 254
492 186 433 144
492 510 492
186 474 186
492 115 254
254 226 186
254 77 121 254
186 254 254
144 283 144
492 144
254 490 186 144
254 462 254
254 441 254
254 282 254 420 186
144 144 254
186 144 212 296 254
186 144 492
254 31 23 41 254
254 665 665 137 254
186 490 254
492 950 492
254 458 254
254 144 186
254 144 254
492 186
144 121 186
186 144 144
492 144 144 186
144 144 254
492 115 42 492
254 345 186
254 492 254
186 226 254
492 678 492
186 272 186 433 186
144 254 492
254 492 144
254 490 186
254 932 490 212 144
254 420 254
186 82 186
492 254 492
186 144 212 296 254
254 665 665 137 254
492 121 492
492 121 254
254 355 254
144 433 254
254 340 254
186 492 115 254
186 433 144
254 144
144 615 21 254
254 932 492
254 441 254
254 186 186
492 154 492
254 441 254
144 283 254
492 121 492
144 144 186
254 84 492
186 144 212 296 254
254 74 254
254 492 254
254 355 254
254 186
254 144 186 186
186 492 254
144 254 254
254 227 254
492 678 492 186
492 950 492
144 615 21 254
254 226 212 152 254
254 492 144
492 121 254
254 252 174 254
492 152 186
254 115 254
254 492 254
186 433 144
254 427 950 492
144 186 186
254 462 462 254
492 612 492
492 186
492 186 450 458 254
144 254 186
492 154 492
254 180 256 254
492 152 492
254 226 212 152 254
186 492 115 254
254 282 254 420 186
492 144 254
144 254
144 492 144
144 433 254
254 859 254
492 254 492
254 144 144 254
144 186 144
254 859 212 492
186 433 364 433 186
254 186 144
144 615 492
144 615 21 254
254 211 654 340 254
144 615 492
254 433 144
492 144 254 254
254 366 180 254
492 162 186
144 186
144 166 144
254 41 115 492
144 492 254
254 144 186 186
254 492 144
144 144 186 490 254
144 212 296 254
254 366 180 254
144 144 144
144 254 186
144 212 70 186
254 355 254
186 70 186
492 950 492
254 84 492
254 453 932 186
254 153 107 162 186
186 433 364 433 186
144 144 144
492 115 254
254 186 490 186
254 23 254
144 186 144
254 115 254 433 144
254 144 144 254
492 615 492
186 82 186
186 144 212 296 254
492 254 492
254 144
492 283 492
144 144 144
254 21 174 254
254 282 254 420 186
254 216 254
492 144 254
144 615 21 254
254 254 186
144 121 186
254 144 186 186
186 492 115 254
254 252 174 254
254 492
144 254 254
254 433 144
144 492
144 144 254
254 107 99 82 186
144 144 254
492 162 186
492 678 492
254 144 144
254 77 121 254
492 510 492
186 283 186
186 433 186
254 492 144
492 186
254 441 254
254 144 254
492 144 254
144 254 186 186
186 450 458 254
254 256 492
254 651 597 932 186
492 254 492
144 121 186
492 144 492 144
144 186 186
186 226 254
254 493 254
144 254
254 31 23 41 254
254 144
254 41 115 492
186 492 254
254 186
254 77 121 254
186 272 186 433 186
492 186 433 144
254 256 492
254 490 186
254 144 492
254 186 492
254 651 597 932 186
254 492 254
254 493 283 256 492
254 216 254 492
254 21 174 254
254 932 492
144 492 186
144 212 70 186
144 433 254
254 492 254
254 254 186
186 62 186
144 492 254
186 433 186
492 162 186
492 121 492
254 173 256 254
254 41 115 492
254 366 180 254
492 615 492
254 493 254
186 226 254
492 144 254
254 282 254 420 186
254 254
144 212 296 254
144 492 144
254 21 174 254
254 282 254 420 186
186 492 254
254 180 256 254
254 458 254
492 186 433 144
186 492 144
254 433 254
186 144 492
254 665 665 137 254
492 186 186
492 186 450 458 254
144 615 21 254
492 121 492
254 932 254
492 144 254 254
254 21 174 254
254 165 492
144 166 144
254 144 254
254 186 490 186
144 166 144
492 115 42 492
186 531 254
144 121 186
144 254
254 252 174 254
254 252 174 254
254 31 23 41 254
186 433 364 433 186
144 186 490 254
492 115 254
492 254 492
186 654 186
186 144
144 492 144
254 433 144
492 283 492
492 254
254 23 254
254 371 132 252 254
492 612 492
186 531 254
492 144 254 254
492 186 186
144 212 70 186
492 144 254 254
254 74 254
254 180 254
144 433 186
254 180 256 254
254 254
186 144 212 296 254
492 152 458 254
492 186 433 144
186 152 254
254 254
144 186 144
254 152 186
186 492 254
254 462 462 254 254
254 427 950 492
144 144 492
254 144 144 254
144 144 144
144 186 144
144 186 152 254
254 366 180 254
254 180 256 254
254 433 144
254 144 144
186 82 186
254 254 186
186 474 186
492 254 492
254 345 186
492 186 433 144
254 420 186
186 345 254
186 492 115 254
254 174 254
254 366 180 254
254 211 654 340 254
186 254
186 531 254
254 932 254
144 433 186
254 492
144 186 490 254
254 41 115 492
144 254 492
254 227 254
492 165 492
492 186 433 144
492 152 458 254
492 165 492
186 186 186
186 490 186
254 107 99 82 186
144 144 186 62 186
186 62 186
144 254 186 186
254 186 186
186 474 186
254 186 144
254 252 174 254
186 363 121 492
254 186 144
254 31 23 41 254
144 144 254
254 174 254
492 115 42 492
492 510 492
254 490 186
254 490 186 144
492 186 186
186 186 186
254 180 366 152 254
254 62 427 162 186
144 492
492 152 186
144 254 492
254 186 144
254 227 495 254
144 144 186 62 186
254 665 665 137 254
254 115 254 433 144
492 186 186
144 615 492
254 642 254
144 186 152 254
254 153 107 162 186
492 144
144 433 254
254 226 186
254 642 254
492 144 144 186
254 226 186
144 615 492 254
186 474 186
186 144 144
492 162 186
254 186 186
254 254
492 121 492
254 345 254
186 450 458 254
254 216 254 492
254 180 366 152 254
144 144 186 62 186
186 345 186
254 665 254
186 490 186
254 211 654 340 254
186 144 144
144 254
254 227 495 254
492 612 492
144 186 186
254 345 254
186 144 144
254 345 254
492 678 492
186 254 254
492 186 433 144
254 433 254
144 144 492
254 144 144
254 492 144
254 420 186
492 144
254 420 186
144 615 21 254
186 152 186
254 165 492
254 21 174 254 254
254 453 932 186
254 427 950 492
144 492 254
144 186 144
492 678 492 186 186
186 492
254 211 654 340 254
144 254 186 186
492 165 492
186 256 254
254 441 254
186 152 254
254 492
254 282 254
186 144 186
254 186 186
254 144 186 186
144 492
254 144 492
254 492 144
492 612 492
144 186 345 186
492 186 433 144
254 115 254
186 492
144 144 186 62 186
254 74 254
254 180 366 152 254
186 256 254
254 493 254
254 180 366 152 254
492 144 144 186
144 186 144 144
