41 107 41
196 200 206 820
776 198 31 198 196
94 207 908 204
94 593 94
204 820 593
128 94 955 128
974 593 908
776 936 776
41 908 776 94
94 533 201 917
94 918 974 918 820
51 593 41 128
776 409 128
128 205 196 204
820 955 955 593
820 908 199 94
917 593 776 41
908 95 197 207 820
908 776
51 346 342 776
51 593 128
41 205 204
974 918 207 207 128
908 200 94 41
196 776 917
196 971 196
593 51 199 776
820 100 820
820 581 41 51 908
908 776 776
41 121 51
204 776 95 205 204
205 498 92 336 41
205 167 776 204 205
51 205 167 95 776
820 918 51 593
820 204 51 751
593 199 776
94 776 776 776 196
41 199 95 204
128 526 199 206 908
41 917 593 955
128 333 172 128
820 820 970
593 918 593
861 350 94 94
204 206 593
593 51 820
41 820
128 79 205 196
820 776
918 196 94
751 206 14 196
908 593 908
820 41 460 41
820 342 907 593
918 974 918 820
820 283 820
593 918
955 197 593
917 196 41
908 197 820
593 94 196
205 51 41
128 36 128
128 974 128
974 593 822 908 51
204 172 207 41
128 215 41
94 205 908
970 917 970
820 206 936 776 593
593 917 196
128 955 205
128 917 918 94
820 955 205 917
820 198 205
204 201 918 204
917 204 41
128 198 290 198 128
94 94 94
955 593 908
820 974 94 128
204 204 820
917 204 176 204
204 908 199 205
196 201 776
128 11 128 593 196
41 917 200 51
593 196 776
205 593 936 776
196 95 204
94 95 123 95 918
41 198 196
918 232 918
128 388 128
204 199 206 751 820
205 196 917 204
41 165 41
94 918 167 128
94 198 196
593 94 974 593
593 206 200 94
41 352 191 346 128
908 206 204 51
94 198 196 51
820 159 820
196 205 955 820 955
917 196 207 196
41 483 205
94 41 201 196
974 94 350 94 94
917 196 128
51 918 918 776
94 342 593
41 204 908 917
751 167 200 199 917
820 168 820 204
205 198 205 917 51
593 197 201 198 51
41 206 908
205 93 128
204 200 41 207 820
776 749 167 593
593 917 820 974
970 917 128 79 128
776 65 307 85 51
128 917 51
918 41 776
820 41 282 196
205 955 820 445 917
917 94 86 152 128
196 198 593
51 205 820
974 128 955 820 751
94 95 204
908 205 41
593 199 199 776
51 205 557 128
908 207 820
196 206 196 205
820 918 206 196
820 167 820
593 128 751 820
205 128 95 94 94
970 820 95 917 776
41 776 95 908 776
41 63 283 494 593
196 204 196 918 776
128 486 51
751 206 51 751
128 41 199 94
917 776 917
908 918 51 41
51 593 918 204
128 199 205 917 196
776 776 377 918
205 199 218 196 593
41 94 200 204
820 917 197 908
776 918 974
204 199 41
204 203 196 200 94
820 51 751 128
128 557 201 200 908
955 94 593
820 918 776
128 908 95 51 593
918 199 205
955 593 167 196 51
205 167 206 51
128 955 593
94 917 94
751 51 751 51
196 917 201 51
128 95 203 167 205
593 197 95 41
820 970 51 167 918
918 593 955 94
51 109 51 95 917
908 917 207 918
128 593 199 205 94
204 936 955 593
196 205
128 167 201 917
776 200 201 167 204
128 30 128
776 198 94
593 201 196 204
205 908 204 51
908 908
196 196 128
94 908 205
917 27 917 51
41 546 936 593
820 918 820
820 154 820
593 350 94
593 776 908
918 201 94
94 294 377 593
128 204 196
41 202 201 593 128
593 776 204
41 917 593 776 41
51 201 199 201 908
196 908 908 908 51
776 936 593
917 200 908 51
128 79 79 128
51 196 908
51 918 908 908
128 204 908 918 51
94 214 207 199 204
51 95 917
41 776 201 196 94
41 801 820
917 908 593
955 205 167 206 51
908 278 908
41 128 343 128
918 593 917 196 820
41 200 41
593 197 128
128 205 955 593 974
204 41 199 205
776 593 204 205
974 820 593
128 128 820
861 350 204
204 203 41
204 94 483 205
41 166 41
128 593 776
41 28 434 199 51
94 377 959 377 918
593 820 955
51 820 483 205
205 160 51 908
204 203 776 167 918
128 167 820
917 205 206 41
820 974 128
41 197 955 205
128 198 94 593
128 198 94 593 204
51 917 593 918
908 201 908
94 918 917 41
776 776 203 83 128
908 207 918 974
128 200 198 204
128 327 327 820
917 94 974 820
820 424 304 303 128
974 128 204 204
196 199 95 196
970 917 593 918
41 196 205
196 918 94
51 204 917
128 200 908
51 280 168 203 128
917 205 198 205 196
51 201 205
204 41 751 128
128 203 95 41
128 974
196 200 918
820 751 820 970 51
918 917 820
51 13 327 820
51 197 128
196 95 94 974
94 974 917
41 256 255 295 128
51 751 41 908 94
917 199 918
820 197 51
820 820 200 204
820 801 41 198 593
908 918 196 205
751 206 196 908 128
593 198 51
128 974 94
820 776 94
908 124 51
820 593 907 593
51 908 205
970 820 776 342 94
51 196 593 176 593
196 917 94
776 95 205 204
41 197 41 776
196 820 970 820
820 346 168 198 51
205 95 205 94
128 526 128
917 207 128
918 908 776
94 198 94
820 199 908
974 593 908 918 51
593 820 917
204 196 14 776
593 214 191 343 128
128 343 207 196
41 94 201 205
204 51 970
917 27 917
128 917 41
204 201 51
196 207 207 128
820 776 65 53 128
593 936 593
94 486 377 593
918 94 917
917 128 917
205 51 167 94 94
205 483 424 820
204 820 776 377 918
820 86 41 917 593
51 740 51 205
908 918 593 94
918 201 207 128 204
908 200 593
196 200 196
41 820 51 204 204
51 445 917 593
196 167 526 199 776
196 128 557 917
820 143 196 205
776 201 94 205
204 377 577 377 918
128 283 204
820 196 204
128 199 196
917 94 207 908 204
908 41 94
41 86 820
918 128 346 820
776 196 917
204 196 918
955 955 128 820
51 167 936 955
94 320 483 917
41 908
205 196 201 196
955 820 445 917 820
204 196 218 196
51 199 776 199 205
205 908 593
205 198 128
918 377 918
204 908 41
196 593 128
917 776 917 200 776
974 94 593
204 198 434 203 196
41 143 51 751 41
51 198 201 51
128 16 128
820 203 776
955 197 196
593 955 94
593 918 41 801 41
908 197 128
820 424 172 204
51 908 205 593
820 53 440 94
204 95 820
917 200 820
128 53 167 200 196
593 128 128
917 557 128
41 776 749 820
917 128 333 172 128
974 917 95 776
196 200 198 820
51 201 41
593 94
974 94 94 908
820 422 513 422 820
974 94 196
51 917 94
593 198 776 917
196 205 204
908 908 278 486 820
94 320 94 917 94
51 205
128 206 202 201 51
204 51 917
820 342 820
196 199 205 820 205
918 200 917 94
820 202 41 51
128 41 206 41
205 198 51
776 94 350 320 94
94 204 41 93 205
41 95 776
908 200 917 593 918
205 498 593 41
204 196 593
776 200 95 917
776 198 207 196
205 593 14 205
820 593 918 917
41 776 204
820 128 205
918 196 206 593
196 204
908 776 94 94
776 199 94
918 199 917 205
917 94 199 204
41 202 41 41
751 41 199 776 820
128 200 94 918
41 196 593
593 776 41
41 232 204
861 350 94
51 199 776
205 198 205 196 205
593 918 204
128 820 205 79 128
820 171 333 165 128
205 908 917 207 918
593 41 204 908
51 280 130 121 41
593 908 205
918 908 204 41
955 593 198 205 41
41 612 248 218 94
820 918 41 917
196 593 917 94
918 776 196
820 908 205 196
205 820 196
908 207 128
51 172 51
41 95 204 203 776
776 203 167 196
955 593 204
776 94 820
820 215 128
128 199 205
908 204 41 204 917
205 557 445 128
128 201 908 124 51
196 51 918 206 94
51 820 917
41 165 27 51
205 196 776
196 776 94
204 201 198 593 955
94 199 41
820 162 820
41 205 51
205 908 128
908 278 486 820
820 28 486 820
918 197 41
128 95 94
204 205 197 908 196
128 205 917
41 196 196 128
41 204
917 201 205
204 41 820 23 128
593 167 751
204 581 41
908 908 199 41
204 205
128 918
751 128 51
908 918 196
776 820 201 128
128 908 197 593
918 204 917
196 94 593 128
196 820 204 908
917 204 918
974 918 196
820 346 409 118 51
128 204 94 201 94
41 908 776
51 27 128
917 207 200 196 908
820 482 820
204 200 581 820
196 908 918
593 198 200 908
128 86 69 667 128
908 95 143 41
776 204 51
196 207 917
196 197 198 51
908 205 204
41 593 94 196 776
94 204 917
751 820 970
908 94
204 917 197 205
128 327 327 128
196 917 776
128 28 41
205 557 201 206 94
204 593 974 128 820
128 593 908
204 593 908
593 41 205
41 93 417 443 820
51 198 197 593
917 204 820
820 79 581 51 917
128 254 41
205 593 482 820
204 196
128 204 41
94 593 196
51 95 204 167 205
820 199 776
917 205 41 197 955
917 94 974 917
776 199 94 918
94 196 41
51 109 51 51
918 918 128
41 87 974 820
918 14 128 918
751 206 1000 918
776 918 776
51 201 918 197 955
41 128 908 128
593 918 974 918 908
51 133 820
593 14 776 41
918 593 936 955 820
205 820 820 207 41
41 206 200 917
128 917 94
918 199 197 908
128 169 254 41
94 205 908 908 41
196 196 206 94
51 740 51 205 41
94 820 15 820
128 388 390 13 128
918 51 970 820
128 93 204
593 200 918 917
94 776 776
917 41 593
204 204 51
751 206 751
593 820 917 51 204
820 970 820
51 908 820
820 918 908
918 128 593 196
917 200 204
94 199 776
820 200 820
205 196 205
128 205 917 128 820
41 918 204 918
51 196 593
128 955 955 94
205 172 413 13 128
776 200 593
918 95 203 199 918
820 201 41 198 41
917 51 201 917
41 94 974
205 206 128
820 51 198 196
94 974
751 167 820 128
94 200 204 593
94 204 776
94 918 908 200 94
918 51 593
204 581 205 196
205 917 970 917 128
908 776 206 918
41 751 128 204 204
593 41 205 908
593 200 41
593 350 204
918 196 205
820 5 820
94 176 204
918 200 128
917 970 546 256 41
776 204
41 917 918
94 206 128 955
820 445 5 218 196
917 204 200 94
204 206 205
918 593 41 593 94
128 593 142 41 820
820 201 196 917
128 355 183 128
204 581 820
41 917 593 776
908 200 65 51
196 820 128
128 918 974 820
128 593 918
41 23 41
51 200 94
128 226 218 128
41 196 776 917
593 908 206 94
908 197 593
205 196 204 593
94 908 917 167 751
820 93 197 41
128 79 79 128 204
41 820 205 196
41 232 51
41 23 409 207 41
908 776 94 908 204
593 822 593
593 974
128 593 204 200 51
128 94 918
196 51
593 974 94
593 776 776 94 776
593 200 918
593 918 820
94 196 776 94
41 47 820
204 196 200 820
51 346 51
955 128 128 955
820 95 200 196
776 936 955 128
51 141 81 128
94 201 820
593 200 593
41 198 204 917
970 51 51 820
776 199 850 199 918
593 95 820
974 593 917 196
94 955 955
205 820 196 95 94
917 820 776
820 917 94 128
776 94 593 95 204
128 203 820
196 95 593 918
51 918
917 206 51
917 204 95 128
776 201 918
820 133 201 204
51 200 200 918
918 776 918
128 917 918 820
593 482 14 918
593 199 205 94
820 94 95 94
51 204 205 498 51
593 340 143 128
908 200 593 908 41
908 820 970
128 908 908
196 197 955
820 41 5 820
955 205 160 51 908
820 95 942 95 776
955 593
41 205 593 41
955 936 204
593 206 94
908 204 200 918
751 51 820
593 94 204
51 409 51 970 917
974 94 214 128
820 445 848 445 820
41 197 197 955
908 908 197 41
196 908 908 908
908 205 167 205
94 94 917
820 486 820
41 917 974
820 327 173 41
917 200 776
204 917 593
820 751 51 201 820
593 974 917
974 918 128 918 128
41 776 593
908 917 776 41
955 936 232 204
820 421 460 41
918 776 167 593
196 776 167 51
41 201 64 128
128 201 820
94 515 593 128
205 204 196 94 196
204 917
908 197 820 254 820
820 751 41
820 79 128
593 199 377 593
128 300 128
593 196 820
204 205 197 205
820 445 917 820
196 918 917
51 199 51
94 199 204 918
917 776
593 199 918
974 94 204
908 908 776
196 51 751 820
908 199 197 820
820 955 955
41 198 128
820 199 41
776 409 497 581 51
917 970 820
917 207 918
918 776 196 198 41
917 483 820
917 167 751 41
128 172 14 167 593
51 593 918
820 336 13 128
128 917 918 917
51 917 204
205 199 128
917 196 128 196
908 196 196
205 79 51 205
41 207 207 918
128 256 820
918 196 908
205 167 776
820 201 167 749 776
908 201 207 820
196 204 917 51
918 94 94 908
593 205 94
205 41 204
908 196 776 936 955
196 94 94
918 94 205
204 206 204 918
128 918 908
41 205 593
94 167 196 918 820
128 93 95 918 820
94 342 776
94 167 776 593
128 751 51
196 593 908 908
593 776 196
94 351 172 169 128
51 917 974 917
41 51 970
41 776 918
820 47 483 128
196 204 917
41 94 776
94 204 204
593 955 205 593
918 51 205 557 205
51 201 918 776 918
917 51 201 917 820
820 593 918 908
917 206 196 51
593 197 908 820
955 820 751
196 198 776 94
593 936 955 205 908
128 127 130 290 128
593 918 776
776 918
820 618 662 62 820
196 94 776
204 51 970 820
918 51 41 908
908 204 581 205 128
917 974 917
918 128 593
51 908 41 918
820 593 974 593 820
820 917 205 908
908 197 917
955 593 197 918
51 581 205
128 205 908 204
128 128 955 955 955
974 593 776
776 593 204
593 974 820 180 41
205 593 482 41
974 593 197 128
205 198 199 205
820 908 196
908 918 776 201 41
593 955 820
196 205 199 196 820
41 820 51 204
196 593 776 908
776 201 94 205 204
128 593 41
917 205 79 51
128 220 215 150 820
51 204 93 86 94
820 51 41 776
41 203 14 205
41 196 908
917 95 776
908 205 196 51
970 917 974 917
128 340 167 593
128 278 168 13 820
917 206 94
918 197 196
918 917 970 820
974 94 494 544 820
128 14 593 204
593 41 232 95 205
128 918 128
128 918 95 593 908
917 820 932 820
820 908 94 917 820
820 199 908 776
593 955 955 955
205 917 196
196 51 917
974 917 206 204 94
128 200 196
918 128 918
751 206 284 14 41
51 204 918 128
917 918 41
94 196 94 955
41 85 41
41 206 205
974 128 204 204 51
820 751 820
204 908 204 201 205
593 41 94 200 204
128 751 820 801 820
128 128 343 128
820 128 94
128 201 908
593 907 851 907 593
94 776 917 918 908
128 918 776
204 141 204
205 206 41
820 644 820 128 94
918 128 908
196 94 128
94 198 196 820
593 377 128
918 908 200 94
908 395 296 107 820
128 970
196 205 95 128
820 201 342 129 128
204 776 749 776
51 95 917 204
776 200 206 820
94 918 974
776 65 53 128
41 820 23 128
205 917 970
128 200 908 917
917 205 204 917
918 94 820
917 51 51
918 917 51
820 593 776
94 974 917 205 204
908 205 196 205
908 95 377 128
776 206 207 196
128 343 128
908 197 41
41 196 94 593 128
51 557 917 820
94 917 201 128
908 205 908
751 6 204 41 751
593 907 907 180 820
776 908 908 128 593
51 198 128 87 820
94 167 206 128
918 974 918 908 205
128 198 201 205
205 820 197 917 593
196 199 908 918
204 205 41 197 128
776 206 918
908 592 241 498 51
94 593
196 94 918 128
204 95 205 41
593 955 955
94 593 128
94 494 544 820
970 128
41 199 918
918 908 908 776
593 917 41
776 593 974
128 419 113 114 820
917 970 917 196
970 820 94 41
128 204 908 918
205 917 974 917
128 918 917 94
593 908
204 51 751 51
918 199 196 205
908 197 41 201 51
94 199 204
41 593 201 197 593
918 1000 918
918 201 207 41
41 198 198 205 51
196 51 751
41 918 196 205
94 196 908 205
820 751 820 970
128 36 128 388 128
820 204 205
917 776 196 196
776 94
128 41 206 41 751
204 917 51
205 593 196
205 908 206 196
820 917 94
128 15 362 128 970
776 196 198 41
820 51 204
593 94 205 196 820
776 167 53 231 820
820 199 94
41 932 748 16 196
196 204 51
128 955
51 751 128
41 256 51
908 908 908 593
820 918 51
204 199 820
51 908 918 128
94 204 205
204 917 196
820 180 350 593
94 918 94 94
128 197 820
974 918 917 970
908 94 128 918
51 196 776 196
820 820 167 197 908
41 581 205 94
820 41 751
917 207 917
204 918 204
593 377 199 41
94 94 95 199 593
820 434 572 82 820
820 908 205
205 79 120 94 593
51 201 917
917 199 204
908 207 918 51
917 974 917 593
908 918 196 918
820 85 85 820
593 205 51
593 955 205 41 51
820 917 205 95 204
205 160 820
908 204 776
196 908 199 917
776 593 776
51 65 0 65 51
41 908 200 820
196 917 205 51
128 200 908 917 974
918 776 820
128 205 196
908 918 167 201 204
820 654 783 16 820
41 776 41
955 128 974 917 51
128 198 94
917 974 593
51 199 205
974 918 51
196 206 593
204 201 204 205
94 207 917
917 970 917 970
820 546 362 486 820
917 593 205
593 918 974
51 199 201 776
51 51 820
820 168 14 434 128
776 200 908
593 908 41
41 143 820
204 283 51 593 204
955 205 41 51
205 167 917 206 820
128 52 128
593 201 342 593
205 167 95 776
820 443 820
776 776 206 917
593 199 258 256 51
205 199 196
593 820 204
908 167 95 199 51
917 205 95 204
917 974 593 908 918
204 593 14 51
751 206 62 28 128
41 202 41
593 199 918 974
51 79 51
128 533 141 51
918 95 917 95 820
593 498 205
820 749 167 820
204 196 918 776
51 197 206 820
128 450 128
918 232 206 41
820 95 200 196 204
820 970 917 970 917
820 5 41
41 198 94
128 751 41
908 128 343 128
128 490 128
908 918 820 41
908 200 65 51 820
820 932 820
908 200 201 128
128 820 205
94 204 204 350 204
128 196 64 65 776
908 592 908
908 593 14 936 776
41 206 94
917 820 205 41
204 377 204
128 278 128
970 820 751 41
196 205 198 128
51 198 128
820 581 77 932 820
128 970 917 593 918
196 908 128 918 128
861 350 861 350 861
41 918 593
593 197 196
820 749 776 918
776 95 207 41
918 201 197 41
593 822 572 572 776
128 955 820 751 820
41 167 94 820
908 917 974 820
593 197 908
820 201 128
51 204 41 51
128 751 41 204
51 740 51 128
205 498 197 41 196
917 94 128
205 199 377 918 128
205 167 820 751
204 936 484 515 94
196 205 847 464 41
51 908 196 200 918
917 918
820 974 917 196
917 970 440 172 128
205 94 918 820
974 917 205 204 917
908 776 94 908
41 918 917
593 204 204
196 196 917 206 776
204 918 41
128 13 343 207 94
908 51 82 820
918 95 942 95 94
820 41 917 918 204
908 593 196
51 204 204
205 197 917 51
196 94 955
94 776 918
128 46 128
820 908 51
94 918 204 196 918
128 593 974
593 340 179 820
917 205 204 917 196
204 776 198 204
128 908 908 908 51
918 197 955 955
970 917
593 167 196 198 776
94 974 918 776
128 42 128
41 908 776 94 94
196 908 200 917 593
204 200 200 94
776 41 23 474 128
820 970 51 201 918
41 776 820 41 820
204 206 751
908 908 205
955 205
41 443 41
776 196 776
41 206 200 917 820
974 918
196 593 776
41 776 749 776
41 776 201 196
94 196 593
196 917 128
820 776 203 128
94 214 128
751 41 51 970
955 593 176 94
820 41 917 918
196 593 908
128 974 917
204 41 94
917 95 41
917 94 483 41
204 908 918 51
41 460 41
94 593 204
917 94 196 908
196 231 440 94
204 201 204 41
593 342 95 205 593
918 206 198 200 593
51 196 95 593
205 206 776 776
94 974 94 94 908
51 593 204
955 820 955 94
917 197 128
196 51 917 51
820 85 51
593 974 128
51 445 128 52 128
974 94 776
205 908 41
128 41 199 94 41
955 936 955
918 918
593 200 593 918 820
974 128 820
593 498 205 955
820 203 204
820 205 820
128 14 593
196 207 95 917
751 206 196 908
820 200 94 196 776
94 917 128
776 204 908
917 974 94 820
128 940 128
205 14 776
918 918 776
128 94
820 342 593
820 199 206 751 820
204 95 917 205
908 918 593
41 751 128 917 204
908 918 94
820 593 918
918 41 205
917 593 974
955 94
908 207 41
41 94 908 917
776 918 94
51 51
196 204 196 918
41 546 206 196
128 205 41
820 974 918 128 918
908 917 974 128
128 197 199 206 51
41 93 205
820 751 41 204
820 133 820
908 197 206 196 128
908 206 776
974 917 128
205 196 918 128
776 201 200 776
820 974 820
128 207 409 667 128
593 128 607 128
593 974 94 94
593 822 593 94
908 196 200 918 94
51 27 23 128
820 93 513 474 41
41 434 64 196
205 14 280 734 128
820 776 41
974 820 974
918 199 917 205 917
917 197 197 41
94 204 198 198 820
204 200 820 970
955 205 196
205 128 95 94
196 918 197 955
917 204
820 197 95 918
128 207 908
776 95 593 908
955 94 196 94 955
205 197 41
204 167 918 128
917 918 204
51 232 214 483 41
196 593 176 593 776
196 593 94
593 340 179 820 128
94 196 94
776 820 41
918 200 41
820 94 206 918
593 51 908 206 204
94 320 94
776 749 167 936 955
128 918 206 593
51 128 204
918 207 199 908
593 936 776
974 593 206 206 908
776 199 128
128 183 128
51 205 593 128
94 350 94
593 199 205 94 955
204 51 204
205 201 51
593 128 204
94 214 206 776
908 51 593
820 776 342 94
776 196 198 196
41 196 908 196
196 94 918 204 51
51 917 974 593
955 820 94
128 340 82 51
41 199 94 41
918 207 207 41
196 199 128
51 557 128 955 128
94 294 206 128
196 196 203 199 908
917 197 93 204
128 157 128
918 776 94
204 41 204 917
776 918 200 41
908 167 128
820 581 200 776
593 197 918 593
204 917 41
94 377 450 64 820
820 283 282 196
955 955 593 176 94
593 776 820
51 751 41
205 917
94 205 204 206 128
94 483 41
196 64 65 776
196 196 917 820
820 200 94 196
51 172 820
776 201 820
94 908
593 95 917
94 342 820
970 51 593
593 206 206 908
593 167 196
94 294 94
918 51
820 204 196
593 95 128
204 205 41
908 201 820
955 197 917 206 204
820 154 820 202 820
917 205 917
204 593
908 908 51
908 776 749 820
51 205 128
205 94 955 94
205 160 212 820
94 917 820
204 95 205
917 908 278 908
205 908 196
820 955 955 94
908 822 290 128
196 204 41 199 205
917 41 204 581 205
776 95 820
820 424 128
820 51 908 776 908
908 908 918 207 820
94 204 776 749 776
94 776 917 918
820 165 41
918 918 820 908 196
918 167 918 128 593
204 196 205
751 41 908 94 205
41 918 204
205 917 128 820 918
820 202 41
51 95 196
128 424 464 820
593 201 197 593
94 196 820
51 196 206 41
94 918 820
918 199 197 908 205
918 593 917 196
918 974
970 820 202 41 51
204 51 593
776 196 201 201 776
204 581 204
205 201 94 94
204 51 917 196
128 199 51
820 974
204 41 820
820 346 129 166 41
593 204 51 200 917
128 280 204
128 207 820
970 51 205
128 908 908 205
128 204 204
205 167 820
593 94 167 196
820 128 51
974 128
204 918 820
820 82 277 14 918
908 197 51
204 206 128
820 593
41 918 593 907 593
974 94 94
51 232 201 918
970 440 53 526 128
41 232 206 128
94 776 917
820 167 751 41
128 27 51
593 908 51
917 94 196 908 205
820 970 917
776 204 908 206 128
94 207 95 918 917
94 204 41
51 172 167 936 593
776 199 206 918
593 199 205
204 198 128
204 95 593 918
593 200 917
128 128 64 820
820 343 820 918 820
908 908 196 908
751 128 207 5 128
776 776 917
918 1000 232 41 593
955 955 593
205 79 79 51 917
51 201 908
41 776 820
51 29 160 51
820 95 93 128
94 776 776 776
820 908 776
128 256 263 160 820
204 206 751 41
820 150 378 128
820 207 201 204
820 94 206 918 593
205 593 51 908 820
593 776 94
908 199 908 128
776 94 515 593
776 203 128
955 955 820
94 918 204
820 917 51
205 86 114 51
908 918 908
918 95 206 196
820 51 918
593 974 593
205 167 917
128 278 199 203 820
820 918 918
776 196 917 51
196 917 820 205
94 65 204
41 30 51
128 204 204 51 917
908 206 196 200 593
917 483 917 94
51 205 955
917 908 94
204 167 205 593
41 128 970
820 464 128
196 51 970
918 918 820
51 740 51 918
204 128
917 776 749 820
776 749 820
205 199 218 196
204 908 918 51 41
820 917 206 201 908
908 917 199 918 196
917 207 918 94
41 751 51
41 917 205
820 593 820
917 776 94
41 167 207 196
205 41 42 87 974
196 593 94 593
820 165 464 128
593 974 917 205
776 918 128 346 820
593 917 970 820
918 196 820
917 974 820 974
128 593 342 820
94 483 167 751
205 908 205 908
204 204
751 128 918
41 820 51
820 206 936 776
205 41 197 955 128
820 207 41
593 955 593
196 205 955
861 350 342 907 593
128 445 51
776 917 94
41 201 205 593
196 776 936 955 128
820 196 196
820 801 41 128
51 820 199 593
908 196 200 918
51 917 41 801 820
128 14 14 93 820
204 776 196
908 593 197 51 51
908 201 908 196
908 197 167 205
128 974 918 41
41 280 820 196 196
970 917 51
128 95 205 128
41 105 128
908 908 41 776
908 918 196 205 128
820 955 593 918
820 51 593
205 955 128
593 95 593
820 204 128
918 95 908 205 94
205 847 922 908
41 200 820
205 94 320 593
917 204 128
955 128 128
204 593 918 974
918 593 200 51
593 907 593
204 201 62 109 51
196 200 918 94 205
917 908 205 196
41 917 445 424 820
918 204 205 204
94 515 593
970 546 256 41
918 196 908 820
196 51 908
94 320 94 917
908 908 908
41 917 41
41 593 94
593 342 147 612 41
970 917 128 204
128 908 128
196 207 94
205 908 196 908 94
917 197 917
955 94 196
128 343 128 494 128
908 776 200 94
41 908 94 205
205 206 908 204
196 197 917 51
917 820 204
41 908 94
196 197 128
955 820 751 820
205 557 917
820 143 41
917 918 917
820 95 205 204
51 28 129 128
593 974 94 128
776 917 41
917 206 776 908
94 955 197 196 820
41 204 205 204 196
205 204 917
94 917 51
128 593 974 917
128 42 41 908 908
94 128 820
94 917 483 820 41
128 667 105 128
41 917 820
776 198 820 205
94 974 128
205 93 51 27 128
51 409 51 970
820 16 304 87 41
917 204 917
128 201 207 94
917 197 196 94
205 917 974 94 94
970 820 955
593 94 955
820 208 133 41
751 167 776
204 908 197 128
196 51 197 41
51 557 917
820 464 133 51
593 205 41
196 908 908 206 205
820 482 593
51 917 918
205 196 94 205
908 207 820 908
820 593 205 51
820 198 593
593 974 820
51 201 820
970 51 593 776 820
820 955
128 377 128 917 94
196 203 199 908
205 167 205
204 200 820
776 206 917
776 94 918 204 196
41 918 918
196 820 204
861 350 861 350 204
776 203 199 917
918 820 908
205 196 128
776 593 974 918
820 249 16 820
974 917 197 196
593 201 278 128
51 198 205
861 350 204 94
51 751 51
917 95 41 593
196 94
820 801 41 776
776 196 196
955 936 822 822 593
41 207 172 820
205 201 820
51 908 51
918 64 918
204 95 41
128 918 917 41 204
820 95 917 776
908 95 41
751 51 918
51 908 918
51 205 41
94 199 167 751 128
820 420 820 100 820
204 128 196
908 908 917
820 420 820
128 593 377 167 41
820 445 424 128
41 207 128
51 199 207 128
820 820 207 41
917 95 908 776
94 207 94
51 204
820 918 207 94
41 232 204 51
94 917 200 94
128 254 41 908 51
593 918 128
974 918 820
820 167 751 820
204 581 51
51 409 10 306 51
820 820 196
128 201 776
128 183 218 94
196 201 918 776
41 820 974 94
204 776 199 128
751 167 918
751 41 908 94
205 199 917 199 917
41 94 974 918 776
593 41 94
51 200 196 776
128 751 41 51 970
751 51 908 908 204
820 196 95 94
955 936 776
128 199 196 94 776
94 908 918 196 918
751 51 41
918 207 207 41 918
41 908 95 41
94 196 776
41 197 201 917
776 776 776 196
41 336 438 482 820
94 120 133 557 205
776 918 94 196
128 955 936 955 593
41 197 198 41
196 918 128
205 196 197 955
128 593 199 205
970 51
51 498 205 908
908 95 128
974 820
51 172 483 482 593
593 918 41
918 918 41
820 918 908 204 41
820 908 196 203 196
593 822 822 593
128 917
908 206 196
970 820 776
918 196 51
94 776
776 201 196
820 751 51
918 776 776 593
918 917 94
41 207 820
820 143 196
820 205 167 776
908 204 918 206 196
205 917 970 917
593 206 199 198 128
51 346 342 776 776
593 41 128
776 918 908
908 196 41
196 593 196
820 644 820
128 918 917
94 205 86 114 51
196 917 970
970 917 820
918 204
820 749 776 820
128 917 204
94 955 205
776 917 908
908 205 95 593
51 917 51 51
820 201 199 820
128 955 593 41
94 198 41
918 820 51
751 51 908 205 41
94 95 199 593
593 167 128
820 51 204 204
204 908 776
128 35 128
593 955 955 593
204 204 41
51 201 776
128 197 917
41 21 259 86 94
204 776 94
128 346 172 51
41 206 41 751
128 198 51
196 41 41
205 86 128
128 593 142 41
593 822 350 861
41 751 128
820 95 94
908 204 593 908 94
41 918 593 908 820
204 918 128 41
128 908 592 908
41 94 908 196
94 201 128
128 900 464 41
820 422 820
196 918 41
820 342 107 201 917
51 917
820 593 205
205 847 464 41
205 197 955
908 200 917 593
94 204 51
204 204 51 917
41 434 593
917 196 204 196
908 200 908 205
908 94 820
41 201 93 820
128 593 196 197 51
94 207 908
205 955 820 955
593 94 351 94 918
918 207 214 206 41
51 581 41
776 94 918
820 198 593 94
776 908 776
908 51
820 128 593
128 11 128 593
776 201 128
918 128 42 41
593 51 172 51
776 199 280 196 917
205 204 94
776 820
128 751 206 51
974 918 593
41 352 201 917
128 128 955 955
593 201 918 917
820 205 167 200 51
970 917 593 918 593
51 128 940 128
51 918 974
776 593 196 196
820 95 908
196 198 196
918 95 205
196 218 196
974 94 820
820 142 820
776 917 820
205 94 955
776 204 593
974 918 776
776 198 207 94 128
41 801 820 779 820
820 206 202 201 94
917 207 200 196
196 51 206 205
51 204 205
51 196 95 593 918
51 14 776
128 197 199 199 918
205 917 41
908 128
204 51 200 917
970 917 974
593 822 908 51
205 204
196 908 51
776 94 94
908 197 197 918
41 204 908
820 204 198 593
820 53 128
41 180 123 820
593 214 207 197 51
196 51 918
205 498 593
51 256 226 546 970
820 908 167 128
128 205 94 94
593 167 51
205 483 94
196 917 205 197 51
593 820 974
41 776 593 908 820
917 483 94
41 128 908
128 198 202 201 820
917 201 41
908 197 955 94
205 593 918
196 205 41
918 200 917
51 51 917 908
918 51 205
128 86 205
974 917 206 204
776 908 918 196 205
751 128 917 204
820 342 907 593 196
908 917 918
776 908 197 820
204 918 94 820
820 955 955 820
593 776 199 206 918
128 974 917 128
593 955 94 204
751 206 204 350 94
776 918 95 206 196
908 205 908 41 94
128 51 100 820
94 918 201 207 41
918 200 41 41
41 203 128
196 218 167 420 128
128 51 200 917
751 128 970 917
751 820 79 128
128 205 196 204 593
196 205 197 917 205
94 955 128
128 201 776 918
974 820 180 41
204 776 206 128
205 820 342 820
205 199 820 970 51
974 918 14 196
918 196 143 196
908 205 908 128 593
94 955 593
917 776 41 918
593 201 593 917
204 95 593
41 776 776 936 204
51 918 196 908
918 494 593
94 201 51
776 776 917 820
41 5 820
908 197 196 204
593 820 751 128
908 197 917 95 908
51 970 820
820 751 128
974 917 51
128 918 51 918 917
776 204 128
918 204 200 820
94 95 94
205 95 128 940 128
51 128 751 51
918 820 908 196
917 201 199 908
908 918 41
776 196 204
820 486 51
51 918 128
196 41 206 95 41
917 820 205
820 51 751 51
41 204 94
41 201 593
196 593 820
970 917 205
917 51 740 51 205
917 593 918 128
128 306 113 64 820
820 198 207 820 974
593 936 204 776
205 483 820
918 201 204 581 820
51 908 41 918 593
196 820 970
128 206 128
94 94 820
820 593 955 955
908 207 207 214 593
917 206 820
820 654 249 201 593
776 95 908
41 282 196 205
820 159 105 820
128 87 820
917 908 593 41
94 377 782 82 41
205 41 908 94
918 917 908
205 167 200 51
908 206 204 51 593
918 206 593
41 256 128
917 197 196
94 199 204 918 196
204 936 907 593
593 128 198 820
593 206 204
908 776 917
204 776 572 776 776
41 204 776 206 128
820 199 204
917 557 51 820
128 115 129 42 41
51 740 51 409 51
51 167 51
776 917 445 128
41 167 41
908 205 94
128 201 204 94
917 94 974
196 128
128 3 601 283 204
128 974 94 214 128
917 41 908
974 128 204
751 206 51 751 51
593 128
908 200 917 204 41
917 199 41
776 749 776 204
820 5 41 751 128
820 918
820 918 918 51
205 95 204
41 593 167 751
205 41
205 201 94
41 86 820 128
974 918 908 205
593 94 205 196
820 974 593 128
196 199 94
