490 42 642
548 1 127
613 793 613 619
490 87 255
942 435
548 256 170 490
453 459 453 472
537 537 613
127 160 268 390 491
435 127 491 453
613 613 127
117 613
613 793 613 793 613
745 74 1 537
613 127 491 453
490 121 365 490
490 42 642
537 170 255
255 546 490
255 255 472 610
490 295 490
619 89 619 613
537 613 127 491 453
127 491
453 83 82 255
435 435 647
491 548 82 453
537 403 403 537
255 453 255 453
837 107 127
610 694 255
613 613 793 435
453 745 745
127 613 619
613 613 613 537
537 222 537
613 619 89 619
491 168 491
435 920 435 127
255 106 42 453 255
435 942 435 647
490 365 255
453 459 537
942 435 435
619 59 610
127 435 920 435
453 166 128 490
1003 258 22 686
117 117 613
837 837 837 837
127 613 614 613 537
616 602 602 616
613 537
472 453
548 377 548
435 942 435 942 435
782 82 255
491 117
472 284 255
613 613 793 435 435
686 22 21 537
537 189 418 189 745
453 84 453
548 283 320 616
491 816 753 548
610 160 490
548 278 249 490
127 613 613 537
613 756 613 614 613
782 82 255
548 491 490
472 255 121 189 453
255 256 548
491 170 117
255 610 472 284 255
939 572 939
472 453 453
1003 258 356 490
995 712 255
537 316 255 472
491 117 117
255 106 303 170 491
537 459 610
255 46 255
490 419 78 548
610 255 472 610
548 497 491
647 647 647
255 712 995 712 995
548 170 491
453 83 82 255
490 491 753 548
255 83 453 472
453 166 128 490
453 42 490
537 53 537
686 381 394 368 537
942 435 435
613 619 613 127
647 647 435
942 435 942 435
117 613 619
453 189 745
453 142 46 548
255 363 303 610
610 472 610 610
548 607 255
613 117 189 255
491 490 607 548
613 756 613
613 619 613 127
435 435 647
537 486 365 490
490 491 170 490
537 781 537 394 537
490 607 453 472
117 613
453 472
453 607 537
491 168 491
616 435 127 435 127
490 128 1 537
610 255 365 255
472 610 255
255 255 453 491
616 459 316 537
745 979 745
642 249 128 377 782
127 435 616 435
537 103 537
255 453 255 453
453 255 255
613 619 89 619
490 410 490
619 59 610
490 170 117
255 472 610 472
782 526 403 537
472 453 453
837 837 837 837 837
491 378 491
453 453 745
942 435 942
616 435 647 647
491 117 117
537 189 418 189 745
453 472 255
255 255 472
127 1 255
490 371 490
435 616 459 537
491 548 337 548
548 21 695 315 537
435 647 435
435 435 127
491 168 491 491
127 435 435
255 255 453
491 816 491
472 471 255 712 255
255 255 453
255 106 979 745
127 84 268 300 642
453 491
548 249 121 283 548
491 378 397 377 127
255 365 255
127 82 548
647 435 616
255 284 278 157 537
613 613 793 435
491 167 284 255
255 472 255
117 491
490 513 425 121 647
490 607 170 490
127 435 616 435
453 83 82 255
619 613 747 613
686 381 394 368 537
491 548 82 453
453 254 255
537 53 537
610 610 694 610
490 80 189 127
616 1 616 1 616
435 793 748 107 490
453 459 537 607 537
127 1 127
255 106 42 453
610 459 537
435 793 435 793 613
117 491 548
491 490
435 942 435 647
782 377 491
491 695 106 537
255 453
837 837
548 1 450 232 939
548 377 548
127 613 614 613 537
613 614 756 613
255 255 453 491 490
453 472 355 472
537 315 537
548 21 695 315 537
435 435 942
491 497 419 642
647 458 440 435 616
537 397 537
127 491 117
255 453 491 490
548 283 453
490 254 642
435 616 435 647
616 602 616
255 63 107 255
117 613 619
537 307 74 756 613
491 378 397 377 127
435 127 491 453
613 613 117
453 453 459 548
942 435 942
490 491 497 491
647 21 83 642
435 793 613 537
537 243 613
490 405 16 642
435 127 491 453
548 283 453
548 377 548
995 712 255 610
472 295 932 453
255 189 117 613 127
960 377 782
537 227 222 189 745
117 118 607 548
537 20 537
745 221 745
537 307 74 756 613
619 613 613 793 613
255 106 303 170 491
537 537 613
435 147 254 255
255 87 453
491 816 491
613 793 748 793 435
647 82 531 548
537 459 610
255 610 255 5 619
647 458 647
619 303 619
834 107 282 212 453
255 137 255
610 472
613 614 613 793 613
647 154 404 301 686
745 745 74 1 537
453 189 121 642
942 95 942 435
642 87 21 932 453
491 170 117
647 221 537
491 117
548 607 255
472 610 472 255
472 471 607 255
616 435 616 435
255 210 63 255
255 42 255
255 472
491 340 129 490
435 793 435
255 610 459 537
613 613 793 613
490 42 209 118 117
435 435 435 942
616 435 435 942
942 435 920 435
613 793 613 127 491
613 614 756 613
255 419 490
490 491 117
453 607 490
610 472 453
453 745 979 745
491 695 491
255 453 255 453 745
616 320 381 548
453 42 453
548 405 142 1 537
686 263 686
255 62 548
472 453 453 453
613 619
548 497 491
647 458 440 435
435 435 147 377 548
117 118 607 548
255 932 227 537
453 254 255
613 537 526 782
613 614 614 614 613
472 284 133 284 255
647 93 121 212 453
610 89 285 82 490
255 610
255 5 55 57 610
117 491 117
255 42 255
491 340 129 490
490 607 490
548 256 107 255
613 747 613 614 613
490 518 86 145 255
613 613 619
490 607 453
939 350 851 377 491
490 513 425 121 647
255 610
127 491
745 745 745
255 419 490
942 435 127
491 127
647 647
435 942
548 21 127
616 435 127
613 537
537 268 1 127
745 453 491
837 837 107 490
453 453 105 127
117 170 753 548
491 163 613
642 249 221 745 745
647 435 127 491
548 249 121 283 548
255 472
537 315 537 613
435 942 435 647
537 53 537
537 259 400 74 745
960 377 344 381 686
127 227 695 607 490
490 254 490
613 756 459 490
548 377 959 377 491
613 614 614 614 613
127 613
745 453 615 453
127 435 616
995 712 255 255
647 435 127 491 117
490 82 453
491 497 491 453 745
647 154 404 301 686
537 52 397 160 255
1003 258 91 212 255
537 613 614 613
619 613 747 613
255 694 610
613 117 117
613 613 793 435 435
491 163 821 160 548
834 107 282 212 453
610 472 610 610
548 21 127
613 127
255 545 255
453 459 537 607 537
255 256 647
127 613 619 613 127
610 255
255 712 995
490 607 490
537 316 255 472
435 942 435
491 163 613
255 453 491
613 288 613
491 453 745
642 254 490
548 121 127
117 613
453 491 490 607 548
435 793 435
610 472 610
537 613 619
613 756 459 490
127 377 659
647 93 121 212 453
659 659
117 491 127 435 616
472 453 453 453
537 613 537
490 107 269 300 642
537 397 397 381 686
453 932 46 548
255 453 491
117 613 614 613
472 453 453 453
537 459 453
537 316 255
453 453
435 435
837 107 453
117 106 490
548 491 491 548
453 607 537
490 405 548
548 283 320 616
548 607 419 249 548
490 491 497 491 453
435 616
435 127 435
453 189 117
117 460 493 121 255
472 471 472
616 435
659 377 659
745 221 526 537
837 107 453
472 610
453 62 548
537 259 400 74 745
647 647
613 756 613 614 613
490 491 127
686 86 453
127 613 613 613
490 491 127
537 21 127 613
255 453
537 526 296 610
490 607 490
613 613 793 435 435
453 459 453 472
491 167 284 255
619 5 117
548 170 491
537 227 222 189 745
490 460 537
472 610
435 942 435 647
548 283 320 616
610 255 5 619
613 613 537 460 490
435 440 13 340 548
472 355 472
548 1 255
255 316 255
255 63 255
472 610 472 471 255
453 142 46 548
491 170 490
490 405 548
127 84 624 491
472 284 255
472 471 170 537
537 613
491 163 821 160 548
127 533 541 249 255
490 258 490
939 572 939
548 405 142 1 537
490 491 170 548
613 117
453 453
782 82 548
782 526 782
642 254 255 472
453 189 117
472 610 255
537 14 562 497 548
642 87 163 613 117
255 453 491 490
453 453 255
255 106 303 170 491
647 435 127 491
616 533 127
537 316 435
255 453 472
472 610 235 610
127 491 117
1003 258 1003
255 83 453
613 537 222 537
490 491
616 435 920 435 647
616 435
491 753 548
613 537 460 490
127 435 647
745 745 74 1 537
642 642 642
548 816 491
610 459 616
548 106 255
491 497 491 453 745
435 616 459 537
435 920 435 616 435
686 22 21 537
548 377 782
435 435 647 647
255 106 64 21 686
537 781 537 394 537
255 106 42 453 255
613 117 117
435 942
548 1 979 745
127 613 537
117 117 491
117 117 121 642
613 127 491
490 80 357 82 490
491 490 249 490
616 435 647 647
435 127 491
616 435 647 435
490 82 782
255 453 745
255 453 745
537 315 17 255
745 745 745
548 256 647
686 381 295 472
619 59 619
537 460 421 255 255
127 491 892 491
490 121 163 160 127
127 613 613 613
642 254 255
610 694 610
453 472
942 435
490 82 782
435 647 458 440 435
548 459 453
942 435 942 435
491 753 548
127 613 613
255 453 491
642 83 642
453 472 255
117 121 642
255 42 255
537 613 619
490 932 642
548 143 166 377 491
548 377 782
613 537 526 782
610 255 472 610 472
613 127
491 548 491
127 613 614 613
435 920 435 920 435
490 256 210 209 490
537 189 377 491
490 149 490
127 613 614 613 537
659 377 659
490 128 1 537
619 5 117
255 355 255 256 548
613 747 613
619 96 610
619 5 619
435 435 942 435 942
490 356 490
647 647
255 712 255
472 453 255
255 453 255
537 459 253 106 490
942 435 616
537 781 537
255 300 209 300 642
491 695 491
255 355 255 256 548
619 89 619
255 712 995
548 106 255
647 435 435
490 607 490 490
435 647 458 440 435
435 616 602 616
619 613 537
435 920 435 127
255 607 548
435 127 435 127
255 5 55 57 610
613 756 613 614 613
491 753 816 491
435 942 435 942 435
647 435 435
619 613 537
548 21 127
255 363 303 610
435 647 647 435 647
255 453
117 211 363 210 255
613 613 793 435 435
610 472 284 255
255 453
782 82 255
490 607 453
127 613 288 405 255
435 435 435
453 459 548
435 435 127
995 712 255 453
127 491 548
117 613
491 497 491
782 526 782
490 212 490
255 284 472 453
610 610 255
255 212 226 85 537
127 613 614 613 537
255 610 472 284 255
537 403 403 537
491 127 435
616 435 647
1003 258 91 212 255
117 117 121 642
127 533 541 249 255
686 381 295 472
837 107 453
255 170 548
616 459 490
745 74 745
942 435 793 613
127 435 793 613 619
490 356 490
537 21 127
255 472 453
127 435
537 459 453
548 607 537
490 490 491
453 745 745
837 837 837 837 837
255 5 619
619 613 613 619 613
255 329 129 63 490
745 745 979 745
490 410 490 490
837 837 837
453 121 548
491 163 613 619 613
613 613 127
610 610 59 619
453 453 255
127 613 614 613 537
613 537 460 490
491 548 1 106 255
537 307 74 756 613
472 453 121 548
127 227 127
453 105 127
453 82 377 490
490 491 117
472 255
619 613 537
491 340 129 490
613 537
435 616 435
642 405 548
548 256 490
642 642 642
491 390 397 103 537
610 610 472
435 920 435 647
255 106 979 745
548 381 548
255 255 255
491 167 284 255
537 189 127
616 435 647
782 377 782
255 932 642
453 745 979 745
255 105 255
837 107 127
659 659 659 659 659
610 255
537 460 421 255 255
619 613 613 793 613
255 106 42 453
117 170 371 255
472 453
453 255 255
127 613
117 189 255
616 1 537
610 160 435 127
435 435
647 435 127 491 117
490 490 491
610 255 610
610 255
127 435 127
647 256 647
613 793 613 127
255 255 453
435 616 602 616
453 745 979 745
435 793 613 537
613 614 614 614 613
435 942 435 942 435
490 491
537 613 793 435
616 602 616 533 127
537 613
610 59 619
647 647
537 227 222 189 745
491 816 753 548
472 610 610
537 526 782
453 607 255
834 107 282 212 453
117 117
435 793 435 793 435
613 613 537 460 490
610 610 255
127 613 117 491
490 254 490
613 619 613 127
490 121 365 490
548 1 127 491
490 410 490 490
435 920 435 920 435
613 127 613
537 52 781 537
453 189 453 255 255
537 243 613
537 170 255
490 490
490 149 490
537 613 613 117
453 107 726 282 255
659 377 127
642 642
255 453 491
255 405 642
548 1 127
659 377 548
491 340 129 490
610 255 365 255
255 83 453 472
490 42 209 118 117
490 256 548
939 350 939
453 83 82 255
537 613 793 435 616
453 84 453
491 378 491
537 259 86 932 255
837 107 490
255 405 268 537
610 420 610
616 435 616 435
619 56 610
127 160 268 390 491
127 613 613 537
491 490
491 390 397 103 537
453 459 610
613 614 613
613 613 793 435
548 106 255
619 613 619 613
127 1 127
619 613 747 613
610 255 472 610 472
616 459 610
435 435 647 647
490 256 548
255 106 64 21 686
453 453 255
127 491 117
453 255
453 82 647
472 453 453 453
435 440 232 537
616 459 610 472
548 143 548
610 472 610
613 163 170 607 255
647 435 127 491 453
491 816 491
453 453 255
613 747 424 106 537
127 160 268 390 491
537 52 537
255 421 459 490
942 435 616
490 42 209 118 117
942 435 920 435
647 435 127 491 453
490 256 548
942 435 942 435
537 397 397 381 686
453 546 453
127 613 117
619 56 619
610 610 59 619
537 268 1 127
960 377 782
490 410 490
942 95 942
619 56 619
647 21 642
255 453 255 453 745
255 607 537
642 405 548
491 490 212 531 548
745 453 453
610 235 234 256 548
613 117 170 371 255
491 127 491
435 127 491 453
537 221 745
490 491 548
127 22 686
117 170 371 255
548 405 142 1 537
537 316 435
537 459 453
659 659 659 659 659
453 42 453
490 513 425 121 647
610 420 610
610 57 610
548 607 537
127 613 613 613
435 920 435 616
491 167 284 255
642 642 642
616 459 490
745 221 526 537
610 610 694 610
127 613 793 613
659 659 659 377 745
616 435 647 435
255 255
127 613 793 613 127
960 377 398 377 548
647 82 531 548
610 610
117 491 491 127
490 419 78 548
255 453 255 453
537 14 562 497 548
616 435 616 435
255 610
490 491 170 548
616 435 127 435
435 440 13 340 548
490 80 189 127
435 616 602 616
537 316 1 548
490 490 491 170 490
127 435 793 613
435 793 435 793 435
491 377 659
537 613 127 491 453
548 256 170 490
548 340 548
472 355 472 471 255
453 42 453
647 221 82 490
647 435 127 491 453
647 435 435
642 42 490
491 816 548
610 472 610 472
491 816 491
548 377 575 231 537
453 745 979 745
647 256 647
537 613 619
472 453 121 548
537 537 781 537
491 491 127
255 212 226 85 537
435 616
745 745
255 189 745
490 491
613 613 117
491 170 548
435 920 230 920 435
127 491 548
647 93 121 212 453
616 435 920 435
117 118 121 16 642
782 526 782
613 614 614 613 127
647 458 440 435 616
117 491 163 613
616 435 127 435 127
613 614 613 793 613
127 82 642
255 932 81 490
472 453 255
127 377 659
942 435 616 459 537
782 82 255
255 284 472 453
490 513 425 121 647
610 250 610
537 259 86 932 255
490 607 255
255 472 610
942 435 440 232 537
127 613 619
619 613 613 117
491 117 117
613 614 613 127
127 613 537
610 420 610
537 315 537 613
472 284 133 284 255
616 435 435 647 647
255 607 453
490 410 490
537 268 106 642
117 118 607 548
435 127 435 127
537 613 127
616 1 616 1 616
610 160 435 127
995 712 995 712 995
613 619 613 127
613 117 189 255
837 107 127
613 117
453 615 453
435 647 435
453 84 142 254 255
1003 258 365 548
948 381 548
490 490
435 435 647 647
435 435 647 647
435 435 647
642 16 80 256 548
255 453 255 453
490 170 548
647 435 435
745 221 526 537
537 189 418 189 745
616 459 548
472 255
453 453
472 284 133 284 255
745 453 453
613 614 613 127 491
435 127 435
491 127 491
613 793 613 127
490 607 453 472
490 491 170 548
490 491 695 491 453
255 610 255
782 377 745
745 189 117
255 363 303 610
548 82 647
616 435 920 435 647
453 453 255
537 268 1 127
255 405 268 537
255 303 255
490 254 642
686 22 127
960 377 782
127 533 35 22 686
619 96 610
613 619
642 87 163 613
537 221 537
453 189 745
548 816 491
995 712 995
548 1 979 745
255 355 255
613 756 613
255 365 255
490 491 117
472 255
472 610 610
548 170 491
435 127 435
255 169 263 121 255
613 614 614 614 613
491 497 491 453
435 616 435
127 435 435
537 222 537
616 459 548
995 712 4 13 255
490 491 170 548
613 127 491
127 435 435
548 459 695 607 490
117 613 127
834 107 453
613 614 756 613
435 942 435 616
537 781 537 394 537
472 471 255 610
117 117 121 642
491 548 82 453
548 459 453
255 471 472 453
745 979 170 548
435 647 647
548 340 548 753 548
610 160 435
490 249 642
642 82 128 127
255 300 642
616 435 435 942
613 613
435 435
435 435 942 435
610 89 369 252 117
619 613 613 127
745 221 526 537
782 526 403 537
613 288 405 255
939 572 434 647
616 459 610
117 460 117
490 107 269 300 642
255 453 255
548 753 491
610 160 490
548 491
435 435 435 942
613 127 435
834 107 282 212 453
491 163 613
616 435 647 647
613 163 170 607 255
490 607 490
548 249 121 283 548
782 377 491
647 93 813 440 435
619 613 537
490 490 491
942 435 616
435 127 227 537
619 303 619
745 979 170 117
117 613 537
537 52 781 537
491 695 491
537 259 537
255 610 459 537
782 377 782
548 340 548
490 128 212 453
537 403 377 491
435 942 435 942 435
537 526 257 284 642
610 472
491 753 491 117
255 472 610
453 189 225 82 782
537 613 619
548 82 453
837 107 74 537
537 394 537
616 435 942
491 168 491 491
117 491 491
616 1 548
745 745
255 121 189 453 472
619 613 619
610 472 453
435 942 435 793 613
548 21 647
453 170 537
117 460 493 121 255
453 459 453
117 106 490
537 486 365 490 490
1003 258 22 686
659 659 659
127 84 624 491
613 614 614 613
837 837 837 837
472 610
616 459 610
537 389 379 316 435
255 355 255
490 607 490
537 52 537
453 459 453 472 610
255 282 747 282 255
537 537
659 659 659 659
745 979 745
939 572 939
548 381 390 491
127 613 537
642 249 128 377 782
127 491 548
127 435 793 613 619
537 607 537
127 227 695 607 490
942 435 616
255 5 55 57 610
548 459 453
537 781 537
610 420 458 647
472 355 472
942 435 616
453 615 453
127 84 268 300 642
948 381 686
782 377 782 377 745
610 420 610
127 613 614 613 537
453 745 979 170 117
117 106 490
127 613 619 613 127
616 602 602 616
837 837 107 74 537
548 459 453
490 258 490
548 491 117 613
548 283 320 616
490 121 127
619 5 117
490 490
942 435 920 435
255 189 745
117 613 127
619 613 127
127 82 548
942 95 942 435
472 471 607 255
255 189 745
616 533 81 80 490
435 793 613 619
472 471 255
255 471 472
453 170 537
610 89 369 252 117
610 250 610
435 127 613
490 491 695 491 453
255 472 471 255
491 170 490
745 745 74 1 537
491 753 548
435 942 435 616
939 572 434 647
453 459 453
995 712 255 255
453 453 459 548
453 62 548
255 106 303 170 491
642 83 173 932 490
127 613 614 756 613
619 613 537
782 526 782
117 613
453 82 377 490
610 472 453 255
619 303 619
117 189 255
435 793 748 107 490
490 256 548
642 82 647 435
491 453 453
255 545 255
453 459 610
537 613 613 117
490 491 753 548
548 816 753 548
490 121 163 160 127
616 459 548
472 610 255
255 472 471 255 610
472 355 255
642 87 163 613 117
613 613 619 613
659 659 377 745
255 472 610 472
548 381 548
472 471 255
255 312 255
255 303 255
453 472 610
435 647 647
491 127 435
837 107 174 420 490
255 121 189 453 472
472 610 255
491 168 491
610 472 284 255
642 87 163 613
642 87 163 613
435 616 602 616
255 255 137 255
647 435 127
127 1 127
255 329 129 63 490
537 537 781 537
117 170 753 548
548 1 979 745
642 87 163 613 117
548 21 647
490 365 255
127 613 288 405 255
616 1 548
548 816 491
616 1 548
435 942 435 616
782 82 548
472 471 170 537
1003 258 1003
117 613
435 147 254 255
117 613 537
453 459 453
537 316 255 472
659 659 659
537 607 453
117 118 607 548
942 435 793 613
548 1 979 745
613 613 793 613
435 793 748 107 490
548 607 255
619 613 613 127
642 82 647 435
490 405 16 642
255 405 642
255 211 255
659 659 659 659
127 613
255 471 256 82 255
435 616 459 537
255 607 453
472 610 472
647 647 647
472 610 235 610
613 613 619
616 435 920 435 647
642 82 128 127
537 613 793 435 616
255 62 548
537 231 290 87 255
642 82 245 686
491 753 548
537 397 397 381 686
127 435 793 613 619
537 403 403 537
647 82 531 548
548 82 647
616 435 435 942 435
616 459 537
782 377 745
613 793 613 793 613
472 610 472 255
127 435 647 435
537 486 365 490 490
616 435 647
490 170 117
490 121 365 490
642 21 686 22 686
255 121 189 453 472
745 221 526 537
548 497 491
613 288 613
453 84 142 254 255
491 490 249 490
255 256 548
127 613 619 613
127 84 624 491
616 459 610 472
613 793 435 647
435 316 537
537 20 537
613 163 170 607 255
491 390 397 103 537
255 255 453 491
117 613 127
472 295 290 892 491
745 189 5 619
613 127 435 647
255 189 117 613 127
453 453
453 255 255 137 255
647 435 616
453 459 537 607 537
960 377 344 381 686
616 459 316 537
255 63 255
435 616 435 647
642 405 537
255 610
782 377 491
491 127 491 490
613 537 221 745
127 491 892 491
491 127 435 616
537 613 613 117
255 610
537 189 418 189 745
472 610 472
548 607 537
548 21 647
453 142 46 548
548 256 107 255
548 405 142 1 537
548 405 142 1 537
435 127 435 127
837 837 107 490
255 932 81 490
491 378 397 377 127
537 397 397 381 686
537 189 460 490
610 303 610
117 223 117
537 189 377 491
1003 258 91 212 255
491 340 548
117 491 491
435 435 942 435 942
610 160 490
942 435 942
127 613 614 613 537
995 712 255 453
548 1 127 491
255 189 745
642 254 490
435 616
472 255 453
939 572 434 647
537 268 1 127
255 63 255
537 537 613 613
117 460 493 121 255
255 610 610
255 106 42 453
610 459 616
491 127 491
942 95 942 435
453 472 453 472
453 607 255
537 316 255
490 107 518 490
255 363 303 610
537 486 365 490 490
942 435 942 435
548 278 548
610 694 255 546 490
548 607 419 249 548
435 435 942 435
659 377 490 607 453
255 453 745
537 397 537
537 781 537
255 255
610 610 694 610
490 256 548
782 82 548
490 212 531 548
490 80 357 82 490
616 459 610 472
610 472 610 472
548 283 453
490 80 357 82 490
745 979 170 548
255 421 459 490
619 613 613 619 613
453 546 86 117
491 497 548
686 86 453
610 303 610
960 377 548
453 84 453
537 268 1 127
255 107 453
548 491 490
491 117 491
435 647 647 435
942 435 440 232 537
745 745 74 1 537
619 89 619 613
255 106 42 453
782 526 782
491 497 419 642
491 163 613
942 95 942
1003 258 365 548
127 435 647
127 169 46 46 548
491 497 548
647 458 647
117 460 117
127 613 614 756 613
610 303 610
435 616 435 793 435
435 616 435 793 435
255 421 459 490
613 127 491
537 259 86 932 255
127 377 659
647 256 647
490 365 255
491 453 453
537 315 17 255
616 1 537
613 127
537 613 793 435 616
453 82 647
613 537 526 782
435 920 435 127
435 127 227 537
782 377 745
610 472 255
548 607 490
619 59 619
117 613 619
453 170 537
117 491
613 613 614 614 613
490 128 1 537 537
453 84 453
255 107 212 642
117 189 255
472 453 453
659 377 490
642 254 255 472
616 533 81 80 490
127 435 920 435
613 613 117
490 106 255
647 221 82 490
255 610 459 537
548 381 948
491 170 490
537 403 537
435 793 435 793 613
255 421 459 490
453 83 82 255
255 303 255
490 42 209 118 117
255 610 472
613 613 619
548 283 320 616
745 453 491
548 1 127
255 712 995 712 995
610 160 435
491 624 491
616 459 610 472
613 793 316 255
619 5 255
127 82 228 695 491
490 356 490
453 453 745
745 453 607 490
490 460 537
117 613 127
960 377 548
659 377 745
642 300 642
647 458 647
537 403 537
686 114 686
537 170 471 255
117 211 363 210 255
117 252 427 546 490
948 381 686
1003 258 22 686
255 222 255
453 472 355 472
616 459 537
255 453 255 453
616 435 435
127 435 616
548 377 782
490 420 404 107 490
942 435 435
490 107 518 490
117 613 127
642 42 490
1003 258 365 548
453 745
642 82 245 686
686 531 548
255 300 209 300 642
490 42 143 548
435 920 435 647
472 610 255
610 255 472 255
939 572 939
435 942 435
942 435 647
491 497 491 453
548 283 453
127 613 127
255 453 491
255 189 117 613 127
610 255 472
255 300 642
127 22 21 647
616 435 435 647
613 613 117 613 117
537 397 397 381 686
659 659
613 613 537 460 490
491 127 435 616
619 613 613 619 613
117 613 127
472 453 121 548
453 491 490
472 453 472 453
613 793 613
537 227 127
491 163 613
255 160 255
490 295 490
613 613 793 613
537 103 537
537 14 562 497 548
537 259 86 932 255
616 459 610
782 377 380 537
537 613 793 435 616
490 121 127
490 256 548
610 472 284 255
548 121 127
255 694 255
127 613 614 756 613
537 53 537
127 84 295 82 453
619 303 619
960 377 782
127 82 548
117 491 491
255 284 472 453
745 453 615 453
548 377 959 377 491
537 315 537
610 89 285 82 490
548 607 419 249 548
255 453 255
117 121 642
435 435 147 377 548
619 89 619 613
642 83 173 932 490
127 533 127
610 610 694 610
435 147 377 548
837 107 174 420 490
453 142 46 548
491 497 491 453
490 254 642
435 435 942 435 942
472 610 472 255
613 613
117 491 127
548 283 453
490 256 647
435 793 435 793 613
472 471 255 610
117 117 121 642
837 107 74 537
490 607 255
255 255
642 87 163 613
255 63 107 255
255 471 256 82 255
472 295 290 892 491
619 59 610
472 471 472
537 1 616
255 694 610
613 537 526 782
472 610 472 255
255 419 490
435 616 435 942
255 282 747 282 255
659 377 960
548 607 537
255 5 619
642 42 490
490 149 490
490 121 127
942 95 942
453 491 453
117 117 613
948 381 381 948
472 355 255
490 254 490
610 255 610
255 211 255
537 227 222 189 745
837 837 837
613 614 614 613 127
255 546 490
127 130 127
548 377 782
834 107 490
491 453 745
491 548 337 548
127 613
647 21 83 642
686 263 686
837 107 174 420 490
491 127
613 793 435 435
537 259 537
610 303 610
610 610
453 42 490
490 607 170 490
610 472 255
255 405 268 537
616 435 127 435 127
619 613 613 619 613
616 1 537
745 453 615 453
117 118 121 16 642
453 42 490
942 435 616
491 548 82 453
610 250 610
548 340 548
548 106 117
435 942 435 942 435
745 979 979 745
127 22 21 647
127 169 46 46 548
453 607 490
537 459 453
548 381 948
255 610 255
453 491
453 189 121 642
613 613 613
642 249 548
255 453
619 96 610
642 82 647
472 610 610
610 610 472 255
610 472 453 255
613 614 756 613
255 694 255 712 255
453 254 255
548 459 695 607 490
255 255 453 491 490
837 837 837
613 614 756 613
616 435 435 647 647
255 284 278 157 537
548 1 979 745
117 62 63 129 548
453 491 490 607 548
939 572 434 647
117 491 163 613 619
548 106 255
127 435 616
548 491 127
616 435 793 435
942 435 942 435
472 471 607 255
537 460 490
491 170 117
491 117 613
490 82 782
255 712 995 712 995
453 42 453
127 227 695 607 490
548 491 117
642 405 548
472 471 472
255 610 255 5 619
537 403 403 537
619 5 255
659 377 960
491 892 405 537
548 497 491
255 610 610
610 296 390 296 610
610 472 610 610
490 607 490
255 472 255
117 170 753 548
435 793 748 107 490
490 212 490
613 614 106 255
255 210 63 255
255 107 453
490 87 405 537
619 303 619
490 607 453
127 613 614 613 537
127 533 35 22 686
490 256 210 209 490
642 513 170 255
616 435 127
490 513 425 121 647
960 377 782
548 491 490
127 82 548
127 84 268 300 642
127 613 793 613
255 472 471 255 610
642 87 21 932 453
537 613 127 491
537 537
453 255 453
610 160 610
610 472 610
255 694 255
127 435 793 613
255 610 610
610 255 472
613 537
255 712 995
491 491
942 435 920 435
490 258 490
613 613 614 614 613
453 167 749 284 642
255 694 255 712 255
548 816 491
647 435 616
548 491 892 405 537
255 300 209 300 642
647 21 548
472 610 472 255
255 255 137 255
613 793 613 127
435 647 435
490 254 490
745 979 979 745
255 121 189 453
255 83 453
616 1 127
255 610 472
610 235 610
537 526 257 284 642
127 613
837 107 453
435 435 942
613 614 614 613
619 613 537
117 252 427 546 490
548 1 106 255
537 21 127 613 613
491 167 284 255
127 613 619
616 1 537
491 497 548
453 82 377 490
255 472 610 472
537 460 421 255
613 619 613 127
491 816 491
613 613 613
613 614 106 255
453 745 745
255 282 747 282 255
647 420 235 610
255 472 610
610 255 610
255 610 459 537
453 453 745
255 160 255
610 255 472 255
491 127 377 659
435 435 942 435 942
782 377 491
491 163 821 160 548
613 537
616 435 127 435 127
453 459 548
491 163 613
491 624 491
127 613 619
491 163 613
537 21 127 613
491 127 435
647 435 127 491 117
613 614 614 613 127
942 435 127
117 460 117
472 471 255
255 365 548
490 491 695 491 453
453 189 453
642 87 490
490 365 255
613 613 117
127 1 316 793 435
642 249 548
548 106 255
613 117
548 256 647
255 282 747 282 255
117 491 127 435 616
117 118 607 548
491 170 490
255 694 255
613 614 613 613
117 491 491 127
745 979 745
613 117 491
537 397 537
127 22 21 647
613 288 613
548 753 548
537 1 537
613 613 117 613 117
255 712 995 712 995
642 254 255 472
642 405 548
255 712 995
490 459 453
613 614 106 255
548 337 548
642 254 255
491 753 548
491 170 548
435 435 942 435
613 163 170 607 255
939 350 939
453 255 472 471 255
642 82 647
453 255 472 471 255
255 121 189 453 472
117 613 614 613
619 613 613
255 63 255
255 471 472
686 22 686
490 932 642
453 459 610
537 537 613 613
255 210 63 255
659 659 659 377 745
782 377 745
613 614 613 127 491
960 377 398 377 548
1003 258 22 686
659 659 659 659 659
745 979 979 745
453 932 46 548
117 613 127
647 154 404 301 686
127 491 490
610 89 285 82 490
491 117 613
745 74 1 537
491 490
255 694 610
1003 258 22 686
642 300 642 21 686
491 168 491
613 619 613 793 435
647 93 813 440 435
127 435 793 613 619
537 607 537
435 793 435 793 435
472 255 453
647 21 548
642 107 834
837 837 837 837 837
117 613
490 410 490
942 95 942 435
435 647 647 435
491 127 435
127 1 127
613 619 96 610
619 613 613 127
647 458 440 435 616
490 170 548
948 381 686
435 920 435 127
548 607 490
537 52 781 537
745 745 745
127 435 616 435
435 616 435
619 59 610
610 235 234 256 548
548 607 490
453 189 121 642
613 127 491 453
255 453
745 979 170 117
472 295 290 892 491
548 278 548
537 221 745
942 435 920 435
435 920 435 127
117 170 753 548
610 459 756 42 490
117 117 121 642
619 613 619
610 250 610
255 106 303 170 491
537 460 117
472 295 932 453
537 20 537
127 21 127
548 459 548
659 377 548
490 87 405 537
453 82 377 490
942 95 942 435
537 21 548
537 227 127
537 613 127
642 642 642
255 453 255 453
619 613 793 435
537 607 453
255 607 453
255 284 472
616 435 127
127 435
616 435 920 435 647
127 22 686
837 107 127
255 610 610
613 163 170 607 255
491 170 548
613 613 619 613
745 979 170 117
435 316 537
127 160 268 390 491
127 533 541 249 255
490 80 357 82 490
453 472 255
837 837 837 837
610 255
127 533 35 22 686
255 610 610
613 127 435
613 613 619
616 435 127
491 816 548
619 89 619
619 613 613
127 84 624 491
619 613 537
127 227 537
255 169 263 121 255
453 546 453
613 537 526 782
548 753 548
491 163 613
686 263 686
255 453 472
491 491 453
435 647 647 435
491 491 548
453 189 453 255 255
490 491 127
995 712 255
453 255 453
490 410 490 490
255 355 255 256 548
255 312 255
647 154 404 301 686
613 613 619 613
659 377 548
117 613 117 189 255
453 453 82 647
745 979 745
619 96 610
127 82 548
647 458 647
647 21 642
537 316 435
255 405 268 537
472 471 472
