377 104
385 379 719 157 250
104 394 947 321
390 321 396 320
103 741 250 182
391 377 393
61 61 393 947 377
250 321 381
377 390 380 182
379 383 383 379 394
388 394 385
380 182 250
296 320 868 320
947 295 150 60
394 947 295 472 295
392 387 381
250 351 321 295
390 157 104
181 390 380 385 395
295 288 104
388 157 380
368 61 380
150 379 392 104
397 103 60
150 321 250 376
395 385
391 182 384
385 378 103
391 61 379
391 390 379 295
380 320 947 295
380 320 947 295 396
947 321 61 368
396 379 376
392 157 398 379 628
376 841 869 181 320
379 386 157 385
104 104 393 250
377 397 378 150
385 393 379
390 385 393
368 392 368 320
377 320 393
393 382 295 396 61
296 385 390 378 296
60 321 61 61 393
52 61 321
61 368
379 394 321
385 387 390
52 377 61 104 182
379 719 379
250 296 388 384
393 380 396
376 250 377 393
377 383 383 377 380
377 389 628 628 295
392 157 61
60 295 378 388
182 393 396
52 314 295 378 103
376 18 103
182 393
985 376 104 376
182 182 381
389 104 376
391 390 378 388 296
378 182 378
393 368 392
868 320 377
150 388 157 379
397 295 394 628 628
182 719 841 719 379
379 181 378
376 104 321
381 387 379 380
250 150 104
181 296 377
181 376 380 376 719
150 82 333 320 628
182 157 368 379
104 388 104 387
321 381 60 250
295 60 172 61
182 182 719 376
632 719 182 103 392
384 388 393 382
388 384 390
741 150 379 394
321 379 385 182
395 390 379 385
379 295 394 385
61 390
321 179 394 368
368 52 397 632 397
378 393 296
61 368 394 368 320
397 397 320 394 388
103 18 104
628 394 394
377 381 390
390 389 389
377 387 377 295 376
384 321 181 393 103
61 396 395
387 849 387 384
393 381 149 381
60 387 849 252 389
61 150 181 628 389
368 391 380 60
397 296 320
386 157 377 182
379 388 61
377 380 61
368 387 390
376 390 394 947 377
387 295 385
378 321 395
388 61 483 321
381 60 368 391
250 60 392 368 379
394 388 321 376
103 397 397 393
385 376 390
396 182 379 387 385
376 841 719 379
395 174 121 296 379
397 181 379 368 841
384 321 296
295 389 389 393
390 376 841 376 250
181 384 388
250 160 380
389 150 104 250
390 181 869 182
378 390 181 869 182
104 103 182
396 379 397
385 295 380 377
394 295 103 60
321 182 157 394 295
181 321 150 103
320 295 380 396 395
389 390 377 381 381
295 388 390 397
391 157 250 61 103
320 60 378 379 383
393 388 387 388 104
321 385 395
181 181 397
295 60 60 389
296 379 181 104 250
104 103 320
182 393 388 376 103
60 321 368 368
376 160 385
376 104 182
377 382 157 393
368 321 385
103 390 320 389
390 296 320
376 385 389 611 389
379 377 382
181 283 60
395 296 320
296 321 396
321 150 389 104
382 157 395
103 395 396 390
104 379 368
396 380 103
296 395 390
52 103 379 396 390
181 368 52 368
393 321 395 379
376 393 377 397 719
386 157 181
182 394 181
377 384 388 387
321 150 390 60 321
295 314 17 393
391 391 391
390 385 387
377 383 379 320
390 380 396
947 393 380 103 52
632 397 380
632 397 397
377 656 380 387
397 182 719 376 378
383 181 166 181 296
387 61 368
393 378 60 182 104
104 182 393
397 719 182 389
295 182 719
719 182 296
397 632 397 103 392
368 14 368
761 393 182
385 378 60 381 60
395 61 394
376 390 380 182 321
385 376 342 381 394
379 182 379 393
385 378 60
61 376 283 106 295
250 60 342 277 296
320 61 321 397 397
295 150 381
719 121 518 621 377
391 389 628
395 103 104
181 379 628
104 395 60 389
395 104 320 394
61 104 104 376
390 378 397 64 376
947 60 214 60
389 182 376
181 388 150 321
150 191 150 376 389
382 393 384 181 393
390 385 295 387 376
104 295 388 150
104 390 104
60 392 321
377 390 380
60 947 394 321
380 157 394
381 60 395 396
103 392 321
382 379 397
61 381 377
381 61 381 387 392
384 388 157 380 387
396 380 390 60 393
182 869 181
61 394 628 394
295 157 381 60
150 388 181 386 377
103 122 376 394 368
741 103 379 385
296 376 182 869
60 394 397 719 632
182 394 320
320 734 156 181
181 389 320 104 321
719 841 376 392
395 719 395
741 150 389 295 393
385 389 377
60 179 181 103
379 104 181 393 250
181 104 394 388
377 157 104 295
380 379 295 86 103
60 60 380
379 61 379 378
321 381 344 381
181 181 947
395 385 385 181
378 17 459 464 377
181 320 61 182
376 869 397 160 181
387 385 376
150 389 104 179 104
395 395 296
380 385 376 342 381
396 321 947 320
397 6 389
380 120 377 182 396
321 947 393 104 103
385 380 283 61
382 157 377 379
396 321 182
394 947 321 61
387 198 167 296 380
250 321
378 157 376
295 389 387 380 391
947 947 295
719 632 397 841
60 232 820 207 377
368 379 388 150 103
320 157 342 199 377
397 182 396
376 385 378
182 104 377
295 383 157 61
376 295 943 295 61
388 376 104
320 182 392
390 392 387
393 296 376 122 60
321 396 393
383 157 379 396
181 103 385
379 719 841
390 394 104
392 379 394 368
390 395
377 396 182 389
61 266 61
377 379 382
103 150 179 381
394 60 393
719 182 390 321
396 182 321
394 394 387
320 380 397 320
381 379 394 250 368
321 390 61
382 377 385
321 904 321 387 104
393 381 320 296 387
388 295 385 390 397
947 394 179 376
150 397 379 389
383 295 384 377
150 61 61
390 385 379 394 295
103 385 103 376 395
250 741 377
387 157 104
377 390 396
368 0 368 157 394
388 376 389
389 182 61
321 150 387 381
103 380 182
384 60 104 60
320 60 368 387 250
393 392 61 157 321
320 379 368
376 368 320 103
396 390 387 295 387
395 385 295 389 320
381 390 368 60
104 395 385 387
387 379 182 61
390 377 368
394 182 395 60
388 104 388
378 182 378 296
377 394 61 395
60 321 378 150
628 181 296 296
397 380 320 321 395
719 719 719 376
181 296 103 321
387 250 376
380 396 395 389 376
628 394 182 250
104 393 250
376 103 182
295 393 395
103 392 377 378 296
181 291 203 377
368 393 947
396 379 384
397 378 182 397 719
181 947 947 321 391
61 157 383
388 388 182
380 397 397 869 181
398 295 395
381 397 632 397 103
392 368 368 181
60 250 390 396
392 321 387 376
379 719 296
394 60 320 103
393 84 598 84 250
181 321 157 385 379
390 388 150
181 103 104 182
395 393 387 394 387
387 381 60
386 181 381
377 150 104
295 382 157 719
632 376 250 394 390
868 320 390 393
376 394 387 295
390 61 396
250 61 378 379
368 379 320
103 122 376 394
378 397 632 376 719
380 397
60 397 181 347 61
60 380 387 385
869 181 386 181 947
382 377 128 377
381 157 385
181 376 397 368 60
392 376 387 379
378 179 378 150
376 388 60 397
321 393 342 381 390
391 393 386 393
392 377 959 377
61 393 104
320 296 395 387
385 393 719 376
384 321 947 60 377
60 396 295
388 321 368
395 368 61 150 321
381 320 734 320
632 376 632 632 376
390 390 385 390
390 378 61
387 379 182
379 719 182 61
397 377 52
103 104 182 396
377 0 377
391 60 384
61 396
296 380 182
393 380 396 295
103 368 182
320 376 181
398 157 388 394 385
397 160 181 395 182
719 379 395
321 320 390
295 943 295 394
387 379
61 321 250 377
379 379 296 320 250
376 250 394
389 395 557 395
379 60 389
389 521 766 521 295
182 391 390 296 395
295 390 295 380 376
388 181 351 182
397 394 390 393
381 180 381
381 379 182 379 296
181 388 394 368 392
392 182 394
388 384 390 379 395
150 741 150 368
150 379 394
393 395 395 250
390 396 395 376
398 295 385 379 376
391 376 379 388 378
379 182 321
150 104 368
394 181
321 396 390 379
60 250 295
103 380 387 379
368 392 376 387
103 181 541 181 628
377 390 385 231 181
103 379
376 378 60
60 381 61
388 60 389 379
385 385 385 389
103 352 377
103 390 104 390 296
377 181 388 295 943
396 157 157 381
295 383 379 61
376 321 385
378 157 389 181
741 103 379 385 378
381 179 191 150
384 321 393 296
392 377 385 321
841 397 841 397 377
295 396 390 391
393 60 387
397 368 60
396 380 390 60
103 376 104
377 150 381
295 378 61 181
387 60 381
103 368 295
385 385 60 391 61
869 181 390 395
387 150 389
392 376 320
396 380 393 377 395
380 379 381
397 321 380 181 60
103 393 321 389 61
395 719 841 312 377
376 203 296
376 320 181
387 381 149 277 377
182 395 376 394
182 60 215 295
61 394 387 392 393
60 60 295
250 387 380 396
250 296 397 393 395
719 719 379 382 295
61 483 321
103 53 182 387 379
379 6 389 389
841 841 719
182 321 182 295
377 390 60
383 295 320 320
719 182 389
379 395 396 61
380 656 380 387 182
869 182 869
389 394 397
394 14 64 397
150 377 350 157 376
60 385 321
181 397 376 320
250 181 376 368 250
181 320 947 321
398 295 368 104
397 232 368 390
391 157 398 157 393
394 388 387
182 385 295
295 393 321 395 379
384 379 378 397 377
397 381 397 380 385
719 182 378 397 321
104 160 385
378 179 377 296
381 178 61
250 741 179 388 295
60 397 103
377 385 379
295 181 155 157 395
321 103 123 103
150 393 397
395 908 395
321 947 947 393
320 868 320 104
390 157 60
368 52 103 368 250
869 182 388 295 60
296 321 378 150
389 389 104
381 60 495 384
985 376 122 150
295 296
947 295 396
321 387 395
719 395 376 104
320 390 61
395 396 379 628
376 60 393 377
388 182 387
320 295 84 295
61 321 810 321
377 959 377 379 321
377 395 181 321
388 387 60 104 377
182 295 382 157 719
393 396 390 378
392 387 60
379 391 320 391 376
379 388 376
321 947 393 155 104
321 947 394 393 388
377 250 181
377 839 191 351 296
389 150 390 60
392 157 719 157 61
869 182 385 393
321 182 320 250 379
321 349 321
393 103 61
368 387 381 150 182
379 157 150 388
321 394 61
376 295 385 377
377 150 60
390 381 379
387 394 181
378 60 947 394 103
250 103 283 182 150
61 103 321 394
379 389
391 776 377 947
250 741 150
869 182 60
397 179 378 397
384 157 377
377 122 156 181
382 379 379 376 385
376 296 393 295
368 395 396 320
320 376 181 181 947
61 368 377 947 377
321 103 390 103
392 60 378 385
943 295 250 741 377
377 122 179 157 384
393 295 381 320
296 250 61 377 150
388 378 377 392
397 381 381 397
320 103 320 380
376 368 146 52
383 379 157 394
61 280 60 396
295 308 390 396 295
388 157 387
381 390 368 60 250
150 541 181 283 368
379 377 394 103 104
61 182 389 628
376 157 320
391 377 391 381
386 295 385 181 321
380 177 321 390
103 104 392 103 61
376 385 394 388
388 182 869
321 182 390
296 393 295
391 381 393 181 296
368 392 368 61
104 393 947 181
52 232 60 368
392 387 393 385
321 60 378
384 60 377
377 296 250
295 104 394
103 320 250
104 181 104 368
376 394 394 321
295 321 395
389 103 389
321 396 380 381
104 395 321 378
295 386 377 295
379 397 381 397
181 383 379 719
389 394 103 392 295
60 381 391
376 632 376 388 60
321 560 607 296
388 378 179 397 380
103 352 214 177 377
321 379 295 947 321
150 389 395
381 948 381 150 387
61 376 841 376
869 841 841 397
397 122 179 397
181 379 60
61 602 602 182
388 394 628 389
741 150 295 295
182 390 321 150
321 104 388 295
321 378 295
296 388 384 182 61
381 342 393
653 653
368 390 250
390 394 379 391 377
368 295 181 628
60 320 947 393 393
377 384 390 385 390
52 368 182 390 368
182 395 61 60 378
381 321 397
296 103 295
393 295 276 295 104
761 393 104
181 395 250
103 52 52 397
394 394 379 368 182
741 250 182
393 181 295 60 60
379 381 295 386
377 320 104
388 387 387
397 390 396 390
368 387 390 381
389 395 387 385
320 390 526 250
386 295 368 150
386 157 390 393 321
150 295 382 157 390
386 181 377
103 397 181 397 321
295 383 181
947 181 380
387 380 377 388 390
103 393 182 387
719 182 394 379
628 394 104 250 377
378 393
719 719 632 632
321 904 321 392 392
150 104 157 719
387 60 381 390
377 214 483 377
103 122 377
320 376 296
943 295 943 295 396
389 61 157 385
379 380 393 379
395 379 60 250 394
320 396 390 60 381
380 376 841 368 395
320 396 295 368
395 379 394
395 376 387
378 182 387 387
150 181 389 61
377 385 394 387
295 394 321 250
379 384 60 321 150
380 177 381 387 384
397 632 376 104 390
379 376 632 632
376 321 179 394 368
250 741 103 321 150
387 368
377 851 377
393 60 394 103 378
383 295 390
61 388 394 628 389
150 157 719
376 182 320 390 321
394 182 396 380
381 182 872 61 52
368 104 389 103
150 390
393 376 60 250
392 321 250
719 379 392 60
388 104 104 320
387 387 60 396 390
376 392 387 392
947 320 349 321
181 381 381
103 320 390
376 385 378 182
60 947 295 321
61 295 392
104 368 392 182
387 394 628 379
379 60 391 368 250
320 628 389 394 103
383 379 383 379 391
387 387 250 376 378
295 368 104 321
61 393 388 387 388
61 392 392
389 103 376
379 320 182
368 320 379 61
380 379 390 321
384 60 377 387
379 182 295
320 320 166 950 393
391 389 296
150 378 150 104 394
295 943 295 388 60
389 395 390
321 157 389 104 393
396 390 150
378 181 104 388 387
394 61 179 394 103
321 388 182
368 157 397
321 392 392
376 150 179 378
60 321 947
60 947 60 394 60
295 383 157 378 397
392 321 395 390 321
104 377 262 215 377
61 61 390
394 157 397
181 368 394 60
943 295 389 376
250 387 380
393 390 283 378
321 320 60 387
628 295 947 947
386 295 394 368
391 376 60
295 389 390 103 394
397 379 398
397 296 157 295
104 389 321 156 181
392 376 321
381 182 869 397 320
380 397 60 250 376
381 177 413 232 103
379 386 295 387
104 379 396 320 628
320 394 385
393 719 376 103 376
250 150 390 397
390 393 181
376 388 378 60
393 250 250
379 392 379
182 320 103
296 280 388
104 103 390 381 379
181 388 388 378 385
61 368 841 368
378 179 388 376
389 150 368
296 389 61 296
380 295 398
387 385 393
841 841 376 869 181
104 103 390
61 181 384
394 388 394 393
182 250 368 391
103 376
295 308 182 388
321 396 379 393
383 295 387 392 387
60 379 397
376 376 985 376
628 379 380 377
389 61 393
388 60 387 379 103
392 376 390
103 250 295
379 390 380 385
296 60 150
380 387 393 389
379 60 103
391 295 390 393
379 380 320 396
320 179 381
103 320 396 379 397
321 61 172 486 377
387 378 379 60 392
394 182 378
296 376 388
395 103 60
295 182 393
947 181 182 378 182
61 368 387 387
397 320 396 393
392 182 103 182 60
250 741 377 250 250
389 157 396 380
52 157 321 387
384 390 181 388
381 342 493 14 394
379 396 393
388 376 60
396 295 381 948 381
321 250 379 60
377 389 150
392 103 378
320 391 295
376 841 869 397
391 157 387 296 719
320 321 394 295
387 395 387 381 379
52 786 519 61
383 383 181 320
103 741 377 316 379
320 868 320 104 61
103 393 388
150 60 61
60 250
103 283 103 379 104
295 394 376
103 64 103
295 250 376 377
295 393 381 61
295 250 104 395
388 394 376 395
841 719 379 392 60
385 60 394 947
250 368 392
321 61 213 182
376 182 283 368
61 394 947 320
52 397 719 719 182
387 118 387 394
296 60 157 150
395 396 390 384 393
296 320 868
381 393 385 60
103 392 392 103
368 394 385
181 181 182 381
719 157 386
376 103 376
397 632 397 60 250
103 537 74 308 390
378 295 387 376
103 379 384
947 393 181
386 379
394 397 60
395 396 379
943 295 60 295
378 397 64 376
719 632 397 397 295
396 295
250 377 120 758 61
378 181 181 368
380 182 395
377 380 656 262 377
295 628 379 103
741 377 250 250 250
386 560 386 393
321 60 377
387 387 250
719 632 397 719
379 60 397
377 60 395 379
388 182 390 385 389
384 393 387
61 503 213 182 396
368 182 719 632
321 61 388
368 321 321 150
387 295 179 181 397
368 150 378 295
382 393 295
295 60 60
379 250 181
393 104 60
628 379 320
391 389 628 389 320
392 387 377
181 394 250 321
389 321 947 320
381 60 388
393 761 393 321 397
295 320 376 321
380 390 104
719 395 295 384 182
182 296 397 719
368 377 961 377
61 387 384 182 377
295 182 393 250
381 320
368 61 378 390
295 384 379 250
377 382 393 377
150 379 182 872 61
379 378 182 150
381 377 961 377 394
376 385 182 182 150
368 320 380
182 182 380
296 181 390
250 610 250
296 393
181 389 376 296
389 320 250 104 389
295 368 157 386
719 395 376 385
394 397 181 6 296
376 181 320 295 943
390 150 379 719
376 321 388
376 321 103 150
377 227 377 383 383
377 104 387 250 296
386 295 628 320 868
397 296 82 295 377
388 182 390
393 947 393
390 396 308 396 379
380 397 182 395
60 181 378 179 378
368 392 86 377
387 393 182 296
181 150 379 368
397 719 379 181
385 376 394 394 321
103 385 376 321
378 376 392 296 320
392 393 387 392
385 181 295 103
381 397 378 385 181
368 321 381
841 368 379 382
387 376 250
385 103 741
719 379 628 628 389
394 385 379
181 379 6 389 389
181 157 378
376 250 166 250 395
381 321 379
379 378 393
295 313 295 60 104
394 389 321
296 378 388
321 301 150 388
386 377
377 392 60
61 296 378 379 182
388 376 719
390 150 377
385 103 321 397
396 379 391 376
379 60 250
376 6 308 182 321
396 379 379 250
150 182 391 182
321 393 719 719
181 104 321
376 104 60 321
869 182 397 841
378 378 60
61 503 213 182
943 295 388
394 388 321
394 60 394
377 403 377
320 368
393 283 388
104 60 393 181 376
368 395 390
295 321 810 296 395
390 385 387 379
376 122 397 381
295 368 387
378 181 386 379
150 377 575 351 250
104 150 390 390
719 379 381 948 381
321 321 388
104 395 390
395 390 394 368
295 384 379 719 393
392 368 320 389
378 385 182 392
321 156 381
379 60 392 103
61 381 61 395 104
947 947 321 384 388
103 321 104 150
841 719 397 179 377
376 841 397
150 321 396
380 440 321 391 377
368 390 103
296 389 390 390 368
397 150 60
150 388 393
103 368 283 392 295
295 391 390
61 537 103 103 295
182 167 296
61 394 390 397 377
397 157 103 320
395 376 320 381
321 283 390
395 390 150 321
368 368 397 869 397
182 104 103
385 389 295 394
181 388 388 378
104 395 376
368 61 396
395 60
397 393 377
388 394 368 392 60
103 52 61 321 104
321 368
381 157 150
150 381 380 377
387 150 389 296
381 182 719
841 368
295 60 378 385 182
391 61 150
381 393 390 389
103 250 60 181
394 381
321 904 321 391
385 295 381
389 181 384
389 181 250 103 376
395 376 393
150 182 150 250 377
388 388 249 296 376
376 320 368 377
377 295 383 377 295
377 378 321 381
368 181 947
397 381 381
61 53 221 317 295
60 388 179 60 378
376 376 632 397 103
61 232 368 390
52 52 397 719
947 394 397
377 575 351 250
388 388 387
390 395 60 296
384 393 390 182 384
394 60 394 389
61 182 396
377 384 60 388
394 379 398 295
296 378 376 385 385
385 182 104
376 182 283 368 103
60 295 398
393 368 393 250 321
250 379 398
296 473 403 377 321
385 379 390 388
61 150 368
388 388 296 392
379 384 379
380 14 270 280 388
377 494 395
295 150 376 103 52
296 719 397 181
150 741 150 397
385 181 295
379 394 182
181 167 182
389 283 390
947 393 382 379
394 947 321 61 368
60 394 947 947
397 841 869
384 60 391
379 250 393
377 320 295 943 295
60 376 368
719 379 181 389
376 985 376 296
104 104 387 523 387
368 295 397 378
377 61 182 381 61
295 382 377
52 53 232 380
378 387 296 103
182 182
380 397 320 296
719 182 390 376
320 947 377
385 181 378 182
295 388 377
376 181 383
947 393 382
376 308 393 396
381 157 394
181 380 296
389 537 103
250 321 395
947 377 395
741 741 377
390 397 380
377 389 385
368 321 396 379
378 393 387
296 103 60 394
381 321 60 377
388 157 321
295 398 295 296
381 394 103 122 397
321 150 378
741 250 387 378
841 376 395
381 177 321
295 60 177 232 103
719 52 595 52
393 382 377 128 377
320 250 379 393
321 947 393 104
181 383 383 379 368
376 179 320 377
61 381
295 394 388 60
387 387 104
389 394 368 390 296
719 379 250 60
60 181 394
321 381 390
393 384 388 394
719 719 379 628 628
379 382 393
182 157 368 321
181 385 60 389
61 394 104 150
869 376 321 296 320
377 394 60
103 380 320
150 387 182
60 231 841
947 393 104 103 181
104 295 386 181
320 296 387
368 395 377
150 378 388
387 384 157 381
295 628 320 868 320
719 395 295
61 376 376 393
60 321
150 104 295 385
104 321 103
383 383 181 296 392
397 378 376 379
392 295 392
384 377 377
389 296 295 390
60 377 380 379
388 377 182
60 157 384 363 296
395 385 295 389
52 61 380 391 390
150 378
388 296 397
719 379 250
368 103 320
376 379 628
321 483 320
181 295 394
296 387 392 390
387 385 376 296
377 387 182 397
296 321 947 377
181 394 394 104 394
385 387 389 321
387 378 182
397 321 321 103 181
392 157 387
182 394 320 396
390 182 103 150
250 61 150 388
379 377 394 390 393
150 378 321
394 160 181 250 393
393 321 397 320
385 103 321 378
376 122 103 380
104 368 377 393
296 389 376
947 181 157 382 393
321 157 385 379 388
392 103 61 60 395
379 378 387 182
296 320 182
377 376 632 719 296
321 390 61 390
384 182 378 390 394
381 390 150
182 869 182 393
61 389 103 397
869 182 388 390 60
320 628 389 104
389 157 379 60
393 368 60 391
296 61 378 378
368 841 869 841 869
320 296 392
397 632 376 387
396 393 160 394
947 320 628
181 377 659 659 377
61 391 157 250 61
380 387 378 321 397
103 390 388
295 947 393 380 103
392 60 385 394
386 393 380 377
741 377 947 947 393
395 321 179 394
628 628 379 380
385 395 296
393 321 321
368 52 368 61
296 397 52
397 397
391 61 388 283 320
390 396 320
61 321 390 391 381
853 82 104 182
181 376 385 389 181
182 157 150 397 182
368 368
390 377 321
388 61 396
393 377 659 377
296 810 393 394
387 388 388 388
296 203 376
320 628 379 296
393 295 376 321
52 157 389 385 103
397 181 157 396 377
60 396 379
628 628 181
397 295 104 181
52 537 389 104
393 381 380 157 104
150 321 384
321 250 379
719 395 250 295
295 308 320 381
393 182 394 320 396
395 396 61 181 295
381 390 395
103 379 379
391 390 393
250 60 368 157 376
376 368 320
397 632 397 182 103
387 392 295
60 104 393
380 680 380 396
295 385 103 60
389 320 61 380
393 395 389
376 385 182 182
60 296
295 392 379 181
250 182 719 397
321 61 368
388 384 182
394 104 250 377
379 719 632
387 321 378 296
387 182 150 104
296 342 376 250 104
397 376 395 385
384 295 388
397 379 389
368 182 150
378 379 395 719
320 321 380 390 104
104 393
377 546 615 422 393
395 152 345 179 376
320 104 295
103 378 397
392 60 376 379
947 321 391
320 616 320
295 381 320 65 320
368 182 388
396 377 387
376 181 628
377 231 280 179 181
150 368 390 379 379
52 719 376
390 103 320 396 379
385 390 103
321 385 103 53 182
389 391 390 380 60
394 60 172 295
295 393 391 320
947 320 376
390 396 395 377
182 60 296 380
390 378 393
295 181 379 379 150
395 295 471 295
182 60 321 947
368 391 393 296
295 628 389 385
379 389 150
395 295 943
394 388 394 250
384 390 377
150 390 387 377
393 379 385
869 376 157 52
393 396 157 296
321 385 103
391 60 378 379 376
379 628
321 381 157 385 377
295 395 103
103 389 103
295 394 385 385 380
181 541 181 182
388 393 385
182 396 61
182 394 104
321 947 181 947 60
377 656 380 377
250 182 103
381 320 389 181
389 104 179 121 719
389 104 179 103
386 377 382 393 377
295 459 19 121 719
296 376 397 368
943 295 393
391 368 61 378
393 181 104
947 181 380 440 368
320 394 104
382 157 103
250 104 388 379
368 390 393
381 377 391
321 390 320 381 61
376 719 632 397
61 380 295 379
296 342 179 397 381
250 295 386
387 387 60 396
368 160 250
394 320 397 394
150 741
381 182 380
377 351 321 397 296
150 378 393
182 397 397
60 368 841 841 368
376 166 377
393 387 60 377
392 321 389 150 390
250 387 394 381
389 376 376 182 320
379 150 104 394
61 182 368 376
389 393 391 182
368 157 719 397 632
393 384 377 387 378
52 719 719 182
295 179 103
150 295 393
381 379 381 61
381 179 869
379 384 181
379 386 295
379 104
61 301 52
296 295 386
320 376 321
61 232 397
320 396 321 60
378 388 321
381 181 320 393
61 182 181
181 296 103
379 321 384 379
368 60 376 387
181 167 491 377 378
377 486 377
377 199 278 179 321
390 385 378
295 390 182
390 60 387 182
103 368 103
390 381 397 632 397
390 385 390 395
394 377 182 250
296 379 150 181 381
389 320 391 321
397 380 182 869
61 396 390 376 376
380 385 377
295 384 182 869 376
389 390 368 387
250 150 150
376 150 381
320 381 321 391 320
104 295 389
719 157 719
182 378 378 390 391
389 150 378 388 393
250 113 434 296 182
379 181 385 60
378 295 320 376 321
181 150 295
394 389 390 378
390 368 387
387 388 394 389 394
391 60 384 295
397 52 719 52
628 379 381
389 181 388 379
391 389 379
377 378 377
377 129 440 215 150
379 376 377 384 60
390 157 52 61
320 104 104 182 296
377 383 383 377
393 150 122 95 61
321 384 60 60
377 391 157 397 379
295 179 181 397
628 320 376 388
60 150 295
182 103 380
376 295 384
60 394 947 320 60
376 182 61
397 632 397 103
60 182 387 61
761 393 321 397
985 376 296 719 397
296 495 377 959 377
395 389 376
61 172 486 377
377 130 388 150
395 395 390
377 782 526 14 389
383 383 377 380 387
393 433 217 433 393
321 60 396 320
380 381 320
321 396 182 379 387
182 351 181 295
103 380 387 380 377
321 381 157 387
387 104
383 295 389
376 18 104
61 392 379 386
60 182 719 841 397
379 103 378 283 389
379 103 392 379
61 61 391
321 390 377 385 378
377 839 377 395
376 250 394 388 296
52 52 595 52 52
181 60 296 387 392
104 390 296
393 810 180 349 320
104 321 387 395 377
61 296 390 181 628
320 394 61 395
397 179 321
397 320 394 104
250 741 741 377 741
61 52
985 376 296
376 376 182 320 390
295 295 385
295 104 395
628 389 389
320 628 181 379 383
60 378 385
379 182 377
321 385 378
397 719 397 381 295
397 296 320 250 741
383 379 397 181
250 394 377 396 295
388 387 389
719 296 385 389
391 380 321 384
296 387
377 385 182 395
397 320 390
385 182 395
60 390 321
376 166 221 52 103
389 391
379 150 376
381 182 157 385
396 321 390
368 391 377 393 393
321 379 395
390 395 181 103 150
393 378 181
377 381 391 776 377
376 985
104 392 60 387 385
321 295 628 628 295
320 103 376 985 376
394 368 61
379 103 379 384 387
182 295
741 250 393
295 385
396 321 379 321 320
719 376 61 393
150 181 397 182 719
377 215 295 628 295
250 376 377
382 157 383 181
376 157 396 182
377 149 150 368
320 156 320
181 320 393
377 231 656 377
321 104 250 150 368
60 387 157 182 394
391 379 386 181
391 390 396
869 182 182
384 157 391
380 321 295 377
181 384 379
394 385 295 383
295 182 390 396 295
181 947 60 182
384 321 394
386 377 295
295 182 387
295 394 385
393 368 150
628 394 377 381
394 385 376
388 157 344 200 380
60 219 181 388
380 182 380 321
388 394 393 250
947 321 384 388 394
394 947 320 60 368
295 943 295 150
103 376 632
869 376 103
295 82 368 393
390 387 295
296 376
379 384 295 393
390 103 394 628
181 381 344 377 391
393 104 387 157 250
397 377 384 387
377 182 103 378 387
104 394 385 390
381 379 377 61
377 316 231 841
391 389 393
383 377 398
395 376 166 250 181
103 368 841
380 379 378 379
376 387 250 394
397 182 390
869 397 632 632
368 387 60 377
397 393 296 167 377
390 103 385 378 295
391 182 378
150 397 390
296 190 296
394 182
296 405 129 296
150 182 295 321
368 397 52
390 384 393 61
296 397 379 378 296
390 376 6 397
394 377 182 295
182 296 296 320 389
390 378 388
382 157 376
181 393 103
368 250 104
295 377 398 377
381 180 393 162 389
377 397 60
321 392 390 387
379 391 320 391
60 395 250 368
150 378 385
389 394 379 388
376 250 103 392
103 393 321
377 394 376
380 390 60 393
379 397 182
389 295 943
391 381 320 60
295 390 389 611 389
387 387 157 395
390 387 378
296 385 393 385 295
320 593 320
719 182 393
150 397 60 381
379 60 392
296 376 179 376 389
321 321 385 376 368
181 393 160 250
387 295 60
368 390 390
393 157 379 390
61 396 390 320
296 182 182 869
382 295 182
379 388 182
393 250 741
390 377 381 381
394 393 385
296 320 321 104
61 104 387
321 182 61
104 320 394
60 377 526 103
321 379 397 181
391 393 103
389 391 390 396
387 250 390 392 61
387 389 182
390 150 388
103 296 389 390
377 959 377 782 377
719 632 632 632
382 157 295 60 392
385 389
295 103 376
381 380 377
250 1 377
394 321 396 61
386 379 389
320 628 394 321
104 376 181
397 380 182 388
377 388 182
376 719 395 376
390 391 389 181
61 104 376 397
296 378 376 182 61
181 376 719
377 250 60 296
395 379 388
295 387 392 104
368 390 378 150
390 387 389
320 179 376 392 377
182 392 392
389 157 398 157 385
719 393 378
393 320 103
383 377 392 61
61 103 18 104
181 393 60
320 295 385
296 321 396 182 379
393 390 157 382
320 308 390
295 943 295 181
321 150 387
182 391 60 395
182 61 380 103
393 385 390 368
379 295 182 384 377
378 393 296 389
320 295 320
376 379 384
104 377 321
719 632 719
385 385 296
380 295 376
393 381 394
377 389 390 181
321 947 320
392 390 368 250 60
60 321 320 376 103
380 680 380 393
390 394 947
320 250 60 396
60 219 181 947 181
182 390 380 377
393 104 104 395
295 182 387 381
250 61 376
250 741 150 295
321 393 379
389 103 182 376
181 390 379
320 296 392 379
869 397 52
104 376 390 296 320
376 392 157 296
103 380 103 378
392 368 379 395
390 380 390 321
60 392 182
387 60 104 393
250 157 385 321
397 632 719 632
841 719 841 841 368
719 296 388 394
389 182 150
378 61 181
104 394 377 122 377
393 321 61 380 387
397 381 320 389
377 62 295
377 383 377 181 61
368 368 104 376
377 378 182 378 390
389 104 395 376
391 61 388
320 377 394
60 376 379 398 295
394 179 179 181
321 321 103 181
103 376 869
392 379 379
389 393 396 182
321 546 397
104 389 387
181 869 179 60
103 215 377
394 179 376 841
104 103 368
296 320 60
61 376 376
61 295 391
295 392 393 320 394
389 104 60 376 295
386 393 71 162 393
182 213 61 368 387
393 393 103 60 392
295 392 379 378
389 295 385 181 295
389 391 379 321
320 320 533 393 947
393 719 632 719
250 610 472 295
182 250 150 122 377
397 381 381 182 378
181 250 150 376
296 390 379 389 295
182 60 393
394 385 389
392 157 344 377
377 157 719 393 380
381 321 182 393 388
381 157 393 150 381
60 394 250 182
60 379 384
368 387 366 387
384 295 157 387 295
381 321 391 320 628
389 181 388
397 122 179 321 182
320 283 389
377 182 103
377 397 841
382 157 388
377 403 133 52
104 392 61
296 549 104 379
719 395 296 393
376 321 103 60 320
376 166 250
250 379 393 386
391 390 181 386
182 397 296
376 320 391
60 321 150 387 381
320 396 60 60
296 380 387 104 321
393 387 321 376 368
393 392 157 387
377 391 389
61 378 388 150
320 61 391 390 378
60 395 250
393 387 384
396 182 396 61
869 397 394 390 393
103 215 248 215 377
321 250 376 368
395 296 105 296
295 628 628
393 376 104
394 321 179 397 150
376 60 947 394
397 380 385
376 320 389
391 295 383
60 320 213 61
321 283 389
377 378 385 389
103 295 321
398 157 384 379
52 368 182 390
390 296 380
397 379 396
384 390 379 383 379
389 292 389
719 296 250
150 377 368
250 182 393 394
103 320 380
380 385 295
388 379 181 397 390
296 526 181
295 576 526 390
389 390 368
52 377 104
394 181 384 387
295 295 295
377 394 377 782 377
377 103 181
628 394 60
632 376 368 146 52
296 389 385 377
396 295 150 250
741 179 388
320 61 264 160 376
377 959 377 491 378
150 179 397
61 396 182
378 385 394 104 392
397 632 719 397
182 396 379 396 61
61 393 283 377
295 387
376 307 376
321 395 376 985
397 381 60 104
295 157 387
60 321 368
392 393 388
719 52 377 395 385
396 395
295 389 60
396 321 947
296 719 632 376 719
379 376 182 390 321
321 385 389 295
391 157 397 379 381
60 397 719 379 381
380 390 157 396
52 368 181 103
395 295 392
60 376 179 388 394
378 150 377 104 392
320 320 390 395
719 841 841 376
368 181 388 296
389 182 250
385 376 392 60 376
394 104 394 388 321
392 368 321 296
376 395 389 60
182 389 104 250
389 321 61
394 947 320 397
150 381 380 397
181 386 393
320 104 61
377 321 368 393
393 387 60
181 295 182 390 396
181 947 320 947 181
103 392 295
321 389 394
61 53 380
385 387 393
393 384 60
390 394 379 391
381 391 295 383
377 377 347 61 380
296 321 320
368 379
397 397 632 376 397
393 379 104 390 296
398 157 385
397 379 320
380 380 380
60 182 393
104 395 385 387 389
377 383 383 295
390 395 321 381
632 719 157 383
376 387 295 398
377 150 377
393 157 385 376 390
295 311 756 227 377
393 250 1 232 61
379 378 321 392 387
320 60 250 61
378 296 388
381 179 295 398
60 250 376 388 377
368 250 368
376 296 387 384 182
182 308 581 65 380
103 342 157 395
394 387 104
296 379 182 181 377
182 384 60 104
397 394 388
