375 476 375 328
989 989 329 478
108 356 329
357 258 108 111 258
66 477 329 91 329
108 409 108
375 143 258
478 121 147 329
108 476 108 329
478 66 477 375
90 469 66
357 328 90 328
112 373 404 357
328 66 111 375
110 474 96 21 329
66 375 475
143 325 478 477 478
258 66 91 478
478 514 514
108 190 108 111
652 108 111
328 258
108 91 477 90 477
329 410 183 357
90 494 328
108 112 356
108 108 375
66 329 328
90 108 356 258
329 514 108
90 469 112 469 112
478 111 110 258
258 66 477
328 66 112
514 91 110
112 469 477 258
329 476 375 110
329 357 357
375 66 329
375 478 357
108 477 108 90
66 252 105 114 375
66 478 143
375 476 375
375 477 329
328 560 329
375 111 110 111 110
258 329 652
357 112 258 110
108 478 477 478
258 328 478
477 329 410 107 258
478 258 143
258 111 258
478 652 478 258
108 328 90
112 91 90
357 328 108 111 66
478 105 478
90 477 258
112 476 329
110 108 478
328 478 112 108
108 652
989 329 329
357 480 356 357
143 108 356
112 357
112 375 110
477 108 469 375
111 66 477
66 328 108
108 93 143
329 357 91 356
328 327 328 328 90
329 91 66 469 66
477 477 469 469 375
258 111 375 143
90 90 86 90 375
375 91 989 329 329
356 108 477
112 66 91 989 989
108 13 476 112
108 67 66 108
329 258
375 474 375 480 329
328 327 328
108 91 110
375 356 424 113 329
66 477 90
112 80 474 420 143
112 476 112
357 107 174 564 258
328 66 112 375
110 111 110 110
258 111 375 143 375
258 375
143 357 108
328 328 258 90 328
477 90 477 90
258 375 356
375 356 112
478 375
375 108 494 108 514
477 474 90
111 108 469 375
258 111
356 434 474 111
652 329 477 108 375
329 258 469 258 356
328 514 108
356 112 112
514 478 66
112 112 469 258
478 424 258 477
258 258 143
66 338 434 356
375 356 671 356
258 478 478 652
258 468 162 90 66
328 90 90 477 375
328 66 258 66
329 83 121 143
357 357 356 258
357 356 480 357 328
90 329 69 356
66 328
111 66
66 67 108 357
375 375 112
66 111 84 419 329
143 420 314 18 258
258 66 66 91 375
66 328 258 1003 258
329 68 68 329
111 108 258 143
357 108 258 143
375 477 329 476 375
477 91 91 108
66 611 252 162 90
329 477
108 514 66 329
478 84 110 478
375 66 111
375 81 405 356
258 258 108 143
143 197 143
66 91 989
329 113 329 258
514 91 258
112 356 474 357 375
477 258 108
258 165 329
329 989 91 478
375 111 478 357 328
90 90 375
477 478 357 112 112
66 478 477 91 108
258 1003 258 66
258 474 143
329 255 694 484 143
329 69 10 329
329 486 356
356 80 112
143 469 477
111 258 143
652 108 69 13 375
258 356
258 90
66 108 111
111 108 328 66 514
329 477 478
258 476 474 375
328 478 328 143
478 329 989 989
356 108 477 329
328 357 329
258 108 111 258
143 328 478
514 66 478
108 477 329 108
258 112 80 329
357 105 333 13 478
478 111 108 108
478 258 112 375
328 66 258 66 108
90 11 362 356
356 301 357
112 469 143 108 143
329 495 329
652 108 110 258
108 375 111 66
356 375 91 357 258
375 478 375
108 143
477 478
328 329 652
108 328 143
110 478 652 108 514
989 91 112 375
108 91 108 111
110 121 365 329
143 480 357 478 514
375 90 477 91 477
66 375 80 356
328 90 86 328
357 454 357
357 375 478 357
143 758 91 356
108 143 328
112 478 478 112
258 108
478 357 328 514 108
357 91 477 258
258 143 90 91 514
108 143 474 66
357 589 357
477 66 469 375
108 494 108
478 375 110 111 110
66 478 111 66
329 290 198 329
329 476 478 329 989
108 112 469 258
328 375 183 108
356 474 110
111 110
328 91 357
66 560 775 560 66
143 142 375 143
108 469 112 356
90 409 474 66
112 478 356 91 477
514 91 329
478 474 91 469 66
258 328 357 328 258
112 476 112 478 329
375 328 478 108
357 108 91 108 111
143 91 66
90 66 477
478 62 329
112 469 91 112
329 357 454 357
258 831 258 469 477
478 474 258
90 106 353 828 356
90 258 356
90 86 328 329
258 108 375
989 91 112
329 478 112 476 329
329 258 356
329 514 108 474 111
66 389 611 66 90
90 328 375 108
652 108 66 91 328
652 513 183 80 357
328 329
357 80 183 375
143 90 478
328 66 67 108 357
258 932 450 329
111 474 476 108
478 90 143
514 514 328
357 328 108
477 108 143
108 90 13 357
989 329 258 328 478
357 329 652
328 258 110 375 112
329 478 110 478
514 474 375 90 375
328 108 108
111 478 108 112
66 108 514
478 476 112 66
329 469 112 357
356 91 357
478 477 478 357
143 326 64 357
329 419 365 258
375 111 110 375
375 477 478
143 469 375
143 90 477
110 91 328
478 105 258
258 16 375 514
328 328 357
475 375 111 66
111 66 477 258
357 357 258
329 13 514
514 971 514
143 480 357 478
258 91 356 375 328
478 478 329
111 375 143 375
375 112
328 108 329
328 514 108 477
357 143 90
258 477 90 143
258 477 375
478 90 478
258 328 258
66 514 91 110
477 469 375 183 356
328 258 143 90
258 410 258
329 69 356 356
328 86 10 329 375
477 478 329
329 469 143
478 112 469 90
475 375 329
66 252 66 258 356
90 328 478 477
514 66 477
108 328 66 112
90 328 143
357 108 90
514 514 514
375 143 91 477
478 111 258
108 329
375 476 112 258
143 328 327 328
143 90 258
108 652 108 300 329
478 111 108 108 143
258 375 90
66 66 91 357
90 66 66 90
652 163 652 329
108 476 112
258 62 357
514 91 989
108 357 143 90 329
329 245 329
357 112 478
328 66 66 514
357 81 460 328 143
258 490 513 474 66
375 110 375
112 356 256 357
478 84 110 478 258
477 91 91 108 108
66 469 143
375 91 477 90
328 143 469 329
478 90 258
357 112 357
328 460 328 143
328 328 514 91 478
328 327 328 328
652 478 357
258 468 121 375
66 66 90
90 375 357
111 478 110
258 38 258
258 160 306 478 329
357 258 329
110 375 111 258
328 514 108 477 258
108 420 230 375 329
477 91 758 143
478 111 110 110
375 478 111 258 477
108 110 478 108 652
111 375 143 375 258
514 66 91 357
357 375 476 375
108 514 328
356 91 329 514
143 108 110
375 90 66
329 514 478
329 671 329 328 90
375 514 478
329 478 375
356 249 329 258
375 328 329
356 329 108 375
375 91 477
108 110 258 357 357
143 478 357 328 514
375 143 328 514 514
375 110 111 110
258 476 258
66 328 327 328 328
329 375 90
477 478 110
108 469 112
111 478 90
375 110 258
375 108 66
356 357 328
375 478 108 110
357 105 357 290 143
112 51 198 258
477 477 477
258 328 108
375 478 328 375
108 514 108
357 424 357 143
328 328 90
375 91 110
143 128 197 143
258 112 375 66
258 375 375 112 258
111 110 478 478
110 474 258
66 111 66 478 357
652 478
478 514 478 478 110
108 111 258 478 357
477 478 108 328
329 477 90
112 476 375
329 514 328 375 477
90 90 478
478 477 478 357 329
329 989 989 329 478
357 478 328
375 476 375 328 478
375 91 110 478
108 111 66
329 66 469 258
329 469 66
112 469 90 477 477
66 112 356 256 357
66 478 258
375 424 329 477
477 375 375
478 514 329
108 652 478 110
478 110
329 469 258 110
375 671 80 357
475 375 671 356
111 110 111 108 356
477 477 258 143
111 478 375
112 258 111
989 91 989 329
112 91 66 514 478
112 66 112 108
356 82 310 365 329
375 424 329
110 478 478 356
375 478
329 363 422 84 111
357 328 108 90
143 91 90 477
112 356 258 143
329 989 91 375
356 108
375 469 469 258
375 96 329
478 476 112 258
357 108 357
108 409 108 652 329
375 577 375
477 108 476 108
143 375 357 328 328
258 831 258 143
108 91 357
66 90 478
108 514 474 110
652 108 110 258 329
66 90 328
90 328 375
478 111 375 13 90
258 90 329
66 66 90 143 329
328 86 10 329
329 514 66
478 91 375
356 16 357
258 474 258
111 110 110
110 111 66 480 357
356 258 110
478 112 469 477 258
478 112 108 258
90 469 478
375 357 328
478 112 108 477
143 328 90
375 91 477 375
375 6 375
258 91 989
258 357 357
143 325 478 477
111 110 478 478 356
375 80 21 82 356
477 91 477 108
110 258 108 476 108
356 375 477
357 474 66
111 108 469 112
375 110 108
111 108 514 375
375 301 356
258 477 108 357
258 132 282 21 357
258 256 362 11 90
66 328 328 258
356 480 671 329 66
110 258 108
375 111 66 477
478 90 329
258 108 476 108
989 329 478
514 478 478 110
478 110 110 110
375 282 375
375 476 329 91 66
66 90 11 91 112
514 478 469 478
357 91 258
357 329 514
329 328 258 328 328
112 469 469 258
329 671 357 112
90 478 652
477 90 143 90
108 108 652 478 110
329 671 357 329
375 90 258 1003 258
143 108 476 112
329 91 66
478 357 375 476 375
111 474 474 91 143
110 108 375
143 31 612 84 110
478 282 357
356 112
357 474 91 90
258 476 478 478
108 652 478 66
329 306 5 375
143 18 258
356 160 143
375 476 478
258 110 110 110 258
329 476 375 475
112 474 340 329
478 108 143
258 478
478 477 108
111 110 111 375
108 476 108 109 108
328 329 478
143 51 375
329 410 329
329 20 230 375
111 474 375
111 110 478
329 474 375
375 328 108
375 477
110 478 121 480 66
110 478 329
110 478 652 108
328 375 112
357 375 91 477
375 258 477 329
110 110 84 478
111 258 477 477 90
514 66 90 143
357 5 318 442 478
143 329 477
356 91 110
66 478 90
111 108 329
108 66 329 476 375
357 357 112 66 375
90 328 90 108 514
66 478 112
90 329 69 356 356
475 375 111 110
375 328 331 328
110 111 108 356
108 328 66 477 477
329 108 108 91 478
356 896 112 66
112 356 357
477 91 328 108
90 477 477
328 328 108 112
328 375 111
143 90 328 328
108 258 1003 258
111 66 375 90
258 108 111 478
357 424 375
357 108 375
475 300 475
111 66 375
110 110 478
258 564 258
329 375 356
328 90 478
375 143 357
143 91 110 478
328 108 478
356 424 113 329
328 66 514
357 375 143 357
477 477
258 112 375 110
108 91 478 90
356 249 329
143 143 91 356
356 91 329
258 112 66
258 66 469 66
258 143
143 375 108 112 112
478 469 258
111 375 478
110 111 258
66 328 108 375
514 108 108
375 475 300 475
477 258 143
143 328 258 143 90
375 356 329
66 328 478
356 258 132 258
329 476 375 477 329
989 329 258
66 90 108 90
110 91 989
90 477 477 90
357 328 514 375
328 91 356
108 91 110 478
110 375 375
328 328 258 90
258 477 478
478 108 110
477 375 469 112
478 356 478 143
258 357 258
356 896 112
329 187 663 375 375
989 91 989
258 110 121 480 356
66 108 494 90
108 375 514 478
357 108 143
356 91 258
111 258 108 112
258 112 469 66 112
989 91 112 375 143
143 478 357 328
329 90 66
108 328 560 329
108 328 329
258 476 474 108
111 66 480 375
111 66 478 357 143
477 478 84 84 111
375 477 469 66
477 91 90 478
375 183 356 258
110 91 112 368 112
356 375 478
112 469 478
143 478 66
258 198 258
478 110 474 42 329
375 21 329
329 91 143
112 478 329
90 90 64 66
258 375 258 329
258 282 478
258 477 375 112
478 424 326 84 478
989 91 477 478
90 328 91 989 329
329 514 328 375
329 143
478 111 375 357
110 478 108 652
90 375 475 375
90 478 329
110 111 66 112
258 421 23 37 112
329 410 356
110 375 329
477 90
356 329 375
478 356 362 356
514 514 329
328 66 477
108 108 110
143 91 989
258 282 258 198 258
375 424 329 477 90
514 474 514 108
329 896 112
108 111 110 111 66
90 469 469 90 108
652 329 477 108
108 329 478 110
110 110 258 112
329 476 478 143
329 989 329 143
110 258 477
258 478 143
143 166 3 434 478
112 476 112 66
110 121 480 356
652 333 329 989 989
329 514 328
514 108 67 66 108
110 91 143
356 375 375
478 328 108 329
357 568 357
258 328 327 328
328 474 469 143
652 478 108
357 424 478
514 514 478 469 478
258 111 375
477 258 356
329 478 110 478 111
478 258 112 375 110
108 66 91 328
143 375 108 258 66
357 143 90 329
478 469 91 108
90 90 64 165 329
258 112 112 375
258 110
477 375 357
375 143 375 258
328 478 258 328
478 469 258 108
112 469 91 66 375
258 831 258 112
375 476 375 112
143 329 184 329
514 478 478
112 478
66 469 108 514 108
478 258 90
652 478 90
111 478 652 329
514 329 143
477 477 469 375
258 831 258 328
258 478 90
375 474 258
478 110 108 66
375 663 375 477 108
329 469 478
375 424 83 478
478 375 66
478 357 112 112
477 478 108 328 329
329 514 329
328 478 84 110
478 486 201 18 258
66 478 478
108 494 90 375
375 671 356 108
652 478 111
375 514 91 989 989
357 480 375
329 478 111 110
375 112 478
66 91 357
111 110 91 91 258
989 989 989 329
258 375 111
514 375 91 110 478
110 91 478 66
90 108 328
108 357 375
110 91 357
90 328 90
478 84 84 111
329 91 91 328
514 328 494 108
478 357 328 258
110 258 112
108 420 230 375
356 258 66
329 474 375 91 90
989 91 469 66
258 258 112 112
329 357 474 375 328
375 21 489 229 143
375 112 112
478 258 111
478 476 478 356
514 375 90 375
356 108 90
478 652 478 90
90 90 108
90 328 143 90 478
375 108 108 652
108 258 375
375 112 357
357 80 356
478 477 329
329 143 143
329 476 375
357 474 375
478 108 357
90 469 477
514 478 111 110 110
356 478 328 357
375 108 91 110 478
110 478 112
90 328 91 357
514 108 477
375 329
375 90 477
357 329 514 328 375
110 375 356
66 375 356
258 357 424 375
375 478 652 478
514 514 375 108 328
112 108 478 477 478
477 108 357 357 108
143 133 143
375 478 652 108
258 108 478
652 108 478 476 108
375 183 108
357 356 258
329 90 477
258 108 111
258 375 514
112 375 889 375
514 328 478
90 86 90
258 476 108
108 469 469 329
108 258 66
375 91 357
357 258 1003 258
375 663 375 477
329 328 478 328 143
108 494 375
329 652 108 111 258
478 108 258
328 514 329
110 258 329
357 328 90 90
143 91 183 478
329 160 256 356
478 434 148 402 258
111 110 258
110 108 356
477 258 112
328 91 477
478 108 328
989 989 989 91 143
90 143 375
329 10 340 329
477 375 356
477 477 66
258 90 469 108
90 478 110
375 143 91 477 90
514 375 110
110 108 112
258 474 108
375 375 356
328 357 108
329 478 110
108 111 108 108
329 652 478
356 329 356
112 469 258
478 110 111 66 112
375 475 375 357
375 16 46 329
258 132 258
110 375 469 143
66 514 478
329 108 652 329
258 91 112
329 477 258 112 357
90 477 66 328
66 117 66
375 16 356
478 356 91 477
110 478
111 110 108
478 110 91 328
143 474 328 143
329 486 329 90
328 514
112 476 112 375
357 329 13 514
477 469 108
110 258 108 509 108
478 652 108 514 328
357 258
514 474 514
356 108 110 478 478
329 91 375
329 486 113 543 478
258 375 111 66
514 514 328 478 90
375 329 477 90
375 108 514
514 13 90
143 357 328
375 328 375
258 831 258 328 329
375 111 110 111
90 469 143 328 328
108 13 329
143 329 469 91 478
143 328 328
66 67 108 90 108
258 831 258 111 110
329 10 329
258 477 478 357 112
329 652 108 477
329 66 108 110
108 110 110
328 91 469 478
375 110 111 108
375 357 143
357 258 258 66
258 477 329
329 474 110 258
477 469 477
478 91 90
375 405 896 356
478 356 357
112 66 375
477 329 329
66 469 112
477 477 90
143 258 329 375
478 111 110
477 258 112 478
356 480 375
375 478 652 108 66
478 258 328 327 328
478 478 476 112 66
328 327 5 375
477 469 90 469 478
258 107 69 477 108
356 480 671 329
375 107 375
90 258 478
478 514
375 328 331 328 329
357 474 66 477
375 375 111
329 478
110 478 514
514 474 329
989 91 514 328 329
356 283 28 329
329 328 258 328
143 91 357 108 110
258 357 478
329 357 108
514 474 90
112 37 112
66 478 375
356 480 143
357 454 258 1003 258
375 111 258
143 91 989 989
329 477 90 143
258 375 357 375
357 356 112
357 91 989
356 357 328 143
90 474 663 375
143 91 110
329 477 478 110 111
108 111 478 375
478 112 476 329
108 328 328
108 301 368 112
66 90 328 90
258 477 66 258
652 478 110
108 112 469 478
477 91 514
989 91 108
329 258 87 329
356 410 329
258 66 108
108 652 419 91 112
258 112 112
112 108 143
329 91 357
375 328 108 110
66 514 66
112 469 91 477 477
258 111 108 514 375
258 111 110 375
357 107 152 355 356
652 419 91 112
90 143 90
356 329 108
108 110 258 356
989 989 329
143 143 108
108 514 66 478
258 478 110 258
66 477 66
514 474 110 478
478 375 110 111 108
111 66 258
375 475 375 90
108 110 258
258 110 258 477
478 514 66
329 476 13 306 478
111 110 111 110 108
375 91 989 329
258 831 258
112 368 112
328 478 90 477
329 405 108
258 802 129 405 143
375 478 469 112
475 375 66
258 112 357
652 108 112
258 478 90 90
989 989 989 989 989
108 90 143
475 375
66 111 108
258 198 95 143
375 357 143 18 258
375 111
66 90 108 112 357
356 375
108 477 375
357 249 17 671 357
478 111 66
375 476 108 112
110 478 329 410 356
329 424 355 16 258
477 469 91 375
478 652 108 514
90 107 183 184 329
356 108 110
477 478 357 112
329 652 108
329 469 91 356
66 477 469 477
66 469 329 989
328 258 328 478
258 802 258
110 108 478 111 66
478 258 66
328 90 328
111 478 112 108
143 90 91 90
258 328 375 356 112
66 258 111 108
66 91 328 90 108
90 11 90 258
357 478 143
258 253 932 258
375 679 375
375 357 328 328
258 22 258 357
143 328 514
112 469 90
357 486 183 211 375
258 474 142 375 112
143 469 469 211 66
90 91 477 329
375 258 258
478 143 329
477 91 514 514 478
475 375 108 494 108
329 329 108 652 329
143 325 478
110 110 111 108
258 477 90 143 90
258 91 329
258 421 255 424 357
478 91 90 329
514 91 478 108
478 91 66
108 90 108
111 478 66
108 108 111
329 410 356 112
356 142 249 357
108 110 478
110 110 478 328
258 112
329 10 143
329 254 329
143 143 143
108 356 112
108 477 478 13 514
108 69 509 356
375 111 66 480 375
357 375 328
514 514 375 91 110
258 111 110
375 258 22 258
66 111 66
652 478 329
477 478 13 514 478
328 357 328 258 111
357 82 329 108
258 474 356
356 114 356
329 478 478
258 831 258 329
328 357 328
66 215 66 328
329 258 183 286 329
328 329 91 357 108
90 375 6 375
357 108
328 258 375
478 652
66 111 478 328
66 90 375
112 258 111 478
478 329 469 66
375 329 477 90 143
356 375 108
329 652 329
143 328 560 329
356 478 477 478
66 111 258 478
143 328 66 469 90
328 91 356 356
514 108 476 258
328 478 258 258
66 91 108
356 81 375
90 62 424 109 108
375 91 477 90 329
108 328 66 477
90 477
375 91 112 469 112
143 91 183 478 652
258 478 478
328 478 110 375
66 111 110
258 18 143
258 831 258 1003 258
328 258 328 478 90
356 478 329
652 108 356
108 514 329
478 328
328 90 108 328 66
375 110 110 478 514
66 477 329
328 108
108 356 258 66
652 108 66
258 143 357
108 469 112 478
108 356 258
258 111 66
90 469 469 90
356 357 375 478 357
478 91 477
652 108 111 66
357 143 469 90
357 105 357
329 108
112 258 258
328 478 90 329
112 91 375 90
108 375 469 91 108
375 16 375
478 424 258 477 329
112 356 80 357
258 112 356
477 329 989
989 329 258 328
108 90
329 4 13 375
111 66 478 357
66 108 476 112
477 478 357
514 478 108
143 357 478
477 478 514 66
110 478 306 68 329
258 107 69 477
375 110 108 478
329 38 258
329 478 90 329
90 474 932 258 108
143 290 424 375 111
357 480 66
108 328 258 111 110
477 91 258
111 258 1003 258
66 328 328
143 469 375 258
90 469 112
328 258 375 375
108 477 90 66
66 91 110
329 64 90
111 108 93 143
375 368 375 91 258
108 494 509 183 258
143 90
375 121 478 329 356
90 329 469 91 143
143 90 329
652 513 66 258
66 474 111
111 66 90 478
514 478 514
110 111 375 475
375 107 21 329 108
143 196 199 820 143
478 328 329
258 66 90 328
329 62 454 357
328 91 258
258 802 258 66
143 340 121 612 356
329 405 108 112
112 375 112 478
478 112 896 112
90 469 478 111
329 258 831 258
328 375 110
143 375 357 328
652 108 110 478
329 671 329
90 474 477 375
356 405 143
989 989 91 477 478
66 477 90 66
356 258 112
66 112 66
112 66 477 66 328
478 13 514
112 469 91 514
375 121 478
143 108 143
108 476 375
258 831 258 112 258
989 329 371 132 258
356 357 143
328 258 1003 258
66 91 91 112
356 478 91 66
356 249 160 143
258 402 211 66 112
90 477 469 375
477 258 831 258
90 183 172 714 143
90 108 356 258 66
143 108 476 112 66
258 143 478 357
112 469 469 112
90 477 477 66
329 480 66
143 375 112 108
258 559 258
329 989 989
477 474 476 375
108 357 357 108 357
90 91 357
328 514 514
356 69 477
329 121 357 375
328 329 340 375 112
478 108 66
375 357 478
258 468 162 90
328 90 329
652 108
66 375 90
375 514 91 989
375 475 375
143 469 90
477 108 357 357
66 66 661 66
108 469 478 143
514 478 90
66 375 375
108 474 66
108 477 477 375 66
375 469 375
112 469 112
514 474 110
66 258 111
111 258 478 357
258 478 356
329 356 329
329 486 357 62 258
329 478 111
328 108 375
329 652 108 477 258
478 111 110 110 111
375 16 174 4 329
108 91 329
329 258 143
108 477 258
66 108
258 477 108
357 258 477
110 111 110 110 478
90 108 112
477 329 652 329
375 110 91 112
110 108 652
112 476 258 143 328
328 66 112 478
375 111 110 91 478
143 90 494 328 357
258 91 66
66 328 258 110
108 108 111 108
258 282 480 375
90 328 328 143
375 375 111 110
258 1003 258 110 110
90 91 306 434 478
478 375 356
475 375 112
989 91 66
108 474 66 112
108 112 258 111
375 110
356 106 295 331 328
514 329 514
478 13 329
477 469 477 469 477
143 474 478
66 984 66
477 477 375
111 108 469 375 357
375 671 81 333 652
477 474 110
478 112 112
258 160 474 469 66
514 66 478 111
514 329 989
329 989 989 989 989
356 114 417 258
478 328 357 105 329
328 514 108 971 108
110 110 111 66
258 112 375
478 183 256 357
514 66 90
112 91 112
329 477 478 110
652 108 375
112 469 143 108
258 478 110
111 375 357
112 375 108
258 469 90 477 66
329 329 329
110 478 357
329 356 357
143 258 328 375 356
66 480 66
143 325 478 477 90
143 820 93 143
357 480 142 258
110 478 328
652 419 198 258
375 258 468 162 90
108 375 478
477 477 474 110
514 66 329
356 612 306 91 258
111 110 375
328 357 258
329 477 91 478
375 90 375
328 514 514 329
329 371 405 896 112
111 108 474 91 329
108 474 90 329
90 469 258
478 91 329
477 477 375 66
328 514 91 478
108 290 108 357
357 480 92 480 375
143 357 112
375 577 375 329
477 478 112
356 183 478 108
90 258 111
328 258 258 111
258 402 349 402 258
375 62 329 478 112
514 328 375 477
478 329
110 478 514 66
357 91 112
357 91 419 652
66 91 328 90
478 111
477 469 90 108
514 66 66
357 478 328 328 329
329 306 91 143
258 108 143 474 66
329 80 357
357 328 258
108 328 258
328 66 258 476 375
357 328 514
475 375 476 112
514 108 112
258 108 509 108
329 356 258
66 91 474 91 356
143 91 110 108
258 110 110 110
375 62 357 478
258 211 258
478 477 66
66 513 66
108 67 108 328 258
478 469 478
329 290 108 112
478 112 357
143 469 329 478
111 66 112
477 469 375
258 328 329
356 474 357
111 375 112
329 469 375
258 110 110
258 91 258
66 111
110 474 357
66 478 258 143
329 66
90 469 108
477 478 143
90 328 91 90
258 375 357 375 110
90 328 91 989
375 474 375
328 514 514 328 329
110 91 90
375 112 258 110 110
112 66 215 66 328
356 290 143
357 108 143 328
258 1003 258 329
112 896 112
90 90 477
375 91 477 329
514 328 108
258 110 258 108
375 375 112 258
110 110 478 328 329
329 514 514 328
258 111 258 356 112
108 469 478
112 112 258
477 474 90 329
478 486 329
111 108 108
112 66
375 90 478 652
258 112 258 258
514 328 90
66 111 108 328 66
989 989 91 112
329 10 96 375
478 108 652
375 90 478
329 108 375
108 514 329 143
375 356 249 160 143
357 478 514
112 476 329 478 90
478 282 212 329
329 198 329
478 478 110
329 514 66 90 143
112 112 476 112 112
357 290 143
357 328 478
375 111 110 108
108 91 989 989
329 328 90
143 357 91 112 108
478 66 111 108
143 326 121 375
258 469 90 477
478 477
90 477 108 469 375
356 114 329
329 66 375
357 478 652
66 477 478
375 89 474 90
66 91 258 110 110
478 375 475
329 90 469 108
108 110 110 111 108
90 477 108 476 478
478 121 66
112 112 476 478
112 478 375
329 91 989 989
258 328
328 375 375 356
143 142 375
143 90 375
478 476 258
90 469 211 329
111 375 112 478
108 66 108 514
375 477 477
357 615 58 612 356
328 514 375 478
328 143 91 183 478
477 108 477
90 478 112 469 90
258 328 91 478
108 108 357
143 329 514
477 91 477
514 474 375
258 831 258 831 258
375 328 143
329 469 89 469 143
66 111 375
375 475 375 111
478 108 477
357 328 90
475 375 111 66 477
111 108 514
477 66 478
258 66 111 258
356 478 306 91 375
111 110 111 110
375 51 198 329
66 514 108
514 474 375 90
375 469 108
357 480 356
357 91 478
329 121 357
66 111 478 652
375 329 355 329
66 91 357 258
375 357 478 652
329 258 66
357 258 478
375 183 357
652 108 110
66 66 328
143 328 258
514 514 328 478
329 478 478 652
90 91 514
108 474 328 514 514
258 477 90 477
258 328 328 258
328 90 108 328
328 258 328
258 375 108 357
66 258 66 108
375 258 476 375
108 476 258
329 365 258
108 328 375 112
478 108 109 108
328 258 143
258 62 818 62 356
514 375 91 258
112 469 477
329 478 110 110
356 357 356
328 91 989 329
108 469 108 375
329 91 329 143
258 66 258
66 984 153 62 143
108 69 183 108 329
108 258 1003 258 110
478 477 375
478 477 91 108
143 469 329
375 230 106 329
328 258 111
258 90 328
329 469 108 143
329 652 108 111
143 82 325 21 357
375 328 90
66 91 375
478 356 375 91 357
356 356 474 110
143 329
478 110 478
110 111 375 328
258 831 258 375
108 514
652 108 477 258
258 90 474 375
478 328 143 357
357 258 477 90
357 328 143
258 91 356
357 81 460 328
329 329 652
356 612 356
90 66 478
989 91 356
112 357 478
143 90 91 90 143
112 896 375
258 477 108 652
652 108 300 329
258 469 112
108 290 108
375 258 454 258
478 91 329 478
357 328 328
329 989 91 112
375 110 258 258
514 514 108 514
143 91 477
329 469 469 90
328 143 90
356 108 111 375
356 405 892 828 356
375 108 112
478 476 112 258 478
90 108 90 258
375 108 469 108 375
329 187 663 375
90 64 90
108 110 375
478 90 375
477 375 110
90 477 91 66 477
477 108 258
328 108 69 87 329
90 478 143
112 375 108 91 477
66 474 112 356
90 477 108
478 478 110 258
478 66 477
329 66 514 375
258 1003 258 357
328 328
328 375 356 112
356 375 66
108 375 110
356 509 671 357
357 357 108
108 109 108 357
258 183 108
356 478 477 478 357
478 652 329
478 66
328 331 328 329
110 474 329
514 66 91 357 258
143 90 469 90
652 329 258
375 514 375 328
110 375 111
478 111 478
66 477 478 112
111 108 476 329
356 490 256 356
375 318 424 109 108
329 478 357
329 328 478 328
375 258 477
112 469 91 66
652 478 356 362 356
108 469 112 478 108
258 328 375 477
357 328 90 258
143 357 68 107 357
328 329 91 357
108 112 258
66 67 66
477 477 477 91 112
258 477 108 652 108
110 111 66 477
258 183 478
328 258 90 328
329 514 514 375
328 560 39 86 328
258 478 111 66
143 91 356
357 108 111
329 989 91 329
329 184 329
514 375 143
375 112 356
375 112 108
66 112 478
356 375 91 357
258 356 249 329 258
66 375
143 258 328 375
375 111 108 258 143
329 469 375 111
514 514 514 375 108
375 368 112 896 375
329 469 258 110 108
66 984 66 478
357 108 477 258
258 1003 258 110
514 514 108 514 329
66 91 258
66 514 329 989 989
258 478 357
329 340 375 112
112 108 478 477
108 478 160 67 66
989 989 989 989
329 328 478
258 559 559 258 329
108 375 514 375 328
108 258
375 368 375
375 356 478
329 355 105 612 356
90 469 143 469 375
110 110 375
478 112 469 477
514 328 329
477 375 96 329
514 478 469 91 108
112 478 357
143 328 90 477 66
108 258 143
108 91 989
329 183 69 108
258 1003 258 474 66
514 108 67 66
477 329 652
108 375 478 514
329 116 40 560 328
329 108 258
143 357 143
989 989
112 476 258
329 64 90 143
66 252 66
66 111 108 111
375 108 112 112
108 91 356
66 90 90 329
258 66 478 375
110 91 91 258
357 143 478 66
329 68 679 375
258 474 66
143 91 357 108
258 108 111 258 478
356 258 90
514 66 91 110
258 66 661 66
328 357
66 111 478 652 329
357 108 110
478 107 183 356
328 108 90
514 514 375
478 328 258
110 478 112 108 258
357 329 514 328
514 91 90
357 258 258
111 258 108
112 478 375 356
108 494 108 514
478 652 478 356
328 143 258
258 258 1003 258
110 375 329 477 90
66 258 108
328 90 108 514 66
112 66 478 652
258 454 258
514 328 357
258 477 375 478
477 108 357
375 478 652
112 469 474 375
111 258 90
478 325 420 143
357 454 357 329
90 328 375 111
375 375 90
329 576 176 478
477 91 110
356 357 328 90
143 469 90 66
111 108 652
108 91 328
108 143 328 66
356 478 143
477 258 91 989
143 328 258 143
258 365 564 190 329
329 477 108 375
108 652 478 357
329 355 356 356
90 90 86 90
328 357 329 652 478
478 143 90
143 91 90 477 258
477 375 111
478 143
110 474 478
143 405 375
66 514
514 66 478 108
90 328 143 328 478
143 329 474 110 258
110 84 478 328
375 514 514 375
108 477 329
989 989 989
375 112 66
143 91 469 90
375 110 478
357 375 478
328 357 328 258
478 66 375
111 478 108
66 48 66
112 258 143
989 91 143
357 108 90 477
90 13 357
375 90 258
329 90 108 356 258
329 258 356 108
90 108 90
652 108 514 328
108 300 371 329
112 368 375
375 514 66
108 375 478 514 66
108 91 110 111 66
329 514 328 108
375 477 375
514 375 478
514 108 474 111 375
357 480 69 108
477 469 469 375
478 329 410 356 112
111 108 477 469 90
66 469 329
143 133 493 611 66
478 91 477 90
989 91 478 652
258 90 91 258
90 108 477
477 91 110 110
66 469 211 329
375 111 375
108 477 469 90
478 514 478 478
375 258 329
375 112 258 357
108 90 477
329 896 356
357 81 424 357
112 478 375 356 478
329 477 258 112
110 478 111 108
258 110 110 111
258 110 111 478
356 258 356 478
357 143 478 66 375
477 329 90
356 357 329
514 514 375 108
90 328 460 328
478 469 66 96 375
108 109 108 329
329 367 375
514 66 478 111 66
356 282 375 143
357 328 90 90 477
108 66 338 434 356
108 356 356
108 111 66 375
258 258
356 69 187 329
329 477 478 329
478 476 329
475 375 475
108 66
478 90 90
258 90 90
143 329 357
328 90 90 477
258 478 478 652 329
90 66 328 478
112 66 514
110 375 514
66 111 108 652
110 258 66
90 474 90 66 66
478 121 480 66
108 375 514
329 328 375 375
258 328 357
90 409 90
108 478 477
108 375 375
477 478 13 514
477 375 357 478 652
143 480 375 111
258 402 211 66
66 469 112 357
258 112 66 477 329
66 111 108 469 375
375 108 477
108 329 478 110 478
475 375 112 357
66 90 90 375
478 357 143
356 474 108
478 110 478 111 66
329 652 329 477 108
90 90 66
478 514 375
478 329 410 258
90 91 110 110
108 328 258 111
112 112 375 143
111 478 356
143 143 375
477 91 478
478 469 66
258 328 357 328
143 357 480 357
66 91 258 110
66 469 143 258
478 329 410 356
478 469 112
66 96 375
478 478 652
328 375 91 477
66 469 66
108 478
652 478 91 90 329
258 110 111
329 106 329
357 329 469 478
329 474 110 108
258 417 547 165 258
66 90 143
989 91 478
258 478 258
143 90 477 91 66
652 513 66
66 108 143
112 476 112 112
90 328 478
328 478 328 143 357
375 112 112 356
356 612 356 375
477 375 478
357 404 15 211 258
258 469 108
110 91 90 143
