825 733 825 733
22 22 22
326 923 923 723 733
306 538 723 825
21 1 21 118 21
733 733 777
400 259 260
260 173 325
535 777 173 325
327 894 327 327
733 326 20
887 20 10
923 923 723 92
887 885 21 885 20
20 327 416
259 259 92
723 923 923
306 825 923 326 325
923 723 733 538
538 173 728 306
259 728 733 777
326 21 72 20
306 538 92
327 20 222 690 20
825 923 723 723 538
327 173 20
259 508 710 409 945
306 409 165 336 400
22 22 22 21
733 326 21
306 538 538 733
20 932 355 405 10
923 923 723 825
92 72 259
535 10 325
20 728 885 21 400
20 215 495 20
327 259 259 260
416 173 327
10 728 327
777 777 21 327
260 69 400 260
20 306 327
825 723 538 306
325 326
535 482 134 777
260 173 20
92 538 723 538 92
777 134 10
327 400
20 188 21 20
923 923 923 723 92
327 301 36 21
20 10 306
723 777 777
945 409 409 10
325 549 326
259 20 306
10 96 96 400 325
10 134 535 10 327
400 327 728 400
326 326 107 326 10
733 551 21
259 728 306
21 327 327 416
723 825 733 551 21
21 306 538
825 733 306
92 426 92 538
92 530 92 21
400 589 400
923 923 723 825 733
777 538 538 733 777
777 723
538 538 538 326
260 173 326
259 173 20
723 538 733 923
733 420 326
327 945 325 409 326
723 923 825
538 733 777
923 923 723 733 825
21 551 723 723
538 777 777 554 777
327 259 92 80 20
92 728 92
327 10 326 538 777
20 306 825 923 923
21 560 21
260 728 173 249 21
887 887 20 260
10 324 10 400
777 69 678 549 306
21 184 513 21
923 923 733
259 89 260
21 728 327 306 21
92 20 327
825 723 538
92 72 20
325 509 306
92 259 818 259
72 21 885 21
400 21 551 723 723
723 825 923
306 825 923 923 825
306 121 615 615 21
923 825 723 92
20 22 20 728 885
306 327
92 723 733 306
20 409 20 885 21
260 400 327
885 21 128 327
723 723 92 127 259
21 306 141 327
10 325 306 326
538 306 733
327 733 777 777
538 538 538 306
327 326
259 400
306 728 400
306 62 17 173 260
326 923 733 327 306
260 92 259
723 733 825
885 20 885 887 887
887 92 887
326 549 326
923 825 923 723 923
20 259 400
881 96 326
887 20 728 20 885
923 723 923 723 825
400 309 905 311 260
733 326 538 723 723
21 820 327 400
400 21 551 723
20 728 92
10 535 777
777 535 10 20
538 723 825
327 259 327
10 260
10 20 887 885
733 777 538 538
327 400 68 20
260 260 260 92
21 287 20 326
92 530 538
326 549 146 21
327 160 66 329 306
259 106 222 467 21
887 885 887 887 885
825 733 825
21 287 21
20 715 20
21 787 21 306 326
92 434 21 715 20
326 327 733 538 92
733 923 825 306
92 538 733 538
21 129 81 20 92
733 723 777 535 10
306 329 405 256 10
21 21 327
22 21 21 21
260 325 508 189 21
400 74 260
327 733 923 923
723 723
538 733 327 945 325
326 326 92
538 538 173 728 306
92 520 21 10
20 260 260 10
858 306 325
327 173 10
723 173 325
10 329 306
887 885 887 885
20 885 887
538 498 538 538 538
723 733 306
325 327 21
306 327 21 259
538 92 72 524 72
260 173 400
890 890
92 723 723 777
72 92 72
723 723 923 825 733
881 96 20
825 723 723
306 400 173 21 326
306 306 733 326
723 92 723 306 400
777 733 777 862 777
92 530 92
400 678 92 400 306
21 327 10
825 923 923 825
723 825 923 733
260 509 10
400 92 127 20
260 92 68 92
400 327 259
538 326 326
777 723 538 92 72
306 141 306
825 923 326 92 260
975 971 10
259 536 287 549 325
259 327 327 945 327
535 10
21 300 12 638 10
777 971 416
416 327 728 885 887
20 885 20
777 259 400
945 327 945 327 327
259 92 728 733 923
259 92 20
326 20 20
327 306 20
885 20 887
733 327 416
92 20 92 887 887
894 327 400
723 538 733 923 723
923 825 723 306
20 68 400 222 21
21 92 538
400 173 21 22
733 728 733 777 10
723 723 733 306 325
72 259 327
538 777 723 733
326 92 72
923 923 825 923 723
325 69 259
723 92 92
733 923 326
326 160 496 11 327
92 728 733 327 325
923 825 733 538
723 923 723 306 858
21 41 173 21
20 260 259 72
923 923 825 723 92
885 21 885 728 20
20 188 21
777 134 777
259 519 21
10 777 538 777 777
72 20 885
21 728 260
10 728 400 327
326 923 723 825 923
538 723 777 538 92
92 80 21
777 723 777 862 777
327 259 327 326
20 20 400
416 327 20
10 434 89 211 21
923 825 923 733 825
325 549 473 326 325
259 728 327
72 21 326 326
733 733 723 733
326 169 329 106 885
260 260
400 10 306
416 327 327
777 535 10 21
20 459 549 818 259
21 422 21
306 327 728 400
777 862 777 538 326
259 728 10
777 723 825 723
327 326 92 72
923 825 733 825 923
723 538 723 306
326 92
72 92 259
20 68 400
894 327 728 535
825 733 777 259 259
92 887
259 818 259 259
92 80 21 329 21
20 106 932 326 92
825 923 733 777
723 923
22 127 259 728 733
400 327
723 777 538 92 22
20 21 306
92 434 100 92
723 825 723 733
327 10 777 538
945 945 327 325
723 92 127 259
887 887 887 887 885
777 535 728 260
733 327 10
306 327 96 881
327 259 777 733 923
22 137 21
260 10 327
326 409 20 306
22 22
260 325 962
259 519 259
259 519 106 885
777 173 723 723 306
538 538 306 538
327 326 923
923 825 733 777 723
10 96 96 400
538 326 389 326
20 327 173 538
21 72 259
538 326 20
21 400
887 885 728 21
777 777 538 723 723
723 92 728 10
20 223 223 20
325 10 777 10
538 538 733
20 260 260 400
260 173 260 400
20 424 68 92
923 923 825 923 326
325 82 326
20 20 306
885 887 20 21
887 20 72 524 72
306 306 825 923
22 20 400
259 92 80 20
325 10 325 962
326 538 92 72
538 92 887
306 160 326
21 885 887 887 92
326 923 923 825 723
306 20 887
723 306 538
733 728 10
890 890 890 890 890
923 723 777 10
887 20 887 92
923 733 728 10
92 723 733
400 10 400
306 10
923 825 923 733
327 20
260 325 962 958 962
777 777 21
72 21 326
327 20 21
325 325 260 21
535 134 535 10
306 69 777
723 777
21 363 21
327 160 36 127 21
400 327 327 894
777 69 10
326 306 733
10 69 777 10
21 690 20
923 825 733 551 21
325 340 10
723 825 306
326 10 777
538 723 551 21
21 173 260
21 127 22 21
21 230 20
326 420 81 166 21
72 524 72 524 72
733 728 535
885 887 887 885
21 520 20
962 325 260
21 885 728 10
20 327 21
535 10 327
400 260 728 173 20
72 259 260 400
923 723 733 327
306 366 10
21 92 723
825 306 825
400 728 21
723 777 535 10
723 733 538 538
885 21
400 260 21
327 400 260 728 260
92 160 92
20 287 21
858 306 10
325 10 777
923 733 326
306 28 21
259 260 20
733 538 538 777
10 728 306 858
20 326 326
733 327 306
538 723 723 306
538 530 538 92 72
306 825 923 825 306
327 173 723
923 825 723 825 723
325 260 21
10 324 10 325
10 509 400 306
326 121 143 482 535
733 728 733 538
326 155 326
326 173 538
723 733 728 259 777
10 86 223 173 538
923 723 173 306
21 28 21
923 723 777
20 400 10
325 10 728 400
723 538 92 538 733
777 538 92 260
416 173 400
306 327 416 327
535 164 535
306 215 400 400 400
260 74 259
825 306 400 306
259 728 885 21
22 92 887 885
777 10 20
306 327 326 923 825
535 10 777
733 551 723 723
259 400 260
21 260 400 400
524 72 259 20
923 923 723 92 400
327 894 327 326 733
733 326 306
535 13 118 21 325
21 467 152 21 21
20 690 400
72 92 887 20 887
20 92 887 887 20
20 20 259 327 306
306 20 22
825 733 825 923 733
326 733 825
10 86 525 11 10
327 107 173 260
259 400 400 260
306 733 728 535 10
733 733 825 923
326 96 91 306
20 887 887 887 20
327 96 867 134 10
20 10 509 400 306
20 259 327 306
923 733 777 538 538
538 723 825 306 326
10 326 538 733
21 146 1 121 326
10 326 538
327 733 326 21
72 92 538 733
92 72 21
306 326 92
21 287 68 20
538 777 554 777
21 260 248 260
945 945 325 10
945 945 327 325 10
72 259 92
538 777 777 723 777
400 260 508 259 92
260 259 92
733 538 733
21 686 21 325
325 325 400
306 64 733
327 400 21 400
72 524 72 21
887 887 887 887 887
326 325
326 13 535 777
325 306 858 306
21 375 21
887 20 260 325
327 128 118 326
92 426 92
733 728 259 777 538
306 329 10
777 538 538 306
326 923 733 728 10
400 306 21
733 327 306 825
325 945 327 20
325 945 945 327
326 306 733 326
733 551 509 325
887 20 92 22
326 173 22
10 300 121 10
885 21 259
20 10
538 723 825 733 777
881 96 20 21
10 325 945 327
21 282 21
326 733 326
325 508 325
538 733 327 306
325 173 20
21 92 22
306 723 723 733 733
327 327 306 538
890 890 121 21
887 885 887
777 340 612 42 20
326 923 923 923
72 92 887 20
306 81 225 215 400
21 83 140 409 20
306 538 777
325 409 326 923
10 434 10
10 325 962
326 733 538 538 538
777 535 13 535
777 538 723 733
326 92 887 885 20
326 923 923 923 733
21 259 72
777 10 260 400
20 287 20
326 306 327 416
962 958 962 325 306
923 825 733 326
733 551 723 723 92
887 887 887
326 92 538 733
92 260 400
22 11 400
400 260
326 733
20 327 10 777
723 923 733 825 923
923 326 20
10 777 10 306
22 21 287 21
327 327 400
326 326 923 723 825
21 885 728 21
20 409 20
325 260 508 260
885 21 400
325 400 400 92
260 173 535
92 723 923 733
10 326 306
259 728 10 327 733
306 538 538
733 923 733 777
260 325 21
10 20 22
21 728 327
20 68 287 21
326 169 326 923
777 10 306 326
733 923 825
400 173 121 20
777 733 538 306 538
21 325 21
723 923 923 923
20 887 887 20 72
327 894 327 733 777
535 340 134 10 326
10 260 259
538 538 733 326
306 306 825
777 733 538 326
92 127 22
259 92 21
326 538 498 538
923 326 306
20 137 20
92 480 564 564 10
777 538 777 862 777
825 306 825 733 327
21 169 326
10 69 69 325
327 325 327
887 885 887 885 887
326 326 326 306
21 329 20 400
538 777 862 777
325 971 777
92 260
260 20 22
326 10 21 260
524 72
923 733 825 923 923
327 20 72
894 327 326 325
21 480 107 306
10 260 92 22
20 887 20 22
260 311 420 105 10
327 10 326
723 733 777
416 327
259 92 728 733
723 306 325
894 327 20
538 777
20 560 400 21 22
723 733 825 923
723 777 538 733 327
923 923 825 733 723
416 327 894 327
923 326 733
825 733 723 538
962 958 509 325 326
885 887 885 728 21
10 21 260 400
21 327 10 777
923 923 825 733 777
777 733 733 326
777 862 777 733
20 326
10 434 253 259 400
306 326
20 86 259 92
777 733 538 538 326
945 409 20
723 538 777 733 538
259 259 72 92
92 72 524
723 923 825 733 723
538 173 21
326 10 327
259 400 259
326 10 21 260 400
21 551 723 723 733
327 894
10 69 184 106 885
92 400 20 260
260 400 260
538 733 923 723 733
306 327 306
400 260 10
777 340 10
416 173 327 20
21 22 92 21
21 20 259
733 733 825 923 326
327 327 945
260 728 535 777 259
825 923 825 723
327 945 327 20
858 306 825 723
325 325 325
260 248 260
10 36 93 260
962 325 400
538 733 923 723
92 20 885 887 885
327 327 894 327 894
21 187 21
400 306 327
22 21 21
923 733 306 858
885 728 260
10 728 20
10 728 20 20
306 400 74 400
733 327 306 10
10 260 325 400
400 68 20
306 728 733
825 733 777 259
92 22
535 134 777
733 923 723 777 10
327 728 733 825 306
723 92 11 20
21 327 733
259 400 259 260
22 22 20
326 10 728 327 21
10 325
259 259 818 92
260 260 21
326 325 325
259 536 20 92
733 538 326
92 728 327
259 69 325
260 259 728 92
21 72 20
733 723 546 723
92 887 885 20
858 306 733 327
10 535 554 482 777
306 825 733
327 945 327 327
259 508 10
21 728 92
327 945 327 728 885
825 733 825 733 923
327 894 327 325
10 400 10
777 723 723
20 536 259
733 777 538
10 160 44 550 306
92 723 306
885 20 326
72 106 42 21
10 326 538 733 923
535 173 173 416
887 887 885 887 92
306 327 10
723 777 21
10 324 10
723 825 733 733
92 818 65 325 21
306 327 416
21 325 260
20 282 10 325
400 306 20 21
306 825 723 733
535 173 728 92
327 326 20
260 20 10
777 777 862 777
723 92 173 260
400 400 69 777 21
825 923 733 825
733 327 945
326 20 259
21 346 21
92 336 400 400
260 248 260 89 259
326 20 327 416
723 825 723 538
535 728 173 184 21
400 92 72 20
538 733 538
259 728 10 777
21 480 480 62 306
325 962
733 777 862 777
260 259 260
306 825 723 733 306
21 260 260
723 733 825 733
538 723 777
92 538 306
20 92 96 259
733 538 538 538 92
20 86 259
538 723 825 306
723 733 923 723 923
306 825 923 326
325 327 400 68 20
723 551 733
975 971 190 296 21
858 306 538 723
20 327
21 160 327 894
326 118 326
10 21 728 92
326 64 89 259
21 329 20
92 728 400
777 419 249 327
20 222 690 20
260 728 327
923 923 825 923 923
20 259 777
20 885 728 260
325 69 260
306 538 733
326 20
92 152 86 777
962 325 260 10 21
733 923 923 723 92
923 326 325 260 259
10 134 535 10
21 327 326 326
327 96 881 96 259
535 10 260 325 400
306 825 723 825
259 69 260
21 885 728 92
21 327 733 64 326
326 20 887
327 10 260
306 733 327
327 306 21
887 887 885 728 92
10 20 173 20
20 22 520 92
306 306 733 327 10
259 519 106 885 887
538 777 862 777 10
538 723 306 538
306 20 306
21 306 538 326
887 885 728 259
306 733 723 723
887 885 728 885 20
723 733 327 894 327
326 10 325
733 923 733 326
945 327 400
21 695 259
72 20 560 400 21
326 20 887 885
538 538 530 538
306 728 92
306 21 325
92 173 22
20 259 92 887
10 535 173 327
733 723 923 733
259 127 92
733 723 538
10 300 173 259
21 777 538 723
327 141 249 329 10
723 733 728 259
20 92 92
400 20 260
327 325 400 690 21
260 92 887 885
20 695 259 777
777 733 306
524 72 259 92
92 92 326
20 260 92
72 259 400
723 923 825 306
21 327 306
21 13 304 87 21
325 962 958 962
923 825 733 723 538
327 894 327 894
21 10 325 326
327 259 72 21
92 260 325
962 958 962 325 327
326 10 20
21 20
21 74 690 400
20 86 20 695 259
10 20 306
306 113 306
326 473 326
92 520 21
777 733 326 538
326 549 64 69 260
20 329 82 10 260
306 400 309 511 306
325 962 325 327
21 715 20 885 21
10 173 306
923 825 923 723 733
260 297 215 20
306 400 400
327 325
21 259 777
524 72 311 72
21 624 21
10 326
825 733 326 325
327 733 64 325
20 80 92
400 327 326
733 327 728 327
259 96 325
777 340 777
92 723 551 21
703 703
22 520 22
326 326 327 10
538 498 538
92 336 92
10 36 127 105 21
21 480 74 21
923 923 326 733
92 723 825 923 723
20 327 259
885 21 728 400 92
923 825 723 777
723 92 400 21
306 400 173 21
326 923 825 733 723
723 923 723 825 306
326 533 20
858 306 825 723 723
962 325 69 10 21
723 825 306 326
260 10 105 21
400 21
733 538 538 326
326 538 530 538
723 306 858 306 538
21 127 92 259
962 958 69 325
306 858 306 327 21
894 327 306
326 92 260 173 325
777 862 777 134 10
21 189 287 92
306 825 733 327 416
10 728 306 858 306
885 887 92 20 327
259 260
923 825 923 923 825
733 64 325
858 306 400
259 400 690 400
887 92 818 65 325
10 777 21 72
259 260 311 72 524
21 115 21
894 327 733 923
400 86 777 535
400 173 21
325 306 612 306
327 20 259
306 325
325 327 894
306 327 416 327 306
538 306 733 723
21 21 10
535 554 777
538 733 327
777 723 126 723 92
326 10 306
327 10 20
327 325 400
306 64 10
887 887 885 887 885
733 538 326 733 777
10 327 10
923 923 825
400 336 133 400
260 173 728 327
20 92 22
259 92 815 64 306
325 173 327 733 923
326 327 894 327
325 69 10 21
259 400 10
260 325 10 325 962
538 306 538
887 887 20 21
885 887 20 695 20
887 885 21
21 92 72 524
21 173 260 400
733 777 10
325 143 10
538 723 538 92
20 690 400 259 260
733 777 723 306
723 777 538
777 733 733
538 777 733 538 326
10 400 92 538
259 86 765 498 92
260 728 20 306 327
777 259 327 327
21 820 327
21 728 21
259 400 20
825 733 825 723
945 945 945 945 327
21 160 327 894 327
535 777 259
777 538 538 733
92 326 20
92 259 777
259 327 400 327
92 21 624 21
21 22 22
21 820 205 86 306
524 72 106 42 21
22 173 20
306 733 538 326
723 723 538
325 326 10
92 723 733 723 92
733 326 326
21 278 405 340 10
260 325 400
538 777 777
538 733 923 825 306
327 306 325 260
325 971 971 723
72 106 885
733 777 21
325 306 858
21 222 315 495 20
400 69 259
327 173 723 923
416 327 10
259 695 259
326 538 173 416
92 678 92
20 127 20
306 28 160 306
733 326 538 92
723 733 825 733 777
325 260 173 20
92 538 326
10 325 260 92
777 862 777
400 728 327 20
723 777 259 400
733 825 923
306 728 885 728 400
325 260 10 21
259 327 400
306 733 723
10 509 10
962 325 10
20 62 474 420 20
21 375 356 106 72
20 145 300 21
21 42 671 42 20
923 723 825 923
777 21 92 538
22 92 538
92 723 551 723
21 551 733 777
327 733 306
10 325 326
260 20 72
825 723 92 11 20
10 173 233 173 326
327 325 962 325
327 5 462 21
21 173 92
923 733 825 923
260 92
327 21 259
21 22 92
326 538
22 258 932 326
733 777 538 777
259 92 22
923 723 92 400
259 777 733 923
723 923 923 923 326
20 887 20
20 137 174 21
400 20 259
858 306 825 723 923
538 92 728 20
535 164 16 68 306
326 145 21 64 325
723 923 825 723
72 92 538
723 538 723
10 260 325 962
733 923 326 20
10 327
887 887 885 887
733 306 325 325
306 733 923 326
975 971 325 326
306 733 538 326 733
22 137 21 72
894 327 894
21 301 22 92 326
535 340 134 10
10 306 825 923
20 259 21
306 733 326
325 10 777 10 306
733 825 923 825 923
20 259 327
306 478 329 21
400 11 21
327 21 728 885
21 728 885 887 92
20 715 69 10
306 538 538 723 538
733 733 728 306
10 777
923 733 825 923 825
400 21 72
777 538 733 733 723
20 728 535
858 306
733 306 723 92 72
400 10 325
326 327 10
327 325 173 327
733 923 326 326
306 858 306 858
327 733 306 325
327 96 91 306
259 327 325 400
325 65 581 21 259
923 733 538 326 20
260 728 92
858 306 858
723 126 723
10 340 777
259 69 325 400
326 325 325 945 327
326 923 923 723
92 723 733 723
825 733 923 326
10 728 327 21
923 923 825 923
325 10 325
733 538 733 327
22 92 21
538 92 260 20
20 695 259 92
260 728 260 10
535 728 327
923 825 306 400 306
20 173 20
260 297 259
92 887 887 887
962 325 21
535 728 259 72 92
723 92 723 306
20 728 535 134 777
733 306
259 127 259 21
306 400 728 92
326 173 777
21 329 91 306
259 92
10 326 92
400 260 400 21
21 551 723
400 260 259 327
21 375 21 21
962 325 69 10
723 825 923 723 777
923 923 923
535 173 260
885 21 128 327 327
260 259
325 327 894 327 733
975 971 325
21 787 21 325
325 306 728 733
326 409 197 86 326
326 923 733
733 825 733
260 325 400 400 92
733 538 92 21
92 723 923 825 723
21 495 21
777 777 259
400 259 21
20 329 495 21
72 524 72 259 20
20 72 21
259 92 530 92 72
306 69 400 306 326
326 325 260
327 20 885
733 923 923 923
326 173 777 554 535
325 260 259
538 538 723
22 20 327 21
306 825 306 327
733 723 777
327 306 426 306
400 92 538
923 723
327 820 21
21 72 92
259 96 325 10
306 733 728 10
21 329 486 327
20 260 20 10
92 152 21
327 945 945 327
21 287 20
21 259 537 20
945 409 325
20 259 259
10 777 862 777
21 260 508 260
777 173 68 400
20 20 145 21
306 325 260 259
962 325 260 69 400
10 11 358 73 259
535 728 306
260 331 482 64 306
723 923 923 825
885 728 885
825 923 825 923 733
21 128 327 327
825 723 923 733
92 72 311 69 777
20 259 818 259
92 173 21
21 695 316 537 20
535 13 118 21
260 69 777
825 923 733 326 306
535 173 535 173 21
535 728 259
92 11 20
20 121 84 615 21
259 259 400 92
21 301 22 92
259 327 400 327 259
20 188 20 22
10 82 681 86 92
885 106 259
92 723 538 326
92 887 885 887 92
885 887 885 20
400 327 20
21 519 259 327
20 20 10
400 509 260
20 92
400 400 306
723 538 723 825
327 728 20 20
326 326 92 72
259 72 259 260 400
723 777 259 327 327
22 11 21
535 13 535
21 686 22
885 20 10
777 134 173 21
20 92 434 21
92 480 21
327 945 409 20
733 306 326
20 536 287 21
20 728 20 885
538 326 326 923 723
20 22
260 89 259 72
327 945 945 945
887 885 728 885
923 326 326
92 530 538 733
733 306 327 945
400 260 728 260 10
887 885 728 733 306
923 733 825
923 326 325 260
260 20 690 20
20 887 885 728 259
72 20 560 400
21 72 524
21 326 173 10
260 728 733 825
21 365 21 728 885
723 538 92
538 733 923 825
723 92
306 728 21
538 723 825 733
326 326 306
92 326 327 733 326
327 325 306 858 306
825 723 173 728 535
733 733 723 923
20 728 885 887
723 923 723 306
10 20 20
326 306 306 733
20 87 253 20
733 923 825 923
777 419 642 87 21
306 538 538 306
20 92 20 885
21 96 400 306
777 971 416 327
733 538 723 923 923
962 958 509 259 260
945 327 327
777 733 723 538 306
92 530 538 733 327
326 549 473 509 260
20 459 21
723 733 923
10 434 253 259
20 695 20
306 5 327
10 777 10 777
326 327 733 326
325 971 971 723 825
259 260 92
723 723 733 306
894 327 733 777
72 524 72 20
325 260 259 72 259
21 325 962 958 962
400 20 21
825 923 733 326
327 894 327 20
538 733 326
723 733 306 325 325
327 10 405 105 327
538 538 777 21
326 923 733 327
21 22 21 92
306 733 825
260 10 20
400 309 549 325
325 420 21
825 923 923 825 733
21 728 21 787 21
777 538 723 723
327 728 885
306 366 20
825 923 923 723
259 173 68 21
306 538 723 825 306
20 971 416
723 923 923 723
325 327 416 173 400
326 326 326
777 538 723
325 306 825 723
10 13 10
20 74 21
327 21 715 20
733 327 325
887 885 20 11 21
306 825 306
923 923
777 733 723 538
92 538 777 554 777
92 498 777
923 733 327 306
21 520 22
327 325 306 858
733 923 825 723 538
10 777 21
21 325 400 10
21 10
400 74 259
327 325 962
327 728 885 887
306 538 723 173 327
325 306
723 551 733 923 923
923 326 325
92 92 92 260
10 638 10
887 92 22
325 962 325 326
923 723 733 326
325 945
538 538 538 92
535 173 92
21 326 327 894
10 777 723
723 723 777 21 92
923 733 538 326
92 137 22 22
733 723 923
777 173 325
21 885 887 885
894 327 327 306 538
92 530 92 72
962 325 327
306 858 306 858 306
962 958 962 958 962
400 105 508 259
945 327
21 274 21
20 326 533 20
260 728 21
72 524 72 92 259
92 728 306
945 327 733 825
538 326
92 723 923 825 306
21 695 20
885 728 92
10 326 538 306
260 259 327 325
777 259 327
825 723 173 325
538 723 538
306 723 306
777 538 306
20 887 885 728 885
400 92 728 21
325 962 958 962 325
259 536 287 21
777 862 777 21 260
538 723 923 923
777 69 260 92
777 733 326
260 173 20 728 535
885 887 92
327 306
21 222 400 306
777 535 10 260
21 551 723 777 535
777 971 723 723
21 355 107 280 21
858 306 327 21
416 327 728 96 400
20 72 92 434 92
21 885 728 535
400 400 92
777 482 777 21
259 259 260
400 96 92
733 923 723 923 326
733 538 306
887 887
325 945 327
327 325 13 10
400 81 301 173 416
327 733 923 326 306
777 723 825 306
723 825 733 538 306
538 777 733 327
20 462 21
535 777 134 777
21 314 21
777 777
21 92 723 306
538 723 723
306 327 326 923
326 923 825 923
306 434 184 508 10
21 728 885 728 21
260 259 327
733 777 777
326 169 326
524 72 92 72 92
21 306 400
723 923 825 723 306
326 409 326
962 325 945 327
21 173 325
259 253 20
306 478 328 143 326
327 733 825
10 69 259 327 325
885 887 20
923 825 923 733 306
259 92 887
21 728 306
306 733 64 10
21 127 22 92
20 327 945 327 20
400 20
306 256 10 777
21 5 486 21
416 173 96 327
733 538 326 20 887
733 728 400
885 728 327
723 971 325 21
21 22 686 22
20 287 69 260
21 365 21
887 92 11 400
825 723 777
92 105 326
923 723 825 733 326
326 173 92
259 92 538 538 777
92 513 92 86 21
92 259 818 259 259
21 152 128 300 10
885 887 885
723 923 825 733
887 92 20 327
777 173 538 777
327 327 945 327
535 777 554 777
306 733 777 723
326 306 326
21 409 325
259 777 723
306 728 733 825 923
20 329 10
259 21 21
327 11 92 326 10
887 887 92 11 400
923 723 733 728 259
259 72 524 72 21
535 10 400
400 69 10
259 259 327
885 887 887 887 20
887 885 887 887 92
72 106 885 728 327
400 222 911 81 306
538 538 530 538 538
923 733 306 858 306
92 20 287 536 20
21 325 400
400 260 259 327 325
10 400 728 259
825 723 173 325 400
723 777 733
962 325 400 21
260 92 21
22 21 68 400
327 894 327 10
894 327 325 400
885 887 885 728 400
21 777 173 538 777
825 733 327 327
92 72 92
400 327 306
21 36 86 259
825 733 538 173 21
20 887 887
326 923 923 923 923
325 327 400 21
21 624 21 400
92 86 306 858
400 259 259 695 259
723 723 923 825 723
881 96 728 260
327 20 92
92 96 728 92
92 723 733 326
777 733 825
777 538 733 733
538 733 326 733 326
20 885 887 887 887
21 325 549 326
326 20 887 887
400 678 92 400
733 538 538 538 326
260 10
259 327 327
325 306 825
259 400 92
10 971 10
723 92 400
20 92 20 885 887
306 366 10 306
92 336 260
10 260 20
400 728 259
723 173 728 535
890 890 890
885 728 20
259 777 538 530 92
327 326 92
326 538 173 173 10
325 260 260 325
20 326 114 215 306
326 21 72
825 923 825
723 777 10
723 538 777
326 20 326
327 105 326
825 306 400
723 825 733
260 10 327 728 306
777 21 327 733
259 96 369 96 400
538 733 733 723 923
326 92 538 733 306
20 728 885 887 887
20 329 82 10
325 400 690 21
400 69 473 327
923 723 923 825
327 96 881
733 825 923 923
400 92
92 723 923 825
400 325 326
327 10 326 538
72 311 260
325 260 69 400 260
400 106 551 733
306 825 723
538 92 20
524 72 524 72 524
21 787 21 364 21
22 20 885
890 121 647 82 20
327 728 260
733 728 733 777
20 21 777 259
326 20 20 10
325 10 325 962 325
400 21 327 945
20 287 21 22
20 62 355 137 22
21 300 21
325 327 894 327
400 21 22
887 885 887 885 21
400 86 777
306 825 923 723 923
92 100 92
10 20 887
260 260 728 20 306
733 923 733
327 259 69 325 400
21 74 366 134 10
327 306 10
777 862 777 10
327 259 92
21 92 22 22 22
260 728 535 10
259 327 327 416
777 554 134 535
21 581 21
92 678 274 46 21
538 777 723 306
260 10 260
92 728 20 10
72 92
538 92 21
260 400 21
72 524 72
10 96 881
260 728 733
20 173 326
858 306 327
326 326 923 923
325 96 338 434 306
92 538 777 733
723 923 733 825
325 945 327 733
538 92 520 21
327 82 46 210 21
887 20 480 20
10 400 92
538 723 777 538
400 96 20
535 554 482 777 259
260 173 306
21 405 158 564 10
723 173 154 152 21
825 923 733 327
22 127 92 259
923 723 733 327 894
723 551 723 777
538 306 128 340 10
733 777 733 777
10 400 728 259 92
20 83 259
260 69 715 20 21
325 10 777 538
306 409 20 72
92 20 72 20
92 259 92 20
21 364 21
259 777 777
777 733 777 723
962 958 962 325 326
777 538 777
260 10 326 306
733 728 260
723 825 733 825 723
21 188 74 260
22 173 92
10 325 327 894 327
92 400
777 21 92
524 72 20
400 10
326 538 733 923 825
325 82 10
327 259 728 92
326 10 326
825 723 923 326 92
723 733 777 723 825
21 92 723 306 10
22 20 327
92 22 92 400
777 733 538 538
10 509 400
894 327 728 733
92 20 92 887
306 434 92
21 363 518 152 21
326 326 10
733 825 723 723
260 325 10 325
326 20 137 20 21
723 551 21 260
733 723 538 306
21 259 728 885 21
416 173 777 535
21 106 690 21
327 20 20
20 282 248 301 327
890 890 890 890
306 325 325 400
92 127 166 520 22
538 92 887 887
92 22 21
259 509 400
260 248 74 20
306 326 473 326
260 248 259
733 777 259
21 325 326
777 21 260
733 777 419 249 327
923 723 923 923 825
538 723 538 92 538
21 259 21 966 21
259 509 306
538 777 971 400
326 326 20
416 173 728 535
92 513 652 513 92
327 326 105 589 400
887 885 20 326
20 400 21
21 303 80 80 20
10 777 535 554 535
92 887 887 20 21
327 733 923 923 825
400 728 10
10 638 495 62 306
962 325 96 245 326
306 327 10 326 538
92 326 10
326 92 92 678 92
723 825
21 327 400 20
524 72 524
92 260 92
22 173 728 10
923 825 723 538
92 728 733 327
538 723 173 327
400 21 671 690 400
325 327 325 327
260 509 958 962 325
21 551 733
524 72 21 728 885
887 885 887 20 21
20 260 311 72
259 818 259 400
20 327 733
885 21 259 537 20
22 11 324 10
259 260 325
400 306 733 777
887 887 887 20
20 188 20
326 327 259
21 212 87 20
327 733 777 535
945 325 10
326 173 306 733
777 777 554 777
10 89 10
10 777 777
72 311 72
825 733 538 538
325 327 325
923 923 923 723
723 825 733 825
259 728 260
306 733 825 723
777 419 249 820 21
92 20 715 21
259 20 259
887 20 282 10 325
327 326 923 825 923
538 733 327 945
260 400 400
923 825 733 538 733
825 923 733 733
326 424 21
733 825 723 173 325
327 173 22
92 887 20
733 825 923 825 723
326 327 259 92
327 327 10
306 538
535 728 400
777 733 825 923
825 733 538 733
21 283 121 890
733 326 325
887 20 282 10
326 538 92 22
306 256 10
326 923 825 723
825 923 723 733
10 260 325
723 306 400
326 326 92 72 524
885 887 887 92
723 733 723 92
538 777 733 538
306 366 494 169 326
825 306 10
326 10
21 327 20
538 498 538 777
260 92 887 885 887
825 923 723 923
723 92 21
325 65 86 259 400
22 20 20
777 723 825
10 20 22 520 92
777 538 733 327
21 728 885 20
723 825 923 326
325 326 143 42 20
777 554 777
10 777 862 777 733
21 647 21 422 21
723 825 733 538
777 259 777 538 92
777 971 325
326 733 326 409 20
327 416 173 96 327
306 728 306 400
327 416 327 400
538 777 777 723
21 885 887 20
535 728 260
306 549 82 10
327 894 327 327 306
723 733 923 723
72 92 68 400
260 92 887
21 272 21
259 260 92 72
923 825 923 825 723
10 326 326 327
733 923 825 723
327 945 945
327 416 173 400
326 326 326 306 327
400 971 10
10 13 535
723 733 733 923 326
975 971 723
538 733 923
21 489 212 357 21
733 723 538 723
777 733 733 326 20
20 118 326 326
538 723 777 134 777
825 306 400 728 92
825 723 538 92
325 143 325 327
400 260 400
72 524 72 259
733 326
260 728 92 326
259 728 535 173 260
325 327 945
400 260 728 260
260 173 538
327 326 733 326
259 173 260 400
326 107 326 10
21 327 327
92 22 20
535 728 306 327
21 424 340 325
923 825
306 733 777 733
723 538 538 306
945 327 96 91 306
21 405 115 366 10
21 20 106 885
733 923 733 777 538
535 728 885
20 11 530 538
21 715 20 885
923 923 723 923 825
923 723 92 723
20 282 20
20 728 306 256 306
92 336 92 728 400
326 327
20 230 282 21
887 20 72 524
259 537 20
72 259 92 728 733
538 538 723 538
962 958 962 325 260
945 325 409 326
92 92 92 260 92
20 271 283 21
260 92 400
723 538 92 538
887 20 259
723 733 326 538 92
259 72 92 400
538 733 306
327 733 538
21 72
260 336 92
400 306 326 92
260 508 325 325
326 923 723
923 825 733 777
326 160 20
20 885 887 887 20
825 923 326
825 723 306
327 733 728 259
538 777 862 777 21
327 10 325
325 69 679 69 777
400 260 20 22
259 728 20
733 327 416 173 259
327 259 695 21
885 20 885 887
327 728 733
923 825 723 538 723
535 728 260 92 22
885 887 887 92 723
326 92 326
260 728 20
733 923 723 777
538 498 538 777 777
945 945 325
325 306 326
326 87 132 152 92
10 400 306
777 733 723 733
327 259 72
21 306 325
326 538 92
326 326 107 326
306 20 327
21 885 887 92
923 825 306
22 20 145 300 21
92 20 695 211 21
306 858 306 141 327
535 554 777 21
923 733 538
259 127 259
723 723 777 21
923 923 825 723 777
923 723 126 723
945 327 259 259
21 329 68 21
524 72 259 536 20
72 259 21
306 325 260
327 327 325
10 638 126 211 21
259 173 535
723 733 733
306 327 894 327
306 825
306 325 326
21 222 315 17 21
723 538 326 389 326
327 733 733
858 306 326
